3
1012 511 61.5385
1012 430 68.5714
1012 293 65.3846
0 14
1 0
2 0
3 8
4 32
5 43
6 48
7 10
8 20
9 25
10 45
11 35
12 45
13 28
14 47
15 40
16 32
17 36
18 43
19 23
20 31
21 23
22 27
23 28
24 39
25 24
26 18
27 20
28 25
29 16
30 28
31 14
32 14
33 12
34 13
35 17
36 8
37 7
38 10
39 7
40 9
41 1
42 4
43 4
44 5
45 1
46 3
47 2
48 5
49 3
50 2
51 1
52 4
53 0
54 4
55 0
56 1
57 0
58 2
59 1
60 1
61 0
62 1
63 0
64 0
65 0
66 1
67 0
68 0
69 1
70 0
71 0
72 0
73 0
74 0
75 0
76 0
77 0
78 0
79 0
80 0
81 0
82 0
83 0
84 0
85 0
86 0
87 0
88 0
89 0
90 0
91 0
92 0
93 0
94 0
95 0
96 0
97 0
98 0
99 0
100 0
101 0
10
5217
