15
1083 1049 66.6667
1083 1033 60.3774
1083 953 65.7143
1083 944 65.6716
1083 928 60.3175
1083 891 62.5
1083 715 67.6471
1083 661 61.8182
1083 607 72.7273
1083 558 67.7966
1083 518 63.5294
1083 283 61.5385
1083 208 61.0169
1083 114 62.2222
1083 50 70.3704
0 1
1 0
2 0
3 1
4 6
5 6
6 1
7 8
8 23
9 20
10 22
11 12
12 21
13 19
14 22
15 19
16 38
17 25
18 38
19 34
20 35
21 27
22 40
23 27
24 36
25 35
26 38
27 26
28 39
29 30
30 37
31 34
32 36
33 34
34 15
35 29
36 21
37 16
38 21
39 19
40 15
41 9
42 13
43 11
44 12
45 11
46 6
47 9
48 16
49 6
50 12
51 2
52 8
53 5
54 3
55 6
56 3
57 0
58 4
59 4
60 1
61 2
62 3
63 2
64 1
65 0
66 2
67 1
68 2
69 0
70 0
71 1
72 0
73 1
74 0
75 0
76 0
77 0
78 0
79 0
80 0
81 0
82 0
83 0
84 0
85 0
86 0
87 0
88 0
89 0
90 0
91 0
92 0
93 0
94 0
95 0
96 0
97 0
98 0
99 0
100 0
101 0
11
6015
