18
1038 958 77.4194
1038 957 60.4651
1038 900 71.7949
1038 883 66.6667
1038 691 62.8571
1038 676 61.1111
1038 632 65.1163
1038 570 62.2222
1038 502 62.8571
1038 487 78.7879
1038 341 60.6061
1038 281 66.6667
1038 263 66.6667
1038 224 64.7059
1038 194 61.1111
1038 97 60.6061
1038 85 62.5
1038 83 65
0 0
1 0
2 0
3 0
4 0
5 0
6 0
7 1
8 1
9 1
10 2
11 2
12 4
13 5
14 8
15 6
16 8
17 14
18 16
19 20
20 24
21 13
22 12
23 22
24 37
25 47
26 38
27 28
28 33
29 33
30 43
31 29
32 60
33 39
34 42
35 27
36 31
37 41
38 39
39 27
40 43
41 14
42 30
43 26
44 15
45 13
46 8
47 16
48 18
49 15
50 24
51 2
52 8
53 11
54 3
55 7
56 2
57 4
58 0
59 6
60 1
61 3
62 2
63 4
64 0
65 2
66 1
67 3
68 0
69 0
70 0
71 0
72 1
73 0
74 0
75 0
76 0
77 0
78 1
79 1
80 0
81 0
82 0
83 0
84 0
85 0
86 0
87 0
88 0
89 0
90 0
91 0
92 0
93 0
94 0
95 0
96 0
97 0
98 0
99 0
100 0
101 0
9
5497
