16
1034 944 69.0476
1034 926 68.2353
1034 895 68.2353
1034 825 67.3684
1034 585 60.2151
1034 513 67.9612
1034 416 64.4444
1034 345 62.8571
1034 334 60.9524
1034 315 61.3861
1034 267 62.3377
1034 186 63.0137
1034 173 64.1026
1034 134 63.4615
1034 51 60.7595
1034 32 67.3077
0 0
1 0
2 0
3 1
4 0
5 1
6 1
7 7
8 0
9 5
10 5
11 1
12 3
13 13
14 7
15 11
16 21
17 15
18 12
19 13
20 29
21 21
22 34
23 30
24 31
25 27
26 24
27 30
28 26
29 32
30 46
31 30
32 29
33 34
34 24
35 45
36 33
37 35
38 29
39 35
40 29
41 17
42 33
43 21
44 17
45 11
46 19
47 10
48 16
49 13
50 16
51 7
52 12
53 11
54 8
55 8
56 9
57 6
58 9
59 2
60 3
61 3
62 1
63 2
64 2
65 2
66 0
67 0
68 3
69 2
70 1
71 0
72 0
73 0
74 0
75 0
76 0
77 0
78 0
79 0
80 0
81 0
82 0
83 0
84 0
85 0
86 0
87 0
88 0
89 0
90 0
91 0
92 0
93 0
94 0
95 0
96 0
97 0
98 0
99 0
100 0
101 0
11
5455
