41
1079 1027 66.6667
1079 980 62.7451
1079 918 68.5714
1079 909 60.241
1079 893 60
1079 887 66.6667
1079 864 61.5385
1079 852 60
1079 831 60.4167
1079 797 64.6465
1079 754 61.3636
1079 734 62.963
1079 733 60.5505
1079 702 61.2245
1079 699 61.5385
1079 668 61.2245
1079 637 61.0526
1079 612 70.9677
1079 610 60.9524
1079 603 64.5161
1079 556 65.2632
1079 551 66.6667
1079 545 67.4699
1079 539 64
1079 533 65.3061
1079 431 62.9213
1079 428 73.6842
1079 415 71.9101
1079 346 61.7284
1079 296 68.6869
1079 276 65.3061
1079 273 64.2202
1079 250 60.9524
1079 196 61.7284
1079 157 60.2151
1079 113 62
1079 112 63.8298
1079 80 67.3469
1079 72 60.7595
1079 62 64
1079 8 60
0 0
1 0
2 0
3 0
4 1
5 0
6 2
7 3
8 0
9 10
10 2
11 1
12 11
13 4
14 7
15 12
16 13
17 8
18 18
19 18
20 13
21 21
22 21
23 11
24 19
25 19
26 22
27 21
28 39
29 30
30 31
31 44
32 21
33 42
34 28
35 32
36 37
37 31
38 36
39 32
40 31
41 18
42 36
43 30
44 25
45 24
46 26
47 18
48 30
49 24
50 8
51 8
52 21
53 11
54 11
55 11
56 12
57 9
58 13
59 5
60 9
61 7
62 9
63 3
64 3
65 3
66 3
67 3
68 2
69 2
70 0
71 1
72 1
73 0
74 1
75 0
76 0
77 0
78 0
79 0
80 0
81 0
82 0
83 0
84 0
85 0
86 0
87 0
88 0
89 0
90 0
91 0
92 0
93 0
94 0
95 0
96 0
97 0
98 0
99 0
100 0
101 0
13
5973
