11
1167 1081 60.8696
1167 1031 60.9756
1167 1016 64.8649
1167 818 63.0435
1167 792 62.3377
1167 596 62.5
1167 588 67.7419
1167 476 63.0435
1167 277 65.9794
1167 192 65.0602
1167 31 64
0 2
1 0
2 0
3 7
4 15
5 1
6 2
7 12
8 29
9 11
10 22
11 13
12 32
13 19
14 26
15 37
16 38
17 31
18 39
19 40
20 42
21 23
22 37
23 43
24 49
25 31
26 23
27 34
28 40
29 30
30 35
31 30
32 34
33 31
34 27
35 21
36 23
37 17
38 29
39 22
40 21
41 7
42 23
43 13
44 12
45 5
46 14
47 12
48 6
49 6
50 10
51 1
52 6
53 5
54 6
55 2
56 0
57 2
58 3
59 2
60 2
61 2
62 0
63 2
64 3
65 1
66 2
67 0
68 1
69 0
70 0
71 0
72 0
73 0
74 0
75 0
76 0
77 0
78 0
79 0
80 0
81 0
82 0
83 0
84 0
85 0
86 0
87 0
88 0
89 0
90 0
91 0
92 0
93 0
94 0
95 0
96 0
97 0
98 0
99 0
100 0
101 0
13
7027
