36
1302 1269 64.9351
1302 1263 60
1302 1249 60.6061
1302 1174 66.6667
1302 1108 71.6981
1302 1104 61.2903
1302 1099 61.5385
1302 1093 64.2857
1302 1050 62.1622
1302 1002 70.1299
1302 950 61.8182
1302 945 63.4921
1302 892 62.5
1302 882 65.5738
1302 869 60.6061
1302 800 68.4211
1302 794 60
1302 774 60.7143
1302 747 60.7143
1302 644 61.9718
1302 584 61.9718
1302 541 60
1302 526 71.2329
1302 505 70.1299
1302 493 66.6667
1302 411 75
1302 366 60.4651
1302 342 66.6667
1302 305 60
1302 248 65.4545
1302 240 66.6667
1302 239 63.6364
1302 125 64.6154
1302 80 60
1302 79 71.875
1302 47 73.2394
0 0
1 0
2 0
3 0
4 1
5 0
6 2
7 0
8 3
9 5
10 2
11 2
12 7
13 7
14 4
15 9
16 16
17 12
18 20
19 7
20 23
21 25
22 30
23 16
24 30
25 26
26 37
27 26
28 34
29 37
30 50
31 35
32 35
33 39
34 49
35 27
36 37
37 45
38 31
39 30
40 55
41 23
42 41
43 25
44 40
45 28
46 36
47 14
48 35
49 22
50 33
51 19
52 22
53 26
54 14
55 15
56 18
57 10
58 11
59 14
60 10
61 5
62 5
63 2
64 2
65 3
66 2
67 4
68 0
69 1
70 0
71 2
72 3
73 0
74 1
75 1
76 0
77 0
78 0
79 0
80 0
81 0
82 0
83 0
84 0
85 0
86 0
87 0
88 0
89 0
90 0
91 0
92 0
93 0
94 0
95 0
96 0
97 0
98 0
99 0
100 0
101 0
14
8829
