4
137 104 62.7451
137 82 63.1579
137 27 60.8696
137 2 60
0 0
1 0
2 0
3 0
4 0
5 0
6 0
7 0
8 0
9 0
10 0
11 1
12 0
13 0
14 1
15 1
16 0
17 0
18 1
19 2
20 3
21 2
22 4
23 4
24 5
25 4
26 2
27 6
28 4
29 0
30 6
31 1
32 8
33 3
34 4
35 3
36 7
37 6
38 4
39 7
40 3
41 0
42 2
43 4
44 3
45 2
46 4
47 2
48 4
49 3
50 2
51 3
52 0
53 1
54 4
55 2
56 2
57 0
58 0
59 1
60 2
61 1
62 0
63 1
64 1
65 0
66 0
67 0
68 0
69 0
70 0
71 0
72 0
73 0
74 0
75 0
76 0
77 0
78 0
79 0
80 0
81 0
82 0
83 0
84 0
85 0
86 0
87 0
88 0
89 0
90 0
91 0
92 0
93 0
94 0
95 0
96 0
97 0
98 0
99 0
100 0
101 0
1
42
