2
147 57 68.4211
147 21 66.6667
0 1
1 0
2 0
3 1
4 1
5 1
6 1
7 3
8 1
9 3
10 2
11 1
12 1
13 2
14 1
15 5
16 4
17 1
18 6
19 3
20 6
21 3
22 3
23 2
24 6
25 5
26 7
27 6
28 7
29 4
30 4
31 2
32 5
33 5
34 1
35 4
36 2
37 2
38 1
39 3
40 5
41 0
42 1
43 3
44 4
45 2
46 1
47 1
48 2
49 3
50 1
51 2
52 2
53 1
54 0
55 0
56 0
57 0
58 0
59 0
60 0
61 0
62 0
63 0
64 0
65 0
66 0
67 1
68 0
69 1
70 0
71 0
72 0
73 0
74 0
75 0
76 0
77 0
78 0
79 0
80 0
81 0
82 0
83 0
84 0
85 0
86 0
87 0
88 0
89 0
90 0
91 0
92 0
93 0
94 0
95 0
96 0
97 0
98 0
99 0
100 0
101 0
1
52
