45
1681 1648 62.963
1681 1639 60.3774
1681 1556 63.8298
1681 1548 62.069
1681 1543 63.4921
1681 1499 60
1681 1490 60
1681 1479 61.2245
1681 1475 65.5738
1681 1468 67.8571
1681 1433 64.1509
1681 1385 63.4146
1681 1380 61.0169
1681 1361 65.5172
1681 1353 73.6842
1681 1341 61.5385
1681 1264 60.6061
1681 1172 60.3175
1681 1142 61.9048
1681 1035 62.069
1681 998 73.913
1681 913 62.8571
1681 806 71.1111
1681 770 62.5
1681 769 70.3704
1681 743 61.9048
1681 739 66.6667
1681 725 62.5
1681 677 64.2857
1681 666 66.6667
1681 662 67.7966
1681 617 67.7419
1681 573 63.8298
1681 512 66.6667
1681 510 65.3846
1681 496 63.1579
1681 445 61.5385
1681 343 62.069
1681 340 65.4545
1681 225 68.0851
1681 218 70.5882
1681 172 65.5738
1681 87 60.6061
1681 83 61.2245
1681 15 65.3846
0 0
1 0
2 0
3 0
4 0
5 0
6 0
7 0
8 1
9 5
10 10
11 4
12 4
13 4
14 11
15 21
16 19
17 10
18 22
19 29
20 43
21 25
22 24
23 34
24 50
25 41
26 39
27 37
28 45
29 50
30 49
31 54
32 48
33 47
34 49
35 64
36 39
37 44
38 45
39 43
40 68
41 31
42 66
43 38
44 53
45 39
46 36
47 40
48 31
49 22
50 50
51 12
52 26
53 21
54 27
55 14
56 10
57 18
58 11
59 3
60 11
61 4
62 7
63 7
64 5
65 2
66 6
67 3
68 3
69 1
70 0
71 2
72 1
73 0
74 2
75 0
76 0
77 0
78 0
79 0
80 0
81 0
82 0
83 0
84 0
85 0
86 0
87 0
88 0
89 0
90 0
91 0
92 0
93 0
94 0
95 0
96 0
97 0
98 0
99 0
100 0
101 0
16
15040
