68
1780 1776 63.8298
1780 1768 61.8182
1780 1727 60.9756
1780 1685 67.2131
1780 1661 69.1589
1780 1653 61.6822
1780 1630 62.963
1780 1624 66
1780 1621 73.5043
1780 1609 60.6557
1780 1601 61.9048
1780 1589 66.6667
1780 1578 64.5833
1780 1557 62.5
1780 1493 68.4211
1780 1463 64.7059
1780 1357 65.9794
1780 1347 62.1849
1780 1324 73.7864
1780 1278 62.963
1780 1244 61.9048
1780 1223 69.3878
1780 1210 66.0194
1780 1196 62.5
1780 1175 62.7119
1780 1073 63.6364
1780 1057 68.9076
1780 1036 75.7282
1780 1024 61.5385
1780 996 62.1359
1780 988 60
1780 966 62.3853
1780 955 62.2642
1780 896 65.4206
1780 891 68.8889
1780 871 72.8972
1780 853 62.7451
1780 801 68
1780 792 63.9175
1780 695 73.0769
1780 680 60.4651
1780 647 62.6263
1780 615 65.5172
1780 613 60
1780 610 60
1780 608 65.4867
1780 596 68.9655
1780 569 68.5185
1780 518 72.0721
1780 484 62
1780 481 60.9524
1780 476 62.5
1780 475 65.9341
1780 401 64.8649
1780 378 61.0526
1780 345 61.4035
1780 283 63.7363
1780 251 73.5849
1780 244 71.6667
1780 229 62.2642
1780 192 64.0777
1780 176 65.9341
1780 171 64.9123
1780 134 61.9469
1780 113 60.9524
1780 100 66.055
1780 33 60.7143
1780 5 66.6667
0 0
1 0
2 0
3 0
4 0
5 0
6 0
7 0
8 0
9 1
10 0
11 5
12 6
13 2
14 11
15 9
16 13
17 16
18 16
19 15
20 40
21 14
22 23
23 35
24 40
25 32
26 42
27 39
28 49
29 50
30 37
31 60
32 57
33 48
34 52
35 50
36 76
37 49
38 69
39 61
40 44
41 41
42 59
43 37
44 58
45 48
46 54
47 37
48 31
49 36
50 32
51 27
52 37
53 31
54 18
55 18
56 17
57 16
58 19
59 20
60 17
61 6
62 9
63 13
64 4
65 5
66 7
67 4
68 2
69 5
70 2
71 0
72 1
73 2
74 4
75 0
76 1
77 0
78 0
79 0
80 0
81 0
82 0
83 0
84 0
85 0
86 0
87 0
88 0
89 0
90 0
91 0
92 0
93 0
94 0
95 0
96 0
97 0
98 0
99 0
100 0
101 0
22
16916
