19
1772 1741 62.5
1772 1734 66.6667
1772 1718 80
1772 1594 65.3846
1772 1335 62.5
1772 1228 63.1579
1772 961 63.8298
1772 849 63.7681
1772 836 74.2857
1772 741 60.8696
1772 696 60.3774
1772 509 61.5385
1772 479 72
1772 245 61.9048
1772 137 68
1772 132 61.1765
1772 54 60.8696
1772 49 65.625
1772 29 60
0 0
1 0
2 0
3 1
4 3
5 4
6 1
7 0
8 8
9 17
10 10
11 11
12 20
13 25
14 27
15 28
16 29
17 22
18 61
19 39
20 57
21 33
22 58
23 42
24 64
25 59
26 43
27 65
28 53
29 54
30 66
31 45
32 66
33 56
34 36
35 52
36 63
37 44
38 46
39 32
40 60
41 29
42 43
43 26
44 19
45 23
46 25
47 23
48 34
49 11
50 24
51 11
52 16
53 17
54 11
55 8
56 11
57 6
58 5
59 3
60 8
61 3
62 3
63 2
64 3
65 0
66 2
67 1
68 1
69 0
70 0
71 0
72 1
73 0
74 0
75 1
76 0
77 0
78 0
79 0
80 1
81 0
82 0
83 0
84 0
85 0
86 0
87 0
88 0
89 0
90 0
91 0
92 0
93 0
94 0
95 0
96 0
97 0
98 0
99 0
100 0
101 0
19
16754
