35
1813 1807 68.4211
1813 1782 63.1579
1813 1744 61.9048
1813 1711 63.8298
1813 1683 60.4651
1813 1682 62.5
1813 1671 66.6667
1813 1649 74.2857
1813 1591 62.5
1813 1565 65.4545
1813 1502 64.7059
1813 1401 66.6667
1813 1323 68.0851
1813 1261 62.8571
1813 1209 62.8571
1813 1197 64
1813 1187 61.9048
1813 1146 60
1813 1125 68.2927
1813 1115 71.7949
1813 1016 62.069
1813 921 61.9048
1813 769 61.2245
1813 760 66.6667
1813 739 60.8696
1813 735 70.8333
1813 725 65.1163
1813 633 69.5652
1813 543 70
1813 497 60.4651
1813 445 70.5882
1813 390 63.1579
1813 40 66.6667
1813 37 62.5
1813 21 61.5385
0 1
1 0
2 0
3 1
4 0
5 0
6 7
7 0
8 5
9 2
10 4
11 9
12 18
13 15
14 13
15 12
16 24
17 31
18 28
19 27
20 42
21 33
22 50
23 48
24 65
25 60
26 40
27 51
28 80
29 54
30 56
31 58
32 64
33 68
34 58
35 61
36 39
37 55
38 57
39 51
40 61
41 29
42 47
43 39
44 37
45 31
46 33
47 26
48 29
49 25
50 30
51 7
52 15
53 22
54 8
55 13
56 10
57 6
58 14
59 5
60 4
61 3
62 5
63 6
64 4
65 1
66 2
67 4
68 0
69 3
70 2
71 2
72 1
73 0
74 0
75 1
76 0
77 0
78 0
79 0
80 0
81 0
82 0
83 0
84 0
85 0
86 0
87 0
88 0
89 0
90 0
91 0
92 0
93 0
94 0
95 0
96 0
97 0
98 0
99 0
100 0
101 0
18
17573
