21
1988 1973 68
1988 1935 61.9048
1988 1928 62.5
1988 1865 60
1988 1857 63.3333
1988 1775 75
1988 1663 60.4651
1988 1472 66.6667
1988 1409 60.8696
1988 1232 61.9048
1988 1165 69.7674
1988 752 85
1988 686 62.7451
1988 607 66.6667
1988 504 66.6667
1988 396 78.2609
1988 259 65
1988 203 70.2703
1988 151 60.3774
1988 110 60
1988 84 68.0851
0 1
1 0
2 0
3 0
4 0
5 2
6 13
7 1
8 10
9 15
10 18
11 17
12 25
13 21
14 25
15 38
16 47
17 38
18 42
19 51
20 64
21 36
22 72
23 62
24 66
25 62
26 39
27 68
28 81
29 63
30 70
31 48
32 68
33 52
34 67
35 59
36 35
37 50
38 51
39 52
40 62
41 22
42 58
43 35
44 34
45 25
46 20
47 16
48 19
49 14
50 28
51 8
52 16
53 17
54 12
55 12
56 16
57 4
58 7
59 6
60 8
61 3
62 2
63 2
64 1
65 1
66 0
67 3
68 1
69 1
70 1
71 1
72 0
73 0
74 0
75 1
76 0
77 0
78 0
79 1
80 0
81 0
82 0
83 0
84 0
85 1
86 0
87 0
88 0
89 0
90 0
91 0
92 0
93 0
94 0
95 0
96 0
97 0
98 0
99 0
100 0
101 0
18
21264
