56
1957 1927 72.9412
1957 1841 64
1957 1809 64.8649
1957 1754 61.1111
1957 1734 61.7647
1957 1716 67.7966
1957 1643 65.8228
1957 1582 60.6742
1957 1554 65
1957 1549 66.6667
1957 1545 62.1622
1957 1515 62.1622
1957 1495 60.9756
1957 1483 80.6452
1957 1457 62.5
1957 1431 75.4098
1957 1419 64.5161
1957 1342 64.8649
1957 1304 62.1622
1957 1299 63.8889
1957 1290 73.0159
1957 1170 66.6667
1957 1130 64.2857
1957 1110 64.2857
1957 1029 74.1935
1957 1019 60.3774
1957 1014 75
1957 926 63.8889
1957 925 60.3774
1957 903 60.274
1957 855 65.6716
1957 809 69.8413
1957 690 61.1111
1957 660 62.6263
1957 654 63.6364
1957 641 75.7576
1957 631 73.6842
1957 601 63.8889
1957 555 61.9048
1957 513 60
1957 508 65.7895
1957 507 60.6061
1957 500 61.2903
1957 477 61.1111
1957 414 63.7681
1957 406 66.6667
1957 384 61.9718
1957 379 65.8824
1957 332 62.2222
1957 258 68.1319
1957 221 61.9718
1957 220 62.1622
1957 129 61.0169
1957 88 64.7059
1957 51 69.697
1957 48 61.5385
0 0
1 0
2 0
3 0
4 0
5 2
6 0
7 1
8 7
9 2
10 1
11 1
12 9
13 3
14 4
15 11
16 21
17 17
18 14
19 13
20 39
21 26
22 29
23 29
24 47
25 55
26 30
27 44
28 51
29 48
30 53
31 42
32 63
33 65
34 55
35 54
36 64
37 58
38 54
39 54
40 94
41 35
42 66
43 61
44 50
45 55
46 61
47 53
48 41
49 40
50 51
51 24
52 32
53 35
54 31
55 26
56 20
57 17
58 13
59 18
60 12
61 6
62 10
63 7
64 6
65 7
66 4
67 3
68 1
69 1
70 2
71 0
72 0
73 1
74 2
75 2
76 2
77 0
78 0
79 0
80 0
81 1
82 0
83 0
84 0
85 0
86 0
87 0
88 0
89 0
90 0
91 0
92 0
93 0
94 0
95 0
96 0
97 0
98 0
99 0
100 0
101 0
20
20582
