41
1984 1955 61.1111
1984 1881 62.069
1984 1793 61.6822
1984 1761 66.6667
1984 1647 64.1509
1984 1613 61.0526
1984 1518 66.6667
1984 1480 61.9048
1984 1469 61.0526
1984 1407 61.7021
1984 1405 62.8571
1984 1248 60.5505
1984 1206 60.5505
1984 1179 62.9213
1984 1121 75.2294
1984 1074 68.8889
1984 1050 60.2151
1984 1021 64.8148
1984 1007 64.7619
1984 967 60.2151
1984 935 76.6355
1984 917 61.6822
1984 840 62.3656
1984 805 64.7059
1984 798 64.1509
1984 757 64.2857
1984 614 62.5
1984 610 66.0377
1984 554 62.5
1984 535 73.3333
1984 533 66.6667
1984 501 71.5596
1984 485 63.5294
1984 480 60.177
1984 452 60.274
1984 336 62.6506
1984 299 61.5385
1984 264 60.9524
1984 130 60.7143
1984 69 66.6667
1984 8 61.5385
0 0
1 0
2 0
3 1
4 0
5 0
6 2
7 1
8 2
9 10
10 6
11 4
12 11
13 6
14 7
15 17
16 10
17 19
18 30
19 22
20 35
21 36
22 38
23 37
24 46
25 51
26 43
27 59
28 59
29 70
30 59
31 79
32 55
33 71
34 57
35 59
36 67
37 47
38 66
39 53
40 60
41 48
42 55
43 45
44 55
45 48
46 51
47 49
48 38
49 37
50 40
51 22
52 28
53 32
54 16
55 23
56 11
57 16
58 14
59 14
60 5
61 8
62 9
63 7
64 1
65 6
66 0
67 5
68 0
69 1
70 0
71 0
72 1
73 0
74 1
75 0
76 1
77 1
78 0
79 0
80 0
81 0
82 0
83 0
84 0
85 0
86 0
87 0
88 0
89 0
90 0
91 0
92 0
93 0
94 0
95 0
96 0
97 0
98 0
99 0
100 0
101 0
23
21175
