22
2004 1863 61.5385
2004 1849 60
2004 1779 64.2857
2004 1773 70.1754
2004 1745 77.2727
2004 1744 60.8696
2004 1636 61.5385
2004 1588 77.2727
2004 1570 61.0169
2004 1486 68.75
2004 1387 61.0169
2004 1218 60.4651
2004 1028 61.2245
2004 876 79.2453
2004 764 69.5652
2004 760 69.5652
2004 617 65.5738
2004 537 60
2004 336 61.8182
2004 327 62.5
2004 299 66.6667
2004 266 66.6667
0 0
1 0
2 0
3 0
4 0
5 9
6 9
7 4
8 18
9 10
10 30
11 25
12 29
13 25
14 46
15 58
16 46
17 27
18 58
19 52
20 97
21 34
22 68
23 53
24 67
25 72
26 46
27 65
28 66
29 48
30 74
31 55
32 73
33 45
34 62
35 61
36 43
37 24
38 48
39 47
40 49
41 17
42 33
43 32
44 30
45 28
46 14
47 28
48 39
49 15
50 21
51 10
52 14
53 7
54 6
55 22
56 6
57 0
58 7
59 2
60 9
61 2
62 6
63 1
64 0
65 1
66 1
67 2
68 0
69 1
70 2
71 1
72 0
73 0
74 0
75 0
76 0
77 0
78 2
79 0
80 1
81 0
82 0
83 0
84 0
85 0
86 0
87 0
88 0
89 0
90 0
91 0
92 0
93 0
94 0
95 0
96 0
97 0
98 0
99 0
100 0
101 0
22
21620
