51
2045 2004 61.9048
2045 2002 60.8696
2045 1926 64.8649
2045 1896 77.7778
2045 1878 60.4651
2045 1849 61.1111
2045 1842 64
2045 1838 61.8182
2045 1802 61.9048
2045 1773 67.9245
2045 1745 65
2045 1711 68.0851
2045 1707 74.2857
2045 1681 65.1163
2045 1637 66.6667
2045 1577 66.6667
2045 1475 60.7143
2045 1432 61.1111
2045 1386 66.6667
2045 1385 66.6667
2045 1332 66.6667
2045 1222 60.4651
2045 1189 61.1111
2045 1187 66.6667
2045 1146 60
2045 1028 66.6667
2045 999 61.2245
2045 998 63.4146
2045 958 62.8571
2045 844 71.1111
2045 770 65.1163
2045 764 61.9048
2045 739 65.2174
2045 669 68.4211
2045 595 64.8649
2045 537 60.7143
2045 519 65.4545
2045 512 60.4651
2045 398 62.7451
2045 388 60.8696
2045 385 68.1818
2045 336 62.7451
2045 331 61.1111
2045 327 68.1818
2045 320 63.8298
2045 299 61.0169
2045 294 65.3846
2045 286 61.1111
2045 246 70
2045 182 66.6667
2045 56 62.963
0 0
1 0
2 0
3 0
4 0
5 0
6 2
7 0
8 1
9 2
10 4
11 7
12 11
13 7
14 11
15 13
16 18
17 32
18 18
19 25
20 35
21 32
22 50
23 53
24 53
25 54
26 36
27 51
28 86
29 54
30 83
31 62
32 55
33 64
34 78
35 66
36 56
37 65
38 85
39 73
40 79
41 20
42 64
43 59
44 53
45 43
46 48
47 41
48 48
49 28
50 39
51 11
52 25
53 21
54 10
55 18
56 9
57 8
58 12
59 9
60 7
61 7
62 11
63 4
64 3
65 3
66 5
67 8
68 1
69 4
70 1
71 0
72 1
73 0
74 0
75 1
76 0
77 0
78 1
79 0
80 0
81 0
82 0
83 0
84 0
85 0
86 0
87 0
88 0
89 0
90 0
91 0
92 0
93 0
94 0
95 0
96 0
97 0
98 0
99 0
100 0
101 0
21
22536
