153
2062 2055 62
2062 2048 61.5385
2062 2046 64.3478
2062 2040 62.0155
2062 2039 66.087
2062 2030 66.087
2062 2017 64.7619
2062 2011 64.1509
2062 1958 63.8655
2062 1947 60.5505
2062 1943 63.9344
2062 1929 62.8099
2062 1890 66.129
2062 1876 62.069
2062 1870 60.1942
2062 1864 61.2613
2062 1838 60.1942
2062 1835 68.3333
2062 1829 69.9187
2062 1822 60.5505
2062 1799 65.5462
2062 1793 60.1626
2062 1790 63.2479
2062 1784 63.0631
2062 1783 65.1163
2062 1774 62.0155
2062 1763 65.5738
2062 1752 62.5
2062 1750 60.3175
2062 1743 60.1942
2062 1740 65.6
2062 1713 62.3853
2062 1705 67.2269
2062 1690 73.0435
2062 1667 60.8696
2062 1619 63.8655
2062 1618 61.5385
2062 1617 65.3846
2062 1576 62.3853
2062 1565 62.1359
2062 1543 64.1509
2062 1528 60.5042
2062 1525 62.2642
2062 1521 70.4918
2062 1497 63.9344
2062 1495 62.069
2062 1471 60
2062 1469 61.2613
2062 1453 64.7619
2062 1436 63.2479
2062 1434 71.5447
2062 1424 61.3861
2062 1420 64.5161
2062 1377 61.2903
2062 1355 62.2951
2062 1342 61.1111
2062 1336 68.9076
2062 1298 67.2131
2062 1285 61.157
2062 1257 62.069
2062 1248 70.4
2062 1236 60.3774
2062 1231 63.8655
2062 1208 62.963
2062 1206 72
2062 1193 61.7886
2062 1173 69.3548
2062 1164 64.8649
2062 1150 62.5
2062 1146 63.2653
2062 1128 60
2062 1123 63.0769
2062 1121 62.4
2062 1114 60.3774
2062 1102 66.1017
2062 1098 64.4628
2062 1091 60.7143
2062 1085 64.0777
2062 1081 62.9032
2062 1076 64
2062 1071 62.5954
2062 1053 66.087
2062 1048 64.4068
2062 1043 64.1509
2062 1042 61.9469
2062 1021 66.129
2062 1004 62.4
2062 989 62.5
2062 980 62.1849
2062 978 68.2927
2062 977 63.4921
2062 973 62.2951
2062 947 64.2202
2062 935 60.1626
2062 917 61.7886
2062 908 67.1875
2062 896 60.5042
2062 880 65.6489
2062 875 62.5
2062 866 70.229
2062 831 65.4867
2062 830 60.1942
2062 824 66.0377
2062 805 64.4068
2062 797 65.5172
2062 795 62.2951
2062 793 62.6866
2062 784 66.1417
2062 781 68.9076
2062 775 78.9916
2062 762 61.157
2062 742 67.2131
2062 733 66.6667
2062 724 61.5385
2062 714 66.129
2062 688 62.5
2062 685 60.177
2062 666 60.5505
2062 665 60.6557
2062 650 65.4545
2062 644 60.3774
2062 614 67.1875
2062 610 60.6557
2062 609 70.9677
2062 586 61.2613
2062 581 60
2062 576 60.1504
2062 575 60.177
2062 571 71.1864
2062 553 61.5385
2062 549 67.7966
2062 542 65.0407
2062 532 61.4035
2062 521 61.157
2062 514 70.4918
2062 496 60
2062 478 63.3333
2062 457 65.6489
2062 429 63.9344
2062 391 74.7967
2062 382 65.6489
2062 372 68.4685
2062 285 62.6087
2062 223 61.9469
2062 210 67.7686
2062 209 63.1579
2062 204 61.9469
2062 171 65.0794
2062 157 63.6364
2062 156 63.7931
2062 94 62.1849
2062 87 71.5596
2062 56 62.7451
0 0
1 0
2 0
3 0
4 0
5 0
6 0
7 1
8 1
9 0
10 0
11 0
12 1
13 1
14 2
15 3
16 2
17 4
18 5
19 3
20 15
21 9
22 11
23 7
24 22
25 22
26 12
27 35
28 21
29 47
30 31
31 39
32 49
33 42
34 63
35 57
36 65
37 47
38 77
39 47
40 100
41 44
42 94
43 59
44 51
45 74
46 54
47 72
48 73
49 55
50 69
51 49
52 52
53 37
54 45
55 41
56 44
57 44
58 46
59 41
60 27
61 22
62 20
63 28
64 17
65 13
66 13
67 10
68 7
69 5
70 2
71 5
72 4
73 0
74 1
75 1
76 0
77 0
78 0
79 1
80 0
81 0
82 0
83 0
84 0
85 0
86 0
87 0
88 0
89 0
90 0
91 0
92 0
93 0
94 0
95 0
96 0
97 0
98 0
99 0
100 0
101 0
27
22913
