37
2226 2085 60.4651
2226 1998 61.9718
2226 1957 75
2226 1938 60.4651
2226 1809 62.5
2226 1716 65.3061
2226 1616 65.1163
2226 1554 60
2226 1483 76.9231
2226 1440 60.3774
2226 1431 82.3529
2226 1299 61.2903
2226 1290 64.1509
2226 1224 62.1622
2226 1170 61.9718
2226 1130 69.5652
2226 1054 68
2226 1019 74.4186
2226 1014 64.5161
2226 903 60.3175
2226 809 67.9245
2226 787 62.5
2226 725 68.0851
2226 670 62.2951
2226 641 60.7143
2226 631 63.8298
2226 630 76
2226 483 68
2226 446 66.6667
2226 414 61.0169
2226 410 66.6667
2226 406 64
2226 129 61.2245
2226 81 65.1163
2226 57 61.5385
2226 30 71.4286
2226 27 68.0851
0 1
1 0
2 0
3 0
4 1
5 8
6 1
7 2
8 6
9 6
10 30
11 15
12 10
13 25
14 22
15 46
16 38
17 18
18 45
19 33
20 66
21 48
22 70
23 39
24 70
25 85
26 62
27 68
28 55
29 55
30 98
31 76
32 67
33 74
34 59
35 74
36 57
37 54
38 62
39 62
40 87
41 35
42 49
43 52
44 59
45 38
46 30
47 27
48 35
49 24
50 32
51 15
52 19
53 18
54 11
55 9
56 12
57 6
58 12
59 6
60 5
61 5
62 6
63 4
64 2
65 2
66 3
67 2
68 3
69 2
70 1
71 0
72 1
73 0
74 0
75 2
76 1
77 1
78 0
79 0
80 0
81 0
82 0
83 1
84 0
85 0
86 0
87 0
88 0
89 0
90 0
91 0
92 0
93 0
94 0
95 0
96 0
97 0
98 0
99 0
100 0
101 0
19
26866
