5
225 218 62.6866
225 215 60.7143
225 175 60.8696
225 170 69.7674
225 89 60.7143
0 0
1 0
2 0
3 0
4 0
5 1
6 0
7 2
8 0
9 0
10 3
11 0
12 3
13 2
14 0
15 3
16 4
17 2
18 3
19 1
20 4
21 3
22 7
23 5
24 5
25 6
26 9
27 6
28 12
29 9
30 7
31 11
32 8
33 5
34 5
35 8
36 6
37 4
38 6
39 3
40 5
41 5
42 7
43 7
44 4
45 4
46 9
47 6
48 2
49 3
50 1
51 0
52 1
53 4
54 2
55 2
56 0
57 0
58 1
59 3
60 0
61 3
62 0
63 1
64 0
65 0
66 0
67 0
68 0
69 0
70 1
71 0
72 0
73 0
74 0
75 0
76 0
77 0
78 0
79 0
80 0
81 0
82 0
83 0
84 0
85 0
86 0
87 0
88 0
89 0
90 0
91 0
92 0
93 0
94 0
95 0
96 0
97 0
98 0
99 0
100 0
101 0
2
170
