11
2316 2223 66.6667
2316 2051 65.1163
2316 1741 61.5385
2316 1449 66.6667
2316 1258 64.8649
2316 1160 68.4211
2316 919 68.1818
2316 765 74.4186
2316 696 68.1818
2316 563 65.1163
2316 265 62.8571
0 0
1 0
2 0
3 1
4 2
5 5
6 19
7 12
8 15
9 30
10 53
11 62
12 65
13 48
14 53
15 57
16 56
17 76
18 65
19 56
20 74
21 51
22 82
23 78
24 81
25 71
26 60
27 71
28 82
29 70
30 74
31 49
32 65
33 55
34 79
35 55
36 42
37 54
38 56
39 42
40 53
41 24
42 39
43 31
44 28
45 21
46 21
47 16
48 16
49 16
50 19
51 4
52 13
53 8
54 4
55 5
56 5
57 3
58 6
59 5
60 1
61 0
62 1
63 1
64 0
65 1
66 2
67 2
68 0
69 3
70 0
71 0
72 0
73 0
74 0
75 1
76 0
77 0
78 0
79 0
80 0
81 0
82 0
83 0
84 0
85 0
86 0
87 0
88 0
89 0
90 0
91 0
92 0
93 0
94 0
95 0
96 0
97 0
98 0
99 0
100 0
101 0
21
29126
