33
2336 2267 63.0631
2336 2104 71.4286
2336 1820 63.9344
2336 1725 64.0625
2336 1684 64
2336 1664 61.6667
2336 1531 64.8649
2336 1519 60.5042
2336 1460 64.4068
2336 1428 74.7664
2336 1416 60.1626
2336 1398 68.3333
2336 1325 61.6822
2336 1234 61.1111
2336 1122 62
2336 807 67.9245
2336 783 76.5217
2336 621 64.6465
2336 585 66.0714
2336 538 60
2336 438 63.3333
2336 394 65.4206
2336 393 60.5505
2336 361 74.3363
2336 334 61.2903
2336 332 60.6557
2336 316 62
2336 315 60
2336 308 62.1849
2336 217 60.3448
2336 207 61.9469
2336 136 62.963
2336 9 60
0 0
1 0
2 0
3 0
4 0
5 5
6 0
7 5
8 9
9 3
10 12
11 3
12 22
13 24
14 17
15 31
16 25
17 46
18 47
19 35
20 88
21 35
22 46
23 56
24 47
25 90
26 54
27 56
28 80
29 79
30 73
31 68
32 71
33 78
34 72
35 87
36 72
37 72
38 58
39 67
40 68
41 52
42 52
43 59
44 46
45 45
46 45
47 45
48 39
49 38
50 35
51 26
52 23
53 23
54 17
55 24
56 7
57 8
58 7
59 5
60 8
61 5
62 7
63 2
64 4
65 4
66 1
67 1
68 1
69 1
70 0
71 0
72 1
73 0
74 0
75 2
76 0
77 1
78 0
79 0
80 0
81 0
82 0
83 0
84 0
85 0
86 0
87 0
88 0
89 0
90 0
91 0
92 0
93 0
94 0
95 0
96 0
97 0
98 0
99 0
100 0
101 0
26
29635
