42
2537 2532 68.1818
2537 2519 65
2537 2440 62.5
2537 2393 66.6667
2537 2330 60.8696
2537 2307 60.4651
2537 2171 60
2537 2125 66.6667
2537 2047 74.4186
2537 2025 60
2537 1965 64.8649
2537 1887 71.7949
2537 1874 68.75
2537 1811 68.0851
2537 1762 63.6364
2537 1757 64.8649
2537 1575 60.6061
2537 1384 61.9048
2537 1382 62.5
2537 1339 61.5385
2537 1288 68.5714
2537 1244 69.5652
2537 1202 68.5714
2537 1201 77.7778
2537 1104 68.0851
2537 1056 66.6667
2537 984 61.5385
2537 950 60
2537 817 61.1111
2537 751 65.3061
2537 749 60
2537 746 63.8298
2537 708 60
2537 678 71.4286
2537 634 62.5
2537 618 65.2174
2537 598 60
2537 572 61.1111
2537 498 62.963
2537 256 64.7059
2537 95 61.5385
2537 23 62.8571
0 0
1 0
2 0
3 0
4 2
5 3
6 13
7 2
8 4
9 8
10 11
11 11
12 24
13 20
14 24
15 29
16 27
17 45
18 61
19 44
20 58
21 34
22 64
23 70
24 66
25 114
26 43
27 76
28 98
29 72
30 107
31 75
32 90
33 76
34 88
35 83
36 82
37 68
38 84
39 67
40 113
41 39
42 43
43 46
44 53
45 49
46 36
47 40
48 38
49 32
50 37
51 9
52 16
53 18
54 12
55 21
56 11
57 6
58 18
59 9
60 11
61 3
62 6
63 5
64 2
65 4
66 2
67 3
68 0
69 6
70 1
71 0
72 2
73 0
74 0
75 1
76 0
77 0
78 1
79 0
80 0
81 0
82 0
83 0
84 0
85 0
86 0
87 0
88 0
89 0
90 0
91 0
92 0
93 0
94 0
95 0
96 0
97 0
98 0
99 0
100 0
101 0
26
35081
