13
2713 2571 66.6667
2713 2546 66.6667
2713 2504 63.4146
2713 2183 60
2713 2080 64.8649
2713 2050 65.1163
2713 1788 62.8571
2713 1520 62.8571
2713 1480 60
2713 1322 61.5385
2713 1177 63.4146
2713 336 61.2245
2713 326 70.5882
0 30
1 0
2 0
3 10
4 63
5 77
6 129
7 44
8 43
9 61
10 83
11 82
12 107
13 91
14 91
15 108
16 82
17 86
18 115
19 71
20 103
21 52
22 78
23 95
24 71
25 105
26 37
27 60
28 79
29 55
30 69
31 51
32 42
33 26
34 32
35 39
36 46
37 28
38 31
39 19
40 43
41 11
42 18
43 19
44 16
45 18
46 14
47 10
48 11
49 8
50 13
51 0
52 5
53 4
54 3
55 3
56 2
57 2
58 6
59 2
60 2
61 0
62 2
63 2
64 2
65 1
66 1
67 2
68 0
69 0
70 0
71 1
72 0
73 0
74 0
75 0
76 0
77 0
78 0
79 0
80 0
81 0
82 0
83 0
84 0
85 0
86 0
87 0
88 0
89 0
90 0
91 0
92 0
93 0
94 0
95 0
96 0
97 0
98 0
99 0
100 0
101 0
29
40392
