33
2945 2937 60.4651
2945 2901 60.8696
2945 2882 60.6061
2945 2773 60
2945 2559 66.6667
2945 2423 63.1579
2945 2360 64.7059
2945 2239 62.963
2945 2230 63.4146
2945 2196 61.1111
2945 2179 60.8696
2945 2125 69.3878
2945 2065 78.0488
2945 1975 62.2222
2945 1615 61.1111
2945 1559 62.2222
2945 1558 66.6667
2945 1527 64.7059
2945 1466 60
2945 1346 60
2945 1294 63.4146
2945 1254 61.5385
2945 1228 63.8298
2945 911 66.6667
2945 701 64.2857
2945 655 61.1111
2945 634 60.6061
2945 574 64.8649
2945 572 70.2703
2945 473 63.1579
2945 341 61.1111
2945 164 61.1111
2945 102 65
0 1
1 0
2 0
3 0
4 3
5 8
6 15
7 3
8 11
9 18
10 34
11 37
12 60
13 33
14 26
15 55
16 48
17 60
18 84
19 50
20 83
21 31
22 105
23 106
24 88
25 116
26 72
27 85
28 98
29 89
30 112
31 74
32 78
33 70
34 72
35 136
36 80
37 59
38 75
39 71
40 106
41 33
42 70
43 65
44 47
45 35
46 37
47 26
48 55
49 31
50 37
51 14
52 17
53 25
54 14
55 17
56 8
57 5
58 12
59 5
60 9
61 5
62 6
63 3
64 5
65 5
66 0
67 3
68 0
69 0
70 1
71 1
72 0
73 0
74 0
75 0
76 0
77 0
78 0
79 1
80 0
81 0
82 0
83 0
84 0
85 0
86 0
87 0
88 0
89 0
90 0
91 0
92 0
93 0
94 0
95 0
96 0
97 0
98 0
99 0
100 0
101 0
29
47814
