55
2995 2977 65.3061
2995 2934 61.8182
2995 2881 65
2995 2874 63.6364
2995 2816 65.1163
2995 2617 70.2703
2995 2590 66.6667
2995 2545 60.4651
2995 2512 66.6667
2995 2463 71.7949
2995 2398 68.0851
2995 2366 60.4651
2995 2341 61.9048
2995 2251 60.4651
2995 2245 71.1111
2995 2236 65.1163
2995 2232 62.2222
2995 2208 68
2995 2187 64
2995 2086 61.5385
2995 2045 76.9231
2995 2023 62.7451
2995 1985 66.6667
2995 1913 64
2995 1892 70
2995 1842 62.7451
2995 1681 68.1818
2995 1639 61.2245
2995 1598 64.8649
2995 1506 62.2951
2995 1475 63.1579
2995 1385 70.2703
2995 1373 60
2995 1340 60
2995 1270 60.7143
2995 1028 69.5652
2995 998 76.1905
2995 968 61.8182
2995 844 69.5652
2995 764 60.4651
2995 739 63.8298
2995 725 63.6364
2995 683 62.963
2995 669 61.5385
2995 624 65.1163
2995 519 64.2857
2995 512 63.6364
2995 447 61.0169
2995 445 68.5714
2995 370 64.2857
2995 299 60
2995 294 60.3774
2995 246 68.2927
2995 182 65.2174
2995 82 61.1111
0 0
1 0
2 0
3 0
4 1
5 4
6 13
7 3
8 6
9 10
10 19
11 25
12 27
13 22
14 44
15 45
16 61
17 61
18 32
19 62
20 78
21 52
22 97
23 91
24 78
25 89
26 70
27 78
28 115
29 97
30 93
31 92
32 94
33 94
34 102
35 64
36 81
37 96
38 101
39 77
40 98
41 43
42 67
43 67
44 51
45 57
46 50
47 47
48 36
49 32
50 49
51 13
52 44
53 10
54 19
55 24
56 24
57 8
58 11
59 7
60 11
61 6
62 8
63 5
64 7
65 4
66 5
67 3
68 1
69 4
70 3
71 2
72 2
73 0
74 0
75 0
76 0
77 2
78 0
79 0
80 0
81 0
82 0
83 0
84 0
85 0
86 0
87 0
88 0
89 0
90 0
91 0
92 0
93 0
94 0
95 0
96 0
97 0
98 0
99 0
100 0
101 0
33
49490
