153
3125 3114 60.7595
3125 3111 60.7843
3125 3104 60
3125 3089 60
3125 3060 63.0137
3125 3039 61.0169
3125 2986 62.069
3125 2941 65.7895
3125 2936 60.8696
3125 2878 64.1975
3125 2875 61.1111
3125 2826 69.697
3125 2805 61.7284
3125 2799 61.7284
3125 2798 63.3333
3125 2796 63.1579
3125 2791 60
3125 2784 69.3333
3125 2766 60
3125 2759 63.7681
3125 2754 62.8571
3125 2741 62.8571
3125 2731 65.625
3125 2697 61.9718
3125 2687 66.6667
3125 2685 63.0435
3125 2682 71.2329
3125 2641 68.5714
3125 2634 61.0169
3125 2609 65.8537
3125 2585 60.4651
3125 2558 61.3636
3125 2513 60.5263
3125 2500 62.1622
3125 2483 62.7907
3125 2482 60.6061
3125 2405 61.3636
3125 2384 60
3125 2370 60.7595
3125 2362 63.7681
3125 2358 61.8182
3125 2352 68.3544
3125 2350 61.0169
3125 2345 61.1765
3125 2329 65.5172
3125 2306 60.241
3125 2267 63.4146
3125 2251 61.0169
3125 2249 60.2151
3125 2237 61.9718
3125 2203 61.5385
3125 2175 60
3125 2171 60.8696
3125 2136 68.5714
3125 2130 62.069
3125 2116 60.3175
3125 2115 62.6263
3125 2083 61.9718
3125 2070 61.7021
3125 2062 62.1359
3125 2017 67.5676
3125 1999 69.8795
3125 1987 67.3913
3125 1928 64.6154
3125 1923 60.274
3125 1922 62.2222
3125 1890 64.5161
3125 1839 64.3678
3125 1830 60.2151
3125 1829 63.0435
3125 1819 61.5385
3125 1801 62.6506
3125 1799 63.6364
3125 1756 64.4068
3125 1754 61.3333
3125 1746 61.7284
3125 1743 63.8889
3125 1729 64.7887
3125 1725 60.6061
3125 1716 64.5161
3125 1713 64.1026
3125 1711 65.625
3125 1667 66.6667
3125 1618 60.274
3125 1617 63.0137
3125 1606 61.5385
3125 1591 64.6154
3125 1584 61.1111
3125 1582 63.0435
3125 1543 64
3125 1534 63.4146
3125 1517 60.8696
3125 1495 61.1765
3125 1470 65.9091
3125 1468 61.7647
3125 1462 61.7021
3125 1426 61.3333
3125 1357 61.5385
3125 1342 62.3377
3125 1338 64.4068
3125 1306 65.7534
3125 1301 61.9718
3125 1300 63.1579
3125 1299 61.3333
3125 1291 60.7595
3125 1285 66.6667
3125 1235 69.4444
3125 1200 63.6364
3125 1187 61.0169
3125 1150 64.1975
3125 1089 60
3125 1085 61.1111
3125 1073 60.8696
3125 1053 61.9048
3125 1025 64.4068
3125 1001 62.6506
3125 978 63.0435
3125 974 62.5
3125 947 64.1026
3125 903 60.5263
3125 883 60.3175
3125 880 62
3125 831 63.4146
3125 824 64
3125 804 66.6667
3125 791 61.7284
3125 784 62.5
3125 724 60.4651
3125 718 61.3333
3125 707 62
3125 690 61.3333
3125 641 60.8696
3125 614 63.9175
3125 598 60.8696
3125 579 63.5294
3125 570 60.6061
3125 508 68.3544
3125 506 61.1765
3125 477 74.6667
3125 465 63.1579
3125 432 68.2927
3125 429 70.3297
3125 398 61.7647
3125 391 60.8696
3125 372 60
3125 365 64.7059
3125 362 64.8649
3125 251 64.3678
3125 209 67.4699
3125 188 61.9718
3125 157 70.8861
3125 34 62.1622
3125 4 61.5385
0 0
1 0
2 0
3 0
4 0
5 0
6 0
7 0
8 0
9 0
10 0
11 0
12 1
13 0
14 0
15 1
16 0
17 0
18 2
19 7
20 6
21 1
22 2
23 14
24 19
25 10
26 21
27 24
28 26
29 22
30 30
31 62
32 46
33 55
34 72
35 79
36 74
37 82
38 131
39 97
40 145
41 77
42 116
43 112
44 135
45 139
46 123
47 145
48 128
49 97
50 167
51 83
52 87
53 87
54 92
55 83
56 69
57 51
58 59
59 47
60 53
61 25
62 40
63 15
64 22
65 16
66 7
67 4
68 3
69 5
70 4
71 2
72 1
73 0
74 0
75 1
76 0
77 0
78 0
79 0
80 0
81 0
82 0
83 0
84 0
85 0
86 0
87 0
88 0
89 0
90 0
91 0
92 0
93 0
94 0
95 0
96 0
97 0
98 0
99 0
100 0
101 0
38
53898
