57
3135 3065 62.5
3135 3017 62.6866
3135 2965 66.6667
3135 2862 69.0909
3135 2748 65.3846
3135 2723 60
3135 2713 60.8696
3135 2705 60.7595
3135 2672 66.6667
3135 2580 60
3135 2551 67.6923
3135 2504 64.1509
3135 2475 60.7143
3135 2469 61.0169
3135 2421 61.1111
3135 2417 60
3135 2415 66.6667
3135 2366 65.3846
3135 2311 61.5385
3135 2155 66.6667
3135 2098 60.3774
3135 2080 69.3878
3135 2054 75
3135 1980 67.5676
3135 1956 61.2903
3135 1926 63.8298
3135 1913 61.0169
3135 1852 60.7595
3135 1792 65.2174
3135 1784 60.274
3135 1698 61.3333
3135 1679 67.9245
3135 1592 62.2222
3135 1588 64
3135 1585 66.6667
3135 1490 61.5385
3135 1397 63.1579
3135 1369 63.8889
3135 1287 69.2308
3135 1145 65.4545
3135 1042 64
3135 1021 62.7907
3135 993 75.3623
3135 770 60.3774
3135 757 62.2222
3135 693 61.5385
3135 612 61.1111
3135 554 62.069
3135 519 61.5385
3135 486 67.7419
3135 336 68.8525
3135 290 62.5
3135 266 66.6667
3135 257 68.9655
3135 115 65.625
3135 13 64.1509
3135 6 66.6667
0 1
1 0
2 0
3 2
4 2
5 16
6 6
7 10
8 25
9 40
10 14
11 23
12 35
13 48
14 48
15 39
16 58
17 54
18 87
19 63
20 84
21 66
22 83
23 98
24 89
25 110
26 61
27 102
28 79
29 92
30 98
31 99
32 112
33 79
34 88
35 90
36 89
37 74
38 72
39 91
40 70
41 44
42 57
43 62
44 61
45 60
46 52
47 51
48 34
49 30
50 46
51 16
52 30
53 31
54 28
55 18
56 18
57 11
58 15
59 11
60 8
61 7
62 10
63 7
64 5
65 2
66 5
67 7
68 4
69 2
70 3
71 0
72 0
73 0
74 0
75 1
76 1
77 0
78 0
79 0
80 0
81 0
82 0
83 0
84 0
85 0
86 0
87 0
88 0
89 0
90 0
91 0
92 0
93 0
94 0
95 0
96 0
97 0
98 0
99 0
100 0
101 0
36
54252
