84
3183 3126 60.7843
3183 3077 63.5294
3183 3076 69.1589
3183 3065 63.5294
3183 3037 63.1579
3183 2982 63.2653
3183 2974 60
3183 2957 66.0194
3183 2956 63.2653
3183 2861 61.8557
3183 2834 68.4211
3183 2829 63.4615
3183 2784 65.1685
3183 2760 64.8148
3183 2568 60.5505
3183 2542 62.8571
3183 2506 61.4035
3183 2502 62.6263
3183 2453 65.2632
3183 2439 62.3656
3183 2386 63.2911
3183 2352 60.2151
3183 2297 61.8557
3183 2270 64.7059
3183 2255 66.6667
3183 2249 61.6822
3183 2141 63.2653
3183 2115 61.9469
3183 2062 66.6667
3183 2048 64
3183 2036 64.1026
3183 1947 60.8696
3183 1929 65.3846
3183 1793 62.2642
3183 1751 62.5
3183 1703 60.8696
3183 1690 63.2653
3183 1619 62.7451
3183 1604 60
3183 1571 63.9175
3183 1528 64.7059
3183 1524 65.3465
3183 1497 66.6667
3183 1484 68.0412
3183 1471 67.9612
3183 1453 63.6364
3183 1424 66.6667
3183 1418 60.1942
3183 1220 60
3183 1206 61.1111
3183 1199 71.9298
3183 1170 65.3061
3183 1164 65.9574
3183 1120 63.1579
3183 1042 60.4167
3183 981 79.5918
3183 978 60.3774
3183 856 70.4762
3183 830 65.1163
3183 805 65.3465
3183 795 72.381
3183 781 60.7843
3183 775 64.7059
3183 773 61.2245
3183 762 61.5385
3183 685 64.5833
3183 673 63.6364
3183 660 62.069
3183 576 72.4138
3183 542 62.2642
3183 456 60
3183 450 60.4167
3183 395 60.9524
3183 391 62.2642
3183 387 61.1111
3183 352 67.3913
3183 301 67.4699
3183 223 72.9167
3183 220 68.1319
3183 199 65.1685
3183 94 62.7451
3183 92 70.0855
3183 61 67.2414
3183 18 60.4651
0 0
1 0
2 0
3 0
4 0
5 0
6 2
7 2
8 5
9 4
10 5
11 3
12 7
13 13
14 6
15 22
16 14
17 21
18 43
19 30
20 34
21 50
22 58
23 42
24 80
25 78
26 48
27 83
28 100
29 91
30 83
31 105
32 89
33 99
34 100
35 101
36 117
37 83
38 110
39 105
40 96
41 80
42 99
43 96
44 94
45 86
46 80
47 78
48 72
49 65
50 80
51 33
52 43
53 44
54 46
55 31
56 36
57 28
58 26
59 25
60 31
61 12
62 9
63 10
64 14
65 6
66 9
67 5
68 4
69 3
70 1
71 2
72 1
73 3
74 0
75 0
76 0
77 0
78 0
79 0
80 1
81 0
82 0
83 0
84 0
85 0
86 0
87 0
88 0
89 0
90 0
91 0
92 0
93 0
94 0
95 0
96 0
97 0
98 0
99 0
100 0
101 0
40
55952
