168
3119 3099 60.2151
3119 3098 69.0909
3119 3068 68.5714
3119 3064 61.6822
3119 3023 60.6061
3119 3018 60.5505
3119 3005 67.3077
3119 2979 80.7339
3119 2976 60.5042
3119 2952 66.6667
3119 2947 63.0631
3119 2938 66.0714
3119 2936 63.0631
3119 2878 68
3119 2850 60.6061
3119 2846 60.3448
3119 2837 68.3333
3119 2805 60
3119 2797 61.2613
3119 2791 62.3853
3119 2783 67.2897
3119 2726 67.2566
3119 2711 66.0194
3119 2698 62.6506
3119 2696 60
3119 2693 63.7168
3119 2689 70.7071
3119 2672 60.8696
3119 2640 60.2151
3119 2627 64.7059
3119 2606 67.3684
3119 2593 65.9794
3119 2583 65.3061
3119 2580 66.0377
3119 2575 66.055
3119 2553 60
3119 2541 74.0741
3119 2509 60.9756
3119 2508 65.2632
3119 2502 67.3077
3119 2460 69.6429
3119 2433 63.9175
3119 2427 66.6667
3119 2336 65
3119 2311 63.7363
3119 2305 60.6061
3119 2275 60.7843
3119 2267 63.3663
3119 2217 60
3119 2130 62.2642
3119 2115 61.0169
3119 2109 60.4167
3119 2104 72.4138
3119 2070 60.177
3119 2031 60.5505
3119 2021 67.3469
3119 2019 60.8696
3119 1999 66.6667
3119 1987 64.8649
3119 1986 68.5185
3119 1983 61.5385
3119 1890 67.8571
3119 1852 62.8571
3119 1846 68.1818
3119 1817 70.1754
3119 1799 69.1589
3119 1796 61.6822
3119 1771 69.6629
3119 1725 61.0169
3119 1700 62.3656
3119 1667 66.0194
3119 1651 70.3704
3119 1611 61.0169
3119 1596 64.9123
3119 1563 60.6742
3119 1535 62.7451
3119 1531 61.3861
3119 1519 69.7248
3119 1498 61.3861
3119 1462 67.2566
3119 1426 65.9574
3119 1420 60.7143
3119 1416 60.177
3119 1412 60
3119 1407 61.2245
3119 1398 65.4545
3119 1386 62.069
3119 1369 67.3469
3119 1345 69.3069
3119 1306 63.0435
3119 1300 65.2632
3119 1285 62.3853
3119 1269 60
3119 1234 61.2245
3119 1214 62.1359
3119 1137 66.0714
3119 1117 63.5294
3119 1111 65.3061
3119 1089 60.6742
3119 1084 60
3119 1068 65
3119 1055 63.4615
3119 1045 62.069
3119 1042 69.3069
3119 1021 62.5
3119 1001 60.7843
3119 993 65.2632
3119 980 61.6822
3119 968 60
3119 963 60.3774
3119 954 66.0714
3119 918 60
3119 906 68.3761
3119 889 67.3684
3119 880 60.5042
3119 861 60.1942
3119 856 60
3119 852 74.2857
3119 843 60.8696
3119 840 61.8557
3119 815 61.3636
3119 807 62.5
3119 804 70
3119 773 69.9029
3119 772 62.6506
3119 757 63.7931
3119 733 64.9123
3119 718 65.9574
3119 702 60.1942
3119 672 63.8298
3119 649 61.0526
3119 614 62.069
3119 606 61.1111
3119 580 67.3077
3119 579 69.2308
3119 571 62.2642
3119 551 63.7168
3119 533 66.0194
3119 519 61.5385
3119 466 60.5505
3119 457 62.1849
3119 447 63.8298
3119 440 70.9091
3119 429 67.2727
3119 428 63.8655
3119 395 61.8182
3119 394 63.9175
3119 365 62.069
3119 361 62.1359
3119 334 66.6667
3119 332 60.7143
3119 309 61.3636
3119 308 60.5505
3119 294 61.3636
3119 273 66.6667
3119 272 60.1942
3119 271 60.6742
3119 216 67.3469
3119 209 62.7451
3119 207 62.1359
3119 179 70.4762
3119 162 62.6087
3119 157 61.2245
3119 148 65.9091
3119 54 64.5833
3119 52 60.6742
3119 36 63.5294
3119 9 64.4444
0 0
1 0
2 0
3 0
4 0
5 0
6 0
7 0
8 1
9 0
10 0
11 1
12 3
13 0
14 8
15 3
16 3
17 17
18 6
19 6
20 26
21 11
22 25
23 26
24 24
25 31
26 43
27 34
28 67
29 59
30 55
31 93
32 70
33 75
34 98
35 77
36 103
37 95
38 98
39 128
40 116
41 92
42 116
43 95
44 116
45 106
46 118
47 100
48 96
49 96
50 86
51 42
52 72
53 62
54 70
55 53
56 54
57 42
58 58
59 40
60 44
61 31
62 21
63 21
64 16
65 8
66 10
67 13
68 14
69 5
70 10
71 5
72 0
73 1
74 0
75 2
76 0
77 0
78 0
79 0
80 0
81 1
82 0
83 0
84 0
85 0
86 0
87 0
88 0
89 0
90 0
91 0
92 0
93 0
94 0
95 0
96 0
97 0
98 0
99 0
100 0
101 0
38
53698
