52
3222 3204 63.1579
3222 3149 68.4211
3222 3006 63.1579
3222 2970 61.2245
3222 2931 68.0851
3222 2921 63.6364
3222 2891 72.2222
3222 2884 63.1579
3222 2881 63.4146
3222 2830 68.4211
3222 2752 60.3774
3222 2707 75.6757
3222 2663 63.4146
3222 2641 65.4545
3222 2600 68.4211
3222 2573 63.4921
3222 2502 60
3222 2463 60
3222 2412 61.2245
3222 2251 68.1818
3222 2198 60.8696
3222 2180 68.1818
3222 2116 70.8333
3222 2023 61.5385
3222 1992 61.1111
3222 1985 60
3222 1939 60.7143
3222 1936 68.4211
3222 1932 71.7949
3222 1814 66.6667
3222 1770 61.5385
3222 1732 66.6667
3222 1726 64.2857
3222 1623 60
3222 1561 66.6667
3222 1396 62.963
3222 1343 71.1111
3222 1252 66.6667
3222 1249 61.8182
3222 1189 63.1579
3222 1029 64
3222 817 60
3222 794 61.5385
3222 786 60.7143
3222 767 64.8649
3222 684 62.5
3222 669 60
3222 616 66.6667
3222 508 62.5
3222 485 61.8182
3222 451 60
3222 88 67.8571
0 0
1 0
2 0
3 0
4 0
5 0
6 2
7 2
8 6
9 9
10 13
11 23
12 19
13 11
14 29
15 39
16 42
17 43
18 37
19 48
20 67
21 52
22 95
23 72
24 75
25 91
26 70
27 96
28 114
29 87
30 110
31 64
32 142
33 111
34 94
35 110
36 102
37 129
38 100
39 70
40 127
41 55
42 73
43 75
44 88
45 56
46 45
47 47
48 63
49 67
50 68
51 20
52 33
53 28
54 40
55 37
56 25
57 14
58 12
59 10
60 19
61 4
62 8
63 3
64 9
65 2
66 1
67 5
68 1
69 7
70 0
71 1
72 2
73 1
74 0
75 0
76 1
77 0
78 0
79 0
80 0
81 0
82 0
83 0
84 0
85 0
86 0
87 0
88 0
89 0
90 0
91 0
92 0
93 0
94 0
95 0
96 0
97 0
98 0
99 0
100 0
101 0
34
57323
