55
3387 3291 62.8571
3387 3288 61.3333
3387 3263 61.9048
3387 3244 60
3387 2940 62.069
3387 2887 67.4157
3387 2879 64.2857
3387 2855 65.1685
3387 2742 60.3175
3387 2729 62.1622
3387 2724 60
3387 2717 67.6471
3387 2620 61.7021
3387 2397 72.2222
3387 2325 61.0169
3387 2279 63.4921
3387 2256 68.6567
3387 2174 64.1026
3387 2133 62.5
3387 2077 63.1579
3387 2047 68.8525
3387 1982 66.6667
3387 1925 62.5
3387 1748 60.4167
3387 1633 64
3387 1499 64.1975
3387 1433 65.625
3387 1402 61.1111
3387 1361 60.8696
3387 1353 61.7647
3387 1331 61.5385
3387 1276 61.3333
3387 1229 62
3387 1167 74.2857
3387 1142 60.3774
3387 1123 61.2245
3387 1104 61.5385
3387 1077 63.7681
3387 1035 63.7681
3387 964 70.9677
3387 891 60
3387 872 60.3774
3387 822 68.2353
3387 818 63.0435
3387 666 72.7273
3387 596 60.4167
3387 588 70.9677
3387 491 60.3175
3387 490 64.4444
3387 484 60
3387 476 65.2174
3387 328 62.3377
3387 192 60.241
3387 95 66.6667
3387 31 64
0 0
1 0
2 0
3 0
4 0
5 0
6 1
7 4
8 18
9 4
10 11
11 17
12 34
13 19
14 17
15 36
16 63
17 32
18 49
19 61
20 104
21 54
22 78
23 79
24 105
25 98
26 93
27 103
28 112
29 108
30 99
31 113
32 157
33 83
34 89
35 110
36 103
37 84
38 139
39 85
40 118
41 73
42 83
43 76
44 75
45 56
46 67
47 45
48 53
49 59
50 54
51 32
52 28
53 25
54 22
55 21
56 24
57 14
58 20
59 12
60 16
61 8
62 11
63 6
64 7
65 4
66 3
67 2
68 2
69 3
70 0
71 2
72 0
73 2
74 0
75 1
76 0
77 0
78 0
79 0
80 0
81 0
82 0
83 0
84 0
85 0
86 0
87 0
88 0
89 0
90 0
91 0
92 0
93 0
94 0
95 0
96 0
97 0
98 0
99 0
100 0
101 0
42
63423
