57
3525 3498 66.6667
3525 3418 68.5714
3525 3381 62.963
3525 3354 63.1579
3525 3342 64.7059
3525 3335 61.5385
3525 3281 65
3525 3241 66.6667
3525 3236 61.1111
3525 3161 66.6667
3525 3120 62.5
3525 3059 63.1579
3525 2930 61.2245
3525 2885 60.6061
3525 2859 62.5
3525 2772 66.6667
3525 2670 60.8696
3525 2603 60
3525 2509 63.6364
3525 2501 66.6667
3525 2468 60
3525 2347 60.3774
3525 2289 65
3525 2276 62.8571
3525 2250 66.6667
3525 2177 65
3525 1967 64.8649
3525 1930 65.3846
3525 1928 60.8696
3525 1889 64.8649
3525 1709 64.7059
3525 1695 63.1579
3525 1672 64.7059
3525 1551 69.5652
3525 1539 60.6061
3525 1417 71.4286
3525 1330 64
3525 1308 61.5385
3525 1256 66.6667
3525 1217 70.5882
3525 1207 61.5385
3525 1166 62.7451
3525 1117 68.0851
3525 1075 60.6061
3525 1070 63.8298
3525 1041 62.8571
3525 946 66.6667
3525 912 61.5385
3525 578 60
3525 522 60.8696
3525 439 62.2222
3525 351 68.4211
3525 281 62.5
3525 260 70.5882
3525 85 64.7059
3525 82 60.6061
3525 36 63.8298
0 1
1 0
2 0
3 0
4 1
5 6
6 13
7 8
8 10
9 13
10 32
11 32
12 45
13 40
14 38
15 50
16 50
17 60
18 103
19 84
20 130
21 54
22 91
23 134
24 116
25 130
26 61
27 112
28 136
29 111
30 129
31 96
32 117
33 93
34 107
35 125
36 107
37 97
38 86
39 73
40 146
41 25
42 75
43 65
44 52
45 58
46 37
47 39
48 51
49 45
50 44
51 14
52 24
53 15
54 18
55 24
56 10
57 14
58 5
59 7
60 11
61 8
62 6
63 8
64 7
65 9
66 1
67 8
68 0
69 3
70 1
71 2
72 1
73 0
74 0
75 0
76 0
77 0
78 0
79 0
80 0
81 0
82 0
83 0
84 0
85 0
86 0
87 0
88 0
89 0
90 0
91 0
92 0
93 0
94 0
95 0
96 0
97 0
98 0
99 0
100 0
101 0
30
68825
