23
3512 3454 61.5385
3512 3386 61.2245
3512 3265 61.5385
3512 3156 77.4194
3512 3153 62.8571
3512 2719 63.4146
3512 2657 68.75
3512 2617 62.5
3512 2449 60.4651
3512 2094 64.7059
3512 1699 60
3512 1615 60.6061
3512 1577 62.5
3512 1530 66.6667
3512 1458 65
3512 1183 60
3512 1181 64.7059
3512 1038 60
3512 327 60
3512 314 70.5882
3512 281 60
3512 274 63.1579
3512 85 62.5
0 2
1 0
2 0
3 0
4 0
5 0
6 9
7 7
8 6
9 18
10 30
11 30
12 47
13 64
14 64
15 67
16 81
17 69
18 109
19 111
20 119
21 77
22 106
23 137
24 145
25 153
26 127
27 113
28 130
29 86
30 162
31 89
32 149
33 118
34 111
35 81
36 88
37 95
38 84
39 70
40 92
41 27
42 51
43 54
44 47
45 31
46 24
47 27
48 36
49 27
50 27
51 3
52 24
53 14
54 10
55 18
56 5
57 7
58 3
59 5
60 7
61 2
62 3
63 4
64 2
65 3
66 0
67 1
68 0
69 1
70 0
71 1
72 0
73 0
74 0
75 0
76 0
77 0
78 1
79 0
80 0
81 0
82 0
83 0
84 0
85 0
86 0
87 0
88 0
89 0
90 0
91 0
92 0
93 0
94 0
95 0
96 0
97 0
98 0
99 0
100 0
101 0
34
68335
