75
3610 3550 62.7451
3610 3282 60
3610 3197 60.3774
3610 3049 65
3610 3047 71.1864
3610 2949 63.6364
3610 2941 62.5
3610 2939 61.5385
3610 2881 68.1818
3610 2845 64.1509
3610 2825 62.7451
3610 2811 61.5385
3610 2739 65.3846
3610 2716 80
3610 2708 60.3175
3610 2707 60
3610 2654 72
3610 2641 62.069
3610 2516 73.0159
3610 2500 61.2903
3610 2418 64.1509
3610 2404 60.8696
3610 2390 70
3610 2386 60.3774
3610 2369 66.6667
3610 2299 61.9048
3610 2251 68.0851
3610 2185 61.5385
3610 2147 64.1509
3610 2083 64.4068
3610 2049 68.0851
3610 2045 65.1163
3610 2013 60.3774
3610 1869 64.2857
3610 1761 63.4921
3610 1707 70
3610 1673 63.8298
3610 1606 60.3774
3610 1518 61.1111
3610 1502 61.5385
3610 1479 69.3878
3610 1474 65.2174
3610 1447 70
3610 1432 73.1707
3610 1297 69.7674
3610 1279 65.3846
3610 1235 70
3610 1222 75
3610 1146 61.8182
3610 1048 61.3333
3610 1047 65.5172
3610 1028 60
3610 1018 61.5385
3610 1017 60.6061
3610 924 68.8525
3610 844 72
3610 843 62.2951
3610 802 62.2222
3610 789 61.5385
3610 762 61.5385
3610 690 66.6667
3610 657 61.2245
3610 595 66.6667
3610 528 62.2222
3610 425 66.6667
3610 388 66.6667
3610 352 63.6364
3610 320 61.5385
3610 288 61.5385
3610 286 68.2927
3610 246 62.2222
3610 182 60
3610 103 60.8696
3610 88 71.1864
3610 4 60.3774
0 1
1 0
2 0
3 0
4 1
5 13
6 1
7 4
8 13
9 20
10 37
11 16
12 19
13 31
14 47
15 57
16 36
17 28
18 62
19 76
20 83
21 58
22 68
23 74
24 90
25 120
26 89
27 88
28 121
29 110
30 144
31 125
32 102
33 82
34 117
35 138
36 89
37 87
38 112
39 107
40 129
41 65
42 86
43 73
44 69
45 79
46 68
47 70
48 68
49 51
50 68
51 25
52 35
53 35
54 35
55 25
56 23
57 15
58 23
59 10
60 20
61 9
62 15
63 8
64 4
65 6
66 5
67 5
68 0
69 5
70 6
71 0
72 4
73 0
74 2
75 1
76 0
77 0
78 0
79 0
80 1
81 0
82 0
83 0
84 0
85 0
86 0
87 0
88 0
89 0
90 0
91 0
92 0
93 0
94 0
95 0
96 0
97 0
98 0
99 0
100 0
101 0
39
72270
