74
3695 3692 62.963
3695 3632 61.3861
3695 3572 60
3695 3540 61.3636
3695 3389 64.1509
3695 3263 69.3878
3695 3152 61.3861
3695 3138 60
3695 3073 60
3695 3064 65.3465
3695 2969 60
3695 2890 60.9756
3695 2889 65.0602
3695 2856 62.5
3695 2820 61.1765
3695 2715 68.75
3695 2671 64.0777
3695 2582 70.2703
3695 2529 64.0777
3695 2432 60.5505
3695 2345 63.2653
3695 2265 70.7317
3695 2248 63.5514
3695 2234 63.9175
3695 2229 62.6087
3695 2199 62.2642
3695 2176 69.5652
3695 2143 64.1026
3695 2137 77.6471
3695 2108 60.1942
3695 2067 66.6667
3695 2046 65.9794
3695 1972 67.3267
3695 1948 60.4167
3695 1853 60
3695 1837 64.0777
3695 1825 61.7284
3695 1776 65.9091
3695 1768 67.3077
3695 1723 65.1163
3695 1708 64.1509
3695 1653 63.3663
3695 1621 68.4685
3695 1617 60.4651
3695 1589 62.3656
3695 1578 66.6667
3695 1535 62.5
3695 1470 63.3663
3695 1452 68.0851
3695 1445 65.7895
3695 1326 64.8148
3695 1316 68.1818
3695 1296 62
3695 1215 76.7442
3695 1069 64.7619
3695 1061 61.9718
3695 1053 65.9794
3695 990 60.6742
3695 979 60.8696
3695 931 64.2857
3695 907 60.6061
3695 877 63.0435
3695 866 67.2566
3695 797 63.2653
3695 710 65.8824
3695 699 60.1942
3695 556 61.7021
3695 549 60
3695 478 60.7843
3695 276 61.8557
3695 208 65.8228
3695 171 62.963
3695 159 62.069
3695 113 62.6263
0 0
1 0
2 0
3 2
4 0
5 0
6 2
7 4
8 4
9 22
10 10
11 9
12 26
13 33
14 20
15 32
16 51
17 30
18 48
19 59
20 48
21 70
22 87
23 66
24 91
25 123
26 70
27 93
28 111
29 117
30 94
31 138
32 103
33 115
34 130
35 93
36 113
37 130
38 106
39 127
40 107
41 90
42 106
43 87
44 86
45 86
46 75
47 69
48 63
49 57
50 72
51 37
52 63
53 39
54 47
55 31
56 34
57 24
58 34
59 24
60 18
61 10
62 9
63 9
64 7
65 9
66 9
67 2
68 3
69 4
70 2
71 2
72 0
73 0
74 0
75 0
76 0
77 1
78 1
79 0
80 0
81 0
82 0
83 0
84 0
85 0
86 0
87 0
88 0
89 0
90 0
91 0
92 0
93 0
94 0
95 0
96 0
97 0
98 0
99 0
100 0
101 0
44
75809
