58
3664 3502 66.6667
3664 3490 70.3704
3664 3481 61.8182
3664 3469 60.6061
3664 3253 65.3061
3664 3234 63.6364
3664 3159 61.0169
3664 3124 60.4651
3664 3011 62.7451
3664 2959 60.4651
3664 2793 61.5385
3664 2744 61.2903
3664 2695 66.6667
3664 2676 60.3774
3664 2660 60
3664 2607 76.5957
3664 2597 60.3774
3664 2565 65.1163
3664 2563 62.5
3664 2532 60
3664 2470 66.6667
3664 2442 68
3664 2429 70.5882
3664 2392 60.3774
3664 2346 62.2951
3664 2320 60
3664 2262 64.7059
3664 2260 68.2927
3664 2165 64.5161
3664 2151 61.5385
3664 2150 66.6667
3664 2076 64
3664 2032 66.6667
3664 1977 66.6667
3664 1935 60.8696
3664 1862 63.6364
3664 1802 60.8696
3664 1617 66.6667
3664 1437 66.6667
3664 1392 63.4146
3664 1245 61.5385
3664 1148 64
3664 1133 64.4068
3664 987 60
3664 888 60.6061
3664 810 66.6667
3664 749 60.8696
3664 686 61.8182
3664 676 63.6364
3664 638 62.5
3664 618 61.5385
3664 469 63.6364
3664 460 76.1905
3664 412 70.1754
3664 378 63.4921
3664 311 64.2857
3664 118 75.8621
3664 84 62.7451
0 0
1 0
2 0
3 0
4 1
5 10
6 6
7 3
8 23
9 19
10 31
11 30
12 33
13 33
14 54
15 80
16 78
17 49
18 71
19 70
20 128
21 82
22 96
23 79
24 118
25 141
26 109
27 94
28 103
29 113
30 139
31 128
32 119
33 86
34 80
35 121
36 113
37 74
38 87
39 93
40 124
41 40
42 85
43 80
44 69
45 56
46 60
47 46
48 79
49 28
50 42
51 29
52 38
53 27
54 20
55 25
56 12
57 13
58 18
59 11
60 13
61 10
62 8
63 5
64 8
65 4
66 2
67 9
68 1
69 1
70 0
71 3
72 0
73 0
74 0
75 0
76 1
77 2
78 0
79 0
80 0
81 0
82 0
83 0
84 0
85 0
86 0
87 0
88 0
89 0
90 0
91 0
92 0
93 0
94 0
95 0
96 0
97 0
98 0
99 0
100 0
101 0
38
74497
