45
3941 3932 68.9655
3941 3807 60
3941 3774 60
3941 3760 62.963
3941 3715 74.5763
3941 3692 60
3941 3662 63.8889
3941 3622 64
3941 3436 65.4545
3941 3407 69.7674
3941 3385 73.2394
3941 3258 61.5385
3941 3240 63.6364
3941 3229 61.5385
3941 3179 64.1509
3941 3128 60.6061
3941 3103 62.069
3941 3073 63.4146
3941 2971 61.2903
3941 2700 64.4068
3941 2699 70.8861
3941 2562 62.7907
3941 2312 61.1111
3941 2237 60.6061
3941 2151 60.274
3941 2142 61.5385
3941 2012 72.4138
3941 1796 67.4699
3941 1724 62.3377
3941 1620 65.6716
3941 1610 62.963
3941 1422 61.1111
3941 1356 62.069
3941 1316 65.7143
3941 1157 66.6667
3941 1011 60.274
3941 815 62.5
3941 540 61.2245
3941 448 62.5
3941 386 62.5
3941 276 63.2911
3941 269 62.5
3941 226 63.3333
3941 77 61.3636
3941 11 67.7966
0 0
1 0
2 0
3 1
4 4
5 3
6 1
7 3
8 11
9 23
10 17
11 18
12 39
13 57
14 46
15 59
16 74
17 116
18 80
19 93
20 116
21 101
22 121
23 97
24 115
25 141
26 107
27 104
28 124
29 103
30 131
31 117
32 111
33 109
34 163
35 115
36 98
37 100
38 119
39 78
40 124
41 74
42 68
43 64
44 85
45 90
46 58
47 48
48 57
49 45
50 51
51 34
52 37
53 16
54 22
55 29
56 23
57 11
58 28
59 8
60 11
61 4
62 8
63 10
64 6
65 2
66 3
67 1
68 2
69 1
70 1
71 1
72 0
73 1
74 1
75 1
76 0
77 0
78 0
79 0
80 0
81 0
82 0
83 0
84 0
85 0
86 0
87 0
88 0
89 0
90 0
91 0
92 0
93 0
94 0
95 0
96 0
97 0
98 0
99 0
100 0
101 0
46
86374
