42
3935 3827 68.4211
3935 3818 68
3935 3812 78.0488
3935 3764 60
3935 3719 62.8571
3935 3701 60
3935 3366 61.1111
3935 3268 60.8696
3935 3235 64.7059
3935 3184 64.8649
3935 3177 63.1579
3935 3147 62.5
3935 2908 61.9048
3935 2885 64.7059
3935 2681 76.4706
3935 2509 71.1111
3935 2508 62.069
3935 2501 60
3935 2383 64.8649
3935 2327 68.4211
3935 2246 64.8649
3935 2167 65.2174
3935 1926 72.2222
3935 1897 65.3061
3935 1666 60
3935 1161 76.1905
3935 1097 73.6842
3935 1070 66.6667
3935 1045 64
3935 923 60.4651
3935 922 61.1111
3935 873 65
3935 820 63.4146
3935 712 61.9048
3935 633 62.2222
3935 619 61.5385
3935 522 63.8298
3935 427 63.1579
3935 322 66.6667
3935 275 64.8649
3935 254 61.1111
3935 102 65
0 0
1 0
2 0
3 0
4 1
5 2
6 3
7 2
8 2
9 7
10 6
11 9
12 26
13 16
14 19
15 32
16 36
17 35
18 60
19 42
20 92
21 40
22 124
23 90
24 116
25 111
26 67
27 136
28 140
29 126
30 166
31 146
32 145
33 121
34 144
35 188
36 141
37 100
38 118
39 109
40 172
41 53
42 118
43 116
44 108
45 88
46 79
47 50
48 71
49 51
50 68
51 14
52 43
53 37
54 23
55 21
56 15
57 7
58 19
59 13
60 12
61 2
62 6
63 4
64 5
65 8
66 2
67 2
68 1
69 2
70 0
71 0
72 1
73 1
74 1
75 0
76 0
77 2
78 0
79 1
80 0
81 0
82 0
83 0
84 0
85 0
86 0
87 0
88 0
89 0
90 0
91 0
92 0
93 0
94 0
95 0
96 0
97 0
98 0
99 0
100 0
101 0
40
86093
