74
3913 3887 65.1163
3913 3886 63.2911
3913 3786 65.7895
3913 3720 60.3175
3913 3707 66.6667
3913 3623 60
3913 3599 65.8824
3913 3581 64.1975
3913 3556 60.7595
3913 3413 60.3175
3913 3389 65.2174
3913 3376 69.5652
3913 3338 60.4651
3913 3242 61.7647
3913 3229 69.5652
3913 3206 61.0169
3913 3110 65.8537
3913 3069 68.75
3913 3067 66.6667
3913 3064 64.3678
3913 3046 61.7647
3913 2915 67.6056
3913 2842 62.069
3913 2680 62.8571
3913 2655 60.241
3913 2611 61.8182
3913 2596 60.7595
3913 2591 66.6667
3913 2581 60.5263
3913 2558 64.3678
3913 2522 67.7966
3913 2513 61.3333
3913 2484 61.1765
3913 2482 64.6154
3913 2481 61.7647
3913 2458 61.0169
3913 2293 65.6716
3913 2248 68.8172
3913 2244 62.069
3913 2176 74.359
3913 2107 60.3175
3913 2034 65.5172
3913 1990 66.6667
3913 1955 69.5652
3913 1797 63.0137
3913 1768 66.6667
3913 1727 61.2903
3913 1691 70.2703
3913 1680 64.9351
3913 1470 66.6667
3913 1445 61.2903
3913 1407 61.5385
3913 1378 63.2653
3913 1371 74.0741
3913 1306 63.8889
3913 1274 64.1509
3913 1073 61.7647
3913 1053 60.241
3913 1020 66.6667
3913 1001 68.2927
3913 979 64.1026
3913 917 61.5385
3913 816 60.3175
3913 798 62.2222
3913 711 64.5161
3913 681 60.8696
3913 614 60.4167
3913 523 61.5385
3913 333 66.6667
3913 307 66.6667
3913 290 65.7143
3913 230 63.4921
3913 222 61.0169
3913 100 60.6742
0 0
1 0
2 0
3 0
4 1
5 0
6 2
7 5
8 13
9 3
10 5
11 16
12 33
13 9
14 25
15 46
16 61
17 40
18 52
19 76
20 107
21 45
22 71
23 78
24 100
25 112
26 93
27 113
28 129
29 118
30 112
31 87
32 161
33 113
34 114
35 157
36 123
37 99
38 122
39 110
40 136
41 97
42 110
43 83
44 101
45 100
46 87
47 52
48 68
49 64
50 69
51 39
52 48
53 35
54 37
55 29
56 40
57 36
58 17
59 22
60 18
61 13
62 15
63 4
64 5
65 8
66 8
67 9
68 2
69 3
70 3
71 1
72 0
73 0
74 0
75 2
76 0
77 0
78 0
79 0
80 0
81 0
82 0
83 0
84 0
85 0
86 0
87 0
88 0
89 0
90 0
91 0
92 0
93 0
94 0
95 0
96 0
97 0
98 0
99 0
100 0
101 0
44
85112
