26
4183 4013 60.9756
4183 3979 60.3175
4183 3912 64.8649
4183 3790 62.5
4183 3351 66.6667
4183 3306 61.9048
4183 3092 60.9756
4183 2866 78.481
4183 2752 61.3333
4183 2528 66.6667
4183 2296 68.4932
4183 2270 61.0526
4183 2252 64.5161
4183 1946 62.9213
4183 1871 60
4183 1734 61.5385
4183 1612 62.5
4183 1508 68.75
4183 1504 65.9341
4183 1418 64.5833
4183 1304 64.2857
4183 1275 62.9213
4183 586 64.3678
4183 464 67.5
4183 437 64
4183 29 63.5294
0 0
1 0
2 0
3 10
4 16
5 3
6 17
7 48
8 10
9 33
10 77
11 51
12 63
13 90
14 99
15 78
16 111
17 141
18 107
19 123
20 159
21 112
22 130
23 151
24 165
25 157
26 131
27 145
28 147
29 124
30 136
31 134
32 114
33 109
34 110
35 85
36 105
37 104
38 65
39 75
40 76
41 50
42 63
43 50
44 41
45 34
46 44
47 39
48 45
49 35
50 26
51 14
52 21
53 16
54 13
55 13
56 10
57 15
58 9
59 3
60 5
61 3
62 4
63 4
64 2
65 5
66 1
67 2
68 1
69 2
70 0
71 0
72 0
73 0
74 0
75 0
76 0
77 0
78 0
79 1
80 0
81 0
82 0
83 0
84 0
85 0
86 0
87 0
88 0
89 0
90 0
91 0
92 0
93 0
94 0
95 0
96 0
97 0
98 0
99 0
100 0
101 0
48
97444
