133
4330 4328 60.3175
4330 4326 66.6667
4330 4261 61.8182
4330 4228 62.2951
4330 4219 63.8298
4330 4217 63.6364
4330 4182 64.2857
4330 4156 66.6667
4330 4128 74.5098
4330 4125 61.5385
4330 4112 60
4330 4085 67.7419
4330 4067 62.7451
4330 4027 60.5263
4330 3998 66.6667
4330 3952 60.8696
4330 3798 64.4068
4330 3796 60.8696
4330 3751 60.8696
4330 3746 71.4286
4330 3722 68.6567
4330 3702 60
4330 3627 63.1579
4330 3568 63.8298
4330 3549 62.069
4330 3496 60.3774
4330 3489 68.75
4330 3392 60
4330 3335 64
4330 3274 61.2903
4330 3266 63.1579
4330 3222 65.3061
4330 3205 67.8571
4330 3164 64.5161
4330 3162 60.7143
4330 3154 62.6866
4330 3125 62.5
4330 3032 60.7143
4330 3016 72.4138
4330 2907 63.4921
4330 2798 69.2308
4330 2754 64.5161
4330 2731 64.2857
4330 2648 60
4330 2641 64.5161
4330 2606 61.7647
4330 2573 65.7143
4330 2548 63.0137
4330 2547 68
4330 2500 60.6061
4330 2496 64
4330 2495 63.7681
4330 2452 62.069
4330 2431 60
4330 2412 71.4286
4330 2396 64.2857
4330 2362 72.1311
4330 2350 62.7451
4330 2347 62.5
4330 2328 65.2174
4330 2310 60
4330 2306 61.3333
4330 2290 62.963
4330 2269 61.3333
4330 2267 62.1622
4330 2258 61.9718
4330 2198 60.3774
4330 2180 62.7451
4330 2177 62.7451
4330 2175 65.3846
4330 2158 61.8182
4330 2144 64.2857
4330 2136 61.2903
4330 2112 60
4330 2083 60.3175
4330 2074 69.0909
4330 1928 63.1579
4330 1922 63.4146
4330 1917 63.1579
4330 1819 63.1579
4330 1799 62.5
4330 1795 62.6866
4330 1743 62.5
4330 1729 60.3175
4330 1726 60.3175
4330 1684 60.3175
4330 1529 62.7451
4330 1515 63.7681
4330 1462 62.7907
4330 1453 60.6061
4330 1426 62.6866
4330 1364 60.4651
4330 1312 64.8649
4330 1280 62.7451
4330 1217 71.1111
4330 1207 60
4330 1162 68
4330 1135 62.2222
4330 1130 62.7451
4330 1122 63.4921
4330 1110 62.7451
4330 1105 61.7647
4330 1093 61.5385
4330 1070 62.069
4330 1041 65.2174
4330 1018 60.7143
4330 974 61.1111
4330 936 61.5385
4330 826 63.1579
4330 816 64.2857
4330 808 64
4330 804 60.274
4330 763 60.8696
4330 697 63.1579
4330 684 65.4545
4330 673 60.6061
4330 662 60.3175
4330 632 60.7143
4330 631 61.5385
4330 579 64.9351
4330 531 68.75
4330 477 65.6716
4330 413 61.5385
4330 365 70
4330 186 61.8182
4330 183 62.5
4330 175 62.7451
4330 173 63.3333
4330 88 63.4921
4330 48 68.0851
4330 27 61.5385
4330 22 65.5738
4330 18 65.625
0 0
1 0
2 0
3 0
4 0
5 0
6 0
7 0
8 0
9 0
10 0
11 0
12 0
13 1
14 8
15 3
16 4
17 6
18 23
19 13
20 25
21 18
22 29
23 35
24 56
25 38
26 52
27 99
28 79
29 83
30 113
31 94
32 152
33 108
34 102
35 133
36 168
37 128
38 143
39 161
40 251
41 109
42 174
43 170
44 178
45 146
46 158
47 143
48 142
49 99
50 143
51 72
52 90
53 68
54 91
55 73
56 56
57 40
58 43
59 44
60 40
61 22
62 17
63 25
64 21
65 11
66 9
67 3
68 4
69 4
70 3
71 0
72 3
73 2
74 0
75 1
76 0
77 0
78 0
79 0
80 0
81 0
82 0
83 0
84 0
85 0
86 0
87 0
88 0
89 0
90 0
91 0
92 0
93 0
94 0
95 0
96 0
97 0
98 0
99 0
100 0
101 0
48
104593
