73
4432 4331 62.6263
4432 4247 62.069
4432 4192 67.2414
4432 4149 68.6275
4432 4005 60
4432 3993 66.6667
4432 3958 65.5462
4432 3926 66.1017
4432 3891 69.5652
4432 3869 64.7059
4432 3824 68.5714
4432 3782 68.6275
4432 3569 69.3878
4432 3500 62.5
4432 3408 71.4286
4432 3388 67.3077
4432 3375 62.2642
4432 3353 60.1942
4432 3298 60.177
4432 3221 60
4432 3140 65.0407
4432 2888 61.9048
4432 2848 69.0265
4432 2758 60.1626
4432 2738 61.7021
4432 2605 61.1111
4432 2574 60.1626
4432 2374 60
4432 2282 73.3945
4432 2217 64.5161
4432 2195 65
4432 2132 64.4628
4432 1910 66.6667
4432 1854 72.549
4432 1845 67.2566
4432 1795 61.2245
4432 1766 62.3656
4432 1661 64.8649
4432 1660 63.4615
4432 1630 62.5
4432 1621 61.157
4432 1499 62.8571
4432 1493 62.7119
4432 1482 62.7451
4432 1439 62.8099
4432 1390 66.6667
4432 1320 67.8261
4432 1278 60.7143
4432 1168 67.3469
4432 1166 64.5161
4432 1153 63.7168
4432 1151 60.3175
4432 1057 61.7886
4432 1009 64.9123
4432 953 68
4432 871 64.8649
4432 869 60.2151
4432 862 64.8649
4432 853 73.5849
4432 839 71.5596
4432 801 67.3077
4432 750 60.5042
4432 652 62.6087
4432 558 60.6742
4432 550 72.0721
4432 423 67.2566
4432 404 68.75
4432 401 66.087
4432 134 63.2479
4432 101 70.0855
4432 59 60.8696
4432 32 66.6667
4432 20 64.8649
0 0
1 0
2 0
3 2
4 1
5 5
6 13
7 2
8 17
9 5
10 26
11 33
12 12
13 53
14 40
15 36
16 78
17 55
18 79
19 87
20 80
21 103
22 125
23 96
24 126
25 130
26 121
27 155
28 124
29 142
30 154
31 133
32 174
33 127
34 119
35 152
36 113
37 118
38 116
39 129
40 141
41 114
42 116
43 95
44 89
45 97
46 87
47 73
48 63
49 50
50 63
51 31
52 26
53 42
54 43
55 43
56 22
57 15
58 29
59 20
60 21
61 10
62 6
63 11
64 3
65 10
66 2
67 6
68 8
69 4
70 3
71 1
72 2
73 2
74 2
75 0
76 0
77 0
78 0
79 0
80 0
81 0
82 0
83 0
84 0
85 0
86 0
87 0
88 0
89 0
90 0
91 0
92 0
93 0
94 0
95 0
96 0
97 0
98 0
99 0
100 0
101 0
57
109544
