78
4458 4405 62.5
4458 4093 62.2222
4458 4088 61.8182
4458 3825 64.7059
4458 3734 79.1667
4458 3710 74.5098
4458 3708 60.4651
4458 3649 70.8333
4458 3614 60.6061
4458 3610 75
4458 3413 65.3846
4458 3403 64.5161
4458 3398 62.6866
4458 3390 62.6866
4458 3343 68.0851
4458 3312 60.3774
4458 3147 66.6667
4458 3049 65
4458 2995 63.6364
4458 2977 60.3774
4458 2956 61.1111
4458 2927 62.6866
4458 2874 62.5
4458 2816 72.3404
4458 2811 66.6667
4458 2716 66.6667
4458 2551 60
4458 2548 60.8696
4458 2544 60
4458 2516 66.6667
4458 2494 61.5385
4458 2415 65.3061
4458 2404 63.7681
4458 2390 60
4458 2366 76.5957
4458 2335 61.5385
4458 2292 65.3846
4458 2098 62.5
4458 2079 60.4651
4458 2054 62.7451
4458 2049 63.8298
4458 2045 79.0698
4458 1956 63.1579
4458 1896 63.4146
4458 1773 62.069
4458 1761 66.6667
4458 1707 75
4458 1681 62.5
4458 1490 63.3333
4458 1432 63.4146
4458 1407 62.6866
4458 1385 68.2927
4458 1353 63.1579
4458 1332 63.4146
4458 1235 60
4458 1222 70.8333
4458 1191 63.6364
4458 1017 66.6667
4458 999 62.963
4458 998 65.2174
4458 993 62.5
4458 924 68.8525
4458 844 72
4458 770 66.6667
4458 657 61.2245
4458 595 61.9048
4458 590 60.8696
4458 485 65.5172
4458 388 62.7451
4458 355 60.4651
4458 336 67.8571
4458 307 60.274
4458 299 68.75
4458 288 61.5385
4458 286 63.4146
4458 246 62.2222
4458 204 60
4458 56 61.0169
0 1
1 0
2 0
3 0
4 3
5 25
6 5
7 4
8 11
9 26
10 56
11 26
12 33
13 42
14 49
15 82
16 77
17 50
18 99
19 84
20 107
21 92
22 102
23 107
24 120
25 165
26 107
27 118
28 146
29 126
30 154
31 135
32 143
33 99
34 126
35 167
36 132
37 92
38 127
39 132
40 144
41 72
42 96
43 94
44 113
45 84
46 66
47 68
48 64
49 51
50 81
51 27
52 47
53 32
54 44
55 21
56 31
57 23
58 22
59 16
60 18
61 9
62 8
63 15
64 11
65 3
66 5
67 7
68 1
69 4
70 0
71 2
72 1
73 1
74 0
75 3
76 0
77 1
78 0
79 0
80 2
81 0
82 0
83 0
84 0
85 0
86 0
87 0
88 0
89 0
90 0
91 0
92 0
93 0
94 0
95 0
96 0
97 0
98 0
99 0
100 0
101 0
49
110885
