17
458 454 73.1183
458 432 61.8557
458 422 60.7143
458 312 64.5833
458 307 62
458 295 60.8696
458 252 69.3878
458 251 60.7843
458 235 73.913
458 209 67.3469
458 204 61.8557
458 117 68.5185
458 99 62.069
458 84 68.3544
458 71 66.6667
458 34 60.6742
458 28 68.5714
0 0
1 0
2 0
3 0
4 0
5 0
6 1
7 0
8 0
9 0
10 0
11 0
12 4
13 0
14 0
15 4
16 0
17 1
18 6
19 6
20 9
21 9
22 5
23 7
24 6
25 10
26 6
27 10
28 13
29 13
30 14
31 13
32 9
33 17
34 15
35 15
36 17
37 10
38 17
39 20
40 19
41 18
42 21
43 13
44 16
45 11
46 10
47 3
48 12
49 9
50 5
51 5
52 13
53 4
54 2
55 7
56 3
57 4
58 4
59 2
60 2
61 4
62 3
63 1
64 0
65 1
66 0
67 1
68 1
69 3
70 1
71 0
72 0
73 0
74 2
75 0
76 0
77 0
78 0
79 0
80 0
81 0
82 0
83 0
84 0
85 0
86 0
87 0
88 0
89 0
90 0
91 0
92 0
93 0
94 0
95 0
96 0
97 0
98 0
99 0
100 0
101 0
5
928
