130
4568 4551 62.5
4568 4459 67.8899
4568 4432 64.9123
4568 4347 61.3861
4568 4331 71.5789
4568 4321 67.2269
4568 4192 60.7143
4568 4156 60.4167
4568 4052 60.177
4568 4008 60.6742
4568 4006 64.4444
4568 4005 65.5172
4568 3958 62.6087
4568 3924 60.7843
4568 3913 60
4568 3891 64.8649
4568 3886 60.6061
4568 3881 66.6667
4568 3864 64.9573
4568 3852 63.2653
4568 3824 65.3465
4568 3818 66.6667
4568 3767 62.2951
4568 3755 60.1942
4568 3754 61.2613
4568 3718 61.157
4568 3712 62.7451
4568 3707 65.1163
4568 3660 64.9123
4568 3657 60.9524
4568 3591 61.8557
4568 3589 67.3267
4568 3558 64.2202
4568 3551 65.3846
4568 3531 60.1942
4568 3417 61.7021
4568 3394 60.5505
4568 3389 60.7143
4568 3388 66
4568 3375 66.6667
4568 3347 62.8571
4568 3318 60.9524
4568 3315 71.4286
4568 3298 60.5505
4568 3271 63.1579
4568 3174 65.2174
4568 3017 62.3656
4568 2888 63.9344
4568 2887 60.5505
4568 2854 69.9029
4568 2758 65.5462
4568 2726 67.2566
4568 2689 60.6061
4568 2686 72.0721
4568 2650 62.6506
4568 2648 63.9175
4568 2605 63.4615
4568 2604 66.6667
4568 2595 63.5514
4568 2541 61.1111
4568 2489 60.6061
4568 2467 64.0777
4568 2411 60
4568 2376 62.7119
4568 2368 62.7907
4568 2367 63.4615
4568 2317 62.7119
4568 2286 64.4444
4568 2267 63.3663
4568 2241 72
4568 2195 65.5172
4568 2167 62.6506
4568 2132 61.5385
4568 2129 62.7451
4568 2119 60.241
4568 2104 60.3448
4568 1970 61.7021
4568 1955 67.8571
4568 1897 60.4651
4568 1854 61.2245
4568 1832 62
4568 1805 67.2566
4568 1799 65.4206
4568 1797 64.5161
4568 1795 61.7021
4568 1784 62.6263
4568 1725 64.4068
4568 1691 63.8298
4568 1686 68
4568 1680 68.0412
4568 1667 60.1942
4568 1651 61.1111
4568 1647 61.8182
4568 1519 64.2202
4568 1482 63.2653
4568 1470 61.6822
4568 1456 61.0169
4568 1408 62
4568 1390 60.5042
4568 1369 63.2653
4568 1234 65.3061
4568 1163 68.1319
4568 1155 66.087
4568 1151 65.5738
4568 1068 60
4568 1001 60.7843
4568 956 67.4699
4568 952 60
4568 938 64.4444
4568 915 61.3861
4568 903 61.0526
4568 860 68
4568 840 68.0412
4568 804 60
4568 662 62.2222
4568 620 69.3069
4568 466 75.2294
4568 334 63.1579
4568 313 65.3061
4568 290 60
4568 264 77.0642
4568 233 62.069
4568 200 71.028
4568 190 63.4615
4568 133 61.6667
4568 101 67.2566
4568 100 60.5505
4568 32 67.2566
4568 14 72.7273
4568 8 65.2632
0 0
1 0
2 0
3 0
4 0
5 0
6 1
7 0
8 2
9 7
10 1
11 11
12 14
13 9
14 22
15 20
16 29
17 34
18 47
19 40
20 79
21 34
22 73
23 95
24 97
25 119
26 98
27 78
28 141
29 168
30 110
31 176
32 139
33 121
34 171
35 133
36 168
37 155
38 149
39 149
40 147
41 119
42 126
43 128
44 142
45 99
46 106
47 82
48 123
49 92
50 99
51 76
52 80
53 55
54 56
55 57
56 35
57 32
58 46
59 29
60 24
61 23
62 19
63 15
64 13
65 12
66 13
67 5
68 11
69 3
70 2
71 0
72 4
73 2
74 0
75 0
76 1
77 0
78 1
79 0
80 0
81 0
82 0
83 0
84 0
85 0
86 0
87 0
88 0
89 0
90 0
91 0
92 0
93 0
94 0
95 0
96 0
97 0
98 0
99 0
100 0
101 0
57
116447
