48
4665 4453 71.028
4665 4449 61.0526
4665 4357 74.1379
4665 4292 63.1579
4665 4099 61.1111
4665 4050 63.6364
4665 4040 63.3663
4665 3891 62.963
4665 3605 67.8899
4665 3543 60.3448
4665 3476 65.1685
4665 3450 60.2151
4665 3444 61.4035
4665 3293 60.1942
4665 3261 64.7619
4665 3193 63.4615
4665 3132 68.1319
4665 2996 67.3469
4665 2841 62.3377
4665 2715 60.6061
4665 2671 62.2642
4665 2552 61.8557
4665 2447 64.7619
4665 2331 61.9048
4665 2067 64.5161
4665 1997 60.2151
4665 1995 65.4206
4665 1916 64
4665 1906 78.1818
4665 1845 60.3774
4665 1837 62.2642
4665 1653 61.5385
4665 1621 66.6667
4665 1503 61.5385
4665 1493 70.2703
4665 1463 62.6263
4665 1210 64
4665 1203 63.9175
4665 996 60
4665 985 61.7284
4665 931 71.2644
4665 907 68.6275
4665 596 63.7168
4665 423 60.3774
4665 70 66.0377
4665 58 60.8696
4665 55 61.9048
4665 1 62.3377
0 0
1 0
2 0
3 5
4 0
5 11
6 23
7 4
8 20
9 51
10 13
11 34
12 74
13 29
14 68
15 108
16 67
17 79
18 126
19 102
20 137
21 108
22 114
23 143
24 186
25 156
26 122
27 182
28 161
29 154
30 175
31 123
32 140
33 148
34 124
35 178
36 104
37 107
38 161
39 86
40 138
41 72
42 97
43 63
44 84
45 66
46 61
47 45
48 57
49 45
50 55
51 30
52 35
53 32
54 25
55 20
56 18
57 17
58 19
59 4
60 11
61 8
62 9
63 6
64 8
65 3
66 2
67 2
68 2
69 2
70 0
71 1
72 2
73 0
74 0
75 1
76 0
77 0
78 0
79 1
80 0
81 0
82 0
83 0
84 0
85 0
86 0
87 0
88 0
89 0
90 0
91 0
92 0
93 0
94 0
95 0
96 0
97 0
98 0
99 0
100 0
101 0
58
121527
