153
4976 4954 62
4976 4833 73.1183
4976 4814 61.5385
4976 4794 66.6667
4976 4792 65.2632
4976 4779 63.4146
4976 4681 60.6061
4976 4667 62.3377
4976 4645 60.1942
4976 4636 62.9213
4976 4630 70.1031
4976 4614 72.093
4976 4613 60.2151
4976 4594 60.7595
4976 4572 63.0137
4976 4564 61.5385
4976 4513 65.2632
4976 4493 61.5385
4976 4485 62.5
4976 4447 66.6667
4976 4441 60.8696
4976 4400 64.0777
4976 4398 60.274
4976 4393 69.0476
4976 4264 68.0412
4976 4245 61.5385
4976 4184 68.0412
4976 4100 66.6667
4976 4079 69.4737
4976 4041 62.9213
4976 4020 60
4976 4014 62.5
4976 3892 63.1579
4976 3831 64
4976 3736 61.1765
4976 3725 77.5
4976 3724 62.7907
4976 3712 60.8696
4976 3698 63.5294
4976 3693 72.2222
4976 3668 77.8947
4976 3662 65.1163
4976 3474 70.8333
4976 3451 73.6842
4976 3432 60.3774
4976 3424 69.2308
4976 3330 65.9091
4976 3322 66.6667
4976 3189 65.9091
4976 3128 60
4976 3119 60
4976 3116 65.7534
4976 3073 60.4167
4976 3028 61.7021
4976 3018 66.6667
4976 3005 61.7021
4976 2971 60.5263
4976 2951 61.9048
4976 2938 72.549
4976 2878 64.4444
4976 2805 62.2222
4976 2797 67.3267
4976 2764 61.7284
4976 2738 60
4976 2737 61.3861
4976 2732 66.6667
4976 2726 64.0777
4976 2722 63.2653
4976 2720 66.6667
4976 2711 66.6667
4976 2699 64.5161
4976 2693 64.0777
4976 2689 65.1685
4976 2627 63.0435
4976 2593 62.069
4976 2575 62.6263
4976 2562 60
4976 2550 60.9756
4976 2541 69.3878
4976 2539 61.1765
4976 2509 61.1111
4976 2498 74.0741
4976 2491 62.5
4976 2460 64.7059
4976 2427 63.0435
4976 2298 63.5294
4976 2215 60.4651
4976 2124 64.2857
4976 2031 66.6667
4976 2019 60.9756
4976 1999 60.8696
4976 1986 61.2245
4976 1942 63.6364
4976 1937 77.7778
4976 1930 65
4976 1861 60.6742
4976 1817 67.3077
4976 1796 61.8557
4976 1785 67.6471
4976 1706 61.8557
4976 1535 65.2174
4976 1482 61.3636
4976 1416 64.0777
4976 1412 70
4976 1356 69.3069
4976 1355 60
4976 1345 68.1319
4976 1330 61.5385
4976 1301 67.5
4976 1169 62.2222
4976 1103 61.7284
4976 1084 60
4976 1079 61.0526
4976 1058 64.6465
4976 1011 66.6667
4976 1001 60.8696
4976 899 64.1975
4976 889 63.5294
4976 864 65.1163
4976 852 67.3684
4976 851 68
4976 850 62.8571
4976 815 61.5385
4976 758 68.8889
4976 716 63.7681
4976 706 63.0435
4976 689 68.0851
4976 674 71.9101
4976 580 63.8298
4976 578 61.7647
4976 556 60
4976 551 62.1359
4976 539 73.6842
4976 509 61.0526
4976 442 62.3656
4976 436 69.8795
4976 428 64.2202
4976 422 62.2642
4976 375 67.6056
4976 359 60.241
4976 296 68.0851
4976 276 73.1183
4976 273 75
4976 271 65.8228
4976 250 64
4976 181 60.7595
4976 142 68.4211
4976 54 69.7674
4976 42 61.2245
4976 38 63.3663
4976 36 61.3333
4976 9 72.5
4976 7 60.4651
0 0
1 0
2 0
3 0
4 0
5 0
6 0
7 3
8 1
9 3
10 7
11 6
12 11
13 31
14 21
15 26
16 28
17 47
18 31
19 47
20 102
21 51
22 89
23 102
24 101
25 105
26 94
27 122
28 125
29 135
30 169
31 138
32 137
33 202
34 130
35 167
36 190
37 142
38 185
39 191
40 178
41 119
42 150
43 123
44 124
45 132
46 127
47 110
48 120
49 90
50 113
51 52
52 69
53 84
54 64
55 63
56 40
57 33
58 34
59 34
60 32
61 19
62 25
63 15
64 16
65 12
66 10
67 10
68 7
69 7
70 8
71 2
72 1
73 4
74 4
75 2
76 0
77 0
78 3
79 0
80 0
81 0
82 0
83 0
84 0
85 0
86 0
87 0
88 0
89 0
90 0
91 0
92 0
93 0
94 0
95 0
96 0
97 0
98 0
99 0
100 0
101 0
60
138473
