102
5298 5277 64.6154
5298 5204 63.1579
5298 5143 60.274
5298 5086 61.2903
5298 5059 62.2222
5298 4973 64.5161
5298 4919 61.2245
5298 4917 60
5298 4879 62.2951
5298 4751 62.2222
5298 4749 64.7059
5298 4744 64.6154
5298 4705 66.6667
5298 4617 61.5385
5298 4549 71.4286
5298 4548 61.5385
5298 4474 61.2245
5298 4430 62.5
5298 4426 65.7143
5298 4068 63.8889
5298 4032 68.9655
5298 4018 61.5385
5298 3952 60
5298 3914 63.4921
5298 3865 60.3175
5298 3822 60
5298 3685 60.3774
5298 3672 62.7451
5298 3607 66.6667
5298 3518 63.1579
5298 3501 63.1579
5298 3386 69.8413
5298 3355 64.4068
5298 3343 61.5385
5298 3260 60.3175
5298 3234 60
5298 3124 61.2245
5298 2995 61.2245
5298 2886 62.8571
5298 2874 60.3774
5298 2853 62.3377
5298 2775 65.6716
5298 2764 61.5385
5298 2701 62.069
5298 2688 61.9718
5298 2656 60
5298 2644 64.7059
5298 2418 62.069
5298 2382 61.1765
5298 2353 63.1579
5298 2344 64.6154
5298 2341 66.6667
5298 2268 62.2222
5298 2251 65.3846
5298 2208 61.0169
5298 2187 64.4068
5298 2173 75.6757
5298 2131 64.1026
5298 2118 68.0851
5298 2102 61.2245
5298 2011 61.7647
5298 1892 69.3878
5298 1890 60.4651
5298 1842 66.6667
5298 1833 62.1622
5298 1819 62.069
5298 1810 66.6667
5298 1756 61.5385
5298 1743 61.5385
5298 1741 61.2245
5298 1713 64.7887
5298 1711 66.6667
5298 1681 60.3774
5298 1645 61.2245
5298 1590 62.069
5298 1549 61.2903
5298 1548 92.0635
5298 1543 64.7059
5298 1506 62.8571
5298 1479 70.3704
5298 1475 69.697
5298 1375 62.5
5298 1340 61.2245
5298 1245 72.4138
5298 1193 61.1765
5298 1088 60.7143
5298 904 62.963
5298 884 64.4068
5298 764 61.5385
5298 739 60.7143
5298 683 63.4921
5298 669 62.5
5298 624 61.5385
5298 599 60.6061
5298 519 64.6154
5298 508 61.1111
5298 496 61.2903
5298 385 62.963
5298 320 63.1579
5298 246 64
5298 213 66.6667
5298 204 61.3333
0 0
1 0
2 0
3 0
4 0
5 0
6 0
7 0
8 1
9 2
10 2
11 0
12 9
13 5
14 11
15 3
16 19
17 25
18 47
19 25
20 38
21 50
22 77
23 82
24 62
25 116
26 72
27 133
28 122
29 120
30 147
31 150
32 219
33 143
34 159
35 223
36 212
37 173
38 202
39 204
40 238
41 139
42 192
43 153
44 182
45 166
46 163
47 148
48 127
49 116
50 173
51 57
52 82
53 75
54 84
55 44
56 60
57 43
58 37
59 41
60 27
61 10
62 27
63 18
64 9
65 13
66 3
67 7
68 0
69 2
70 3
71 1
72 1
73 1
74 0
75 0
76 1
77 0
78 0
79 0
80 0
81 0
82 0
83 0
84 0
85 0
86 0
87 0
88 0
89 0
90 0
91 0
92 0
93 1
94 0
95 0
96 0
97 0
98 0
99 0
100 0
101 0
60
158370
