14
650 542 62.6263
650 541 61.3861
650 526 64.2857
650 481 66.6667
650 408 64.1975
650 397 61.7021
650 356 62.963
650 342 69.4737
650 302 60
650 301 65.7895
650 210 72.1649
650 171 70.5882
650 143 67.2897
650 87 63.5294
0 0
1 0
2 0
3 0
4 0
5 1
6 0
7 1
8 1
9 3
10 4
11 4
12 4
13 3
14 6
15 2
16 7
17 11
18 6
19 10
20 15
21 10
22 9
23 11
24 17
25 11
26 12
27 17
28 14
29 16
30 30
31 18
32 13
33 19
34 23
35 17
36 14
37 30
38 23
39 13
40 27
41 14
42 20
43 13
44 12
45 17
46 17
47 12
48 18
49 6
50 21
51 5
52 16
53 6
54 7
55 5
56 7
57 5
58 5
59 4
60 4
61 0
62 2
63 2
64 1
65 2
66 1
67 1
68 1
69 0
70 1
71 1
72 0
73 1
74 0
75 0
76 0
77 0
78 0
79 0
80 0
81 0
82 0
83 0
84 0
85 0
86 0
87 0
88 0
89 0
90 0
91 0
92 0
93 0
94 0
95 0
96 0
97 0
98 0
99 0
100 0
101 0
7
2024
