9
653 611 60
653 447 62.6866
653 391 61.9048
653 362 60.6061
653 353 69.5652
653 325 63.4921
653 305 64.2857
653 156 70.1299
653 49 65.625
0 0
1 0
2 0
3 0
4 1
5 0
6 0
7 0
8 0
9 0
10 0
11 0
12 0
13 0
14 2
15 0
16 2
17 1
18 5
19 1
20 4
21 1
22 7
23 12
24 10
25 13
26 9
27 13
28 12
29 15
30 16
31 14
32 22
33 17
34 17
35 25
36 25
37 23
38 26
39 27
40 37
41 15
42 20
43 19
44 33
45 18
46 21
47 20
48 27
49 12
50 24
51 8
52 15
53 4
54 13
55 3
56 8
57 8
58 8
59 7
60 4
61 1
62 1
63 1
64 1
65 1
66 1
67 0
68 0
69 0
70 1
71 1
72 0
73 0
74 0
75 0
76 0
77 0
78 0
79 0
80 0
81 0
82 0
83 0
84 0
85 0
86 0
87 0
88 0
89 0
90 0
91 0
92 0
93 0
94 0
95 0
96 0
97 0
98 0
99 0
100 0
101 0
7
2045
