9
803 759 70.2703
803 743 68.5714
803 736 65.2174
803 485 62.7451
803 451 60.8696
803 387 61.5385
803 329 60.4651
803 301 64
803 240 61.5385
0 2
1 0
2 0
3 0
4 2
5 8
6 6
7 7
8 2
9 2
10 13
11 11
12 29
13 17
14 14
15 20
16 18
17 22
18 27
19 17
20 28
21 13
22 30
23 31
24 24
25 32
26 16
27 27
28 23
29 23
30 34
31 29
32 28
33 19
34 14
35 27
36 23
37 13
38 14
39 11
40 21
41 9
42 8
43 4
44 12
45 10
46 6
47 2
48 6
49 9
50 5
51 2
52 2
53 4
54 5
55 5
56 3
57 2
58 1
59 0
60 1
61 2
62 2
63 1
64 1
65 0
66 1
67 0
68 0
69 1
70 0
71 1
72 0
73 0
74 0
75 0
76 0
77 0
78 0
79 0
80 0
81 0
82 0
83 0
84 0
85 0
86 0
87 0
88 0
89 0
90 0
91 0
92 0
93 0
94 0
95 0
96 0
97 0
98 0
99 0
100 0
101 0
7
3208
