23
851 838 64.3678
851 814 62.5
851 745 66.0194
851 706 64.7059
851 689 67.3077
851 674 66.6667
851 646 65.5462
851 603 63.2653
851 579 63.4615
851 530 64.8649
851 519 61.5385
851 499 68.0851
851 442 60.1942
851 436 62.3656
851 428 67.2269
851 276 62.1359
851 273 61.4035
851 272 60.1942
851 154 64.4444
851 153 71.2871
851 104 69.0476
851 42 64.8148
851 28 62.3853
0 0
1 0
2 0
3 0
4 0
5 0
6 0
7 0
8 1
9 1
10 0
11 0
12 5
13 2
14 5
15 4
16 2
17 6
18 4
19 11
20 18
21 7
22 18
23 11
24 12
25 23
26 21
27 20
28 17
29 27
30 17
31 25
32 24
33 27
34 26
35 24
36 30
37 28
38 26
39 18
40 28
41 18
42 28
43 28
44 38
45 19
46 23
47 20
48 26
49 14
50 17
51 13
52 16
53 8
54 16
55 14
56 7
57 5
58 13
59 9
60 7
61 2
62 2
63 4
64 2
65 5
66 1
67 2
68 2
69 1
70 1
71 0
72 1
73 0
74 0
75 0
76 0
77 0
78 0
79 0
80 0
81 0
82 0
83 0
84 0
85 0
86 0
87 0
88 0
89 0
90 0
91 0
92 0
93 0
94 0
95 0
96 0
97 0
98 0
99 0
100 0
101 0
10
3620
