25
918 906 63.2479
918 889 61.0526
918 861 64.0777
918 805 66.0377
918 757 60.3448
918 733 64.9123
918 724 60.9524
918 714 60.7143
918 707 63.8655
918 692 60.241
918 637 62
918 614 60.3448
918 553 60.9524
918 551 79.646
918 545 61.3636
918 539 62.8571
918 533 64.0777
918 442 62.1359
918 441 60.5505
918 440 69.0909
918 428 77.3109
918 394 61.8557
918 323 60.3774
918 157 65.3061
918 80 62.1359
0 0
1 0
2 0
3 0
4 0
5 0
6 0
7 0
8 3
9 2
10 0
11 2
12 6
13 2
14 7
15 10
16 6
17 10
18 10
19 12
20 19
21 18
22 21
23 26
24 16
25 29
26 21
27 21
28 30
29 34
30 21
31 24
32 27
33 29
34 33
35 22
36 31
37 31
38 27
39 30
40 31
41 27
42 26
43 21
44 22
45 17
46 22
47 11
48 17
49 18
50 16
51 8
52 11
53 11
54 10
55 10
56 9
57 7
58 7
59 6
60 5
61 8
62 4
63 3
64 2
65 3
66 1
67 1
68 0
69 0
70 1
71 0
72 0
73 0
74 0
75 0
76 0
77 0
78 1
79 0
80 1
81 0
82 0
83 0
84 0
85 0
86 0
87 0
88 0
89 0
90 0
91 0
92 0
93 0
94 0
95 0
96 0
97 0
98 0
99 0
100 0
101 0
11
4251
