16
961 919 63.6364
961 850 63.6364
961 716 60.4651
961 696 72.7273
961 578 80.9524
961 479 63.4146
961 443 61.5385
961 364 63.4146
961 359 63.1579
961 180 61.9048
961 168 72.3404
961 142 60
961 137 73.1707
961 104 62.5
961 54 63.3333
961 44 61.1111
0 0
1 0
2 0
3 0
4 1
5 1
6 5
7 1
8 7
9 5
10 5
11 11
12 17
13 15
14 19
15 21
16 12
17 37
18 25
19 10
20 29
21 20
22 33
23 28
24 27
25 37
26 15
27 31
28 34
29 35
30 36
31 25
32 30
33 27
34 29
35 31
36 17
37 21
38 36
39 23
40 25
41 14
42 18
43 18
44 18
45 6
46 14
47 21
48 10
49 11
50 7
51 4
52 4
53 4
54 1
55 3
56 4
57 1
58 3
59 1
60 2
61 1
62 3
63 1
64 6
65 0
66 0
67 0
68 0
69 0
70 0
71 0
72 0
73 2
74 1
75 0
76 0
77 0
78 0
79 0
80 0
81 1
82 0
83 0
84 0
85 0
86 0
87 0
88 0
89 0
90 0
91 0
92 0
93 0
94 0
95 0
96 0
97 0
98 0
99 0
100 0
101 0
8
4674
