0
0 0
1 0
2 0
3 0
4 0
5 0
6 0
7 0
8 0
9 1
10 0
11 0
12 0
13 0
14 0
15 0
16 0
17 2
18 4
19 2
20 5
21 7
22 11
23 8
24 8
25 13
26 6
27 16
28 15
29 15
30 15
31 24
32 11
33 25
34 26
35 30
36 26
37 29
38 29
39 32
40 43
41 27
42 20
43 27
44 35
45 26
46 39
47 29
48 32
49 31
50 39
51 13
52 27
53 29
54 25
55 28
56 13
57 19
58 28
59 25
60 23
61 10
62 18
63 14
64 8
65 16
66 10
67 3
68 4
69 7
70 5
71 3
72 1
73 4
74 2
75 3
76 3
77 1
78 4
79 0
80 2
81 0
82 0
83 0
84 0
85 0
86 0
87 0
88 0
89 0
90 0
91 0
92 0
93 0
94 0
95 0
96 0
97 0
98 0
99 0
100 0
101 0
14
7049
