0
0 0
1 0
2 0
3 0
4 0
5 0
6 0
7 0
8 0
9 0
10 0
11 0
12 0
13 0
14 0
15 0
16 0
17 0
18 0
19 1
20 0
21 4
22 0
23 1
24 0
25 3
26 1
27 2
28 1
29 3
30 1
31 4
32 4
33 6
34 5
35 6
36 16
37 7
38 11
39 14
40 20
41 17
42 17
43 16
44 20
45 25
46 28
47 22
48 39
49 29
50 54
51 21
52 31
53 49
54 31
55 37
56 35
57 42
58 50
59 45
60 36
61 30
62 38
63 28
64 28
65 20
66 35
67 37
68 24
69 33
70 34
71 14
72 16
73 22
74 14
75 18
76 9
77 8
78 7
79 7
80 5
81 3
82 2
83 0
84 3
85 1
86 1
87 0
88 0
89 0
90 0
91 0
92 0
93 0
94 0
95 0
96 0
97 0
98 0
99 0
100 0
101 0
16
9056
