0
0 0
1 0
2 0
3 0
4 0
5 0
6 0
7 0
8 0
9 0
10 0
11 0
12 0
13 1
14 1
15 0
16 0
17 1
18 0
19 2
20 2
21 1
22 0
23 1
24 0
25 2
26 4
27 3
28 3
29 3
30 8
31 3
32 8
33 8
34 6
35 14
36 12
37 18
38 24
39 10
40 20
41 16
42 17
43 21
44 24
45 19
46 27
47 16
48 27
49 29
50 39
51 15
52 28
53 31
54 25
55 37
56 37
57 38
58 40
59 27
60 39
61 43
62 28
63 24
64 32
65 29
66 36
67 20
68 26
69 22
70 20
71 19
72 23
73 20
74 19
75 13
76 13
77 4
78 4
79 4
80 5
81 2
82 3
83 2
84 2
85 2
86 0
87 1
88 0
89 0
90 0
91 0
92 0
93 0
94 0
95 0
96 0
97 0
98 0
99 0
100 0
101 0
15
8020
