0
0 0
1 0
2 0
3 0
4 0
5 0
6 0
7 0
8 0
9 0
10 0
11 0
12 0
13 0
14 0
15 0
16 0
17 1
18 1
19 1
20 3
21 0
22 2
23 5
24 3
25 7
26 1
27 5
28 3
29 5
30 8
31 3
32 8
33 14
34 10
35 8
36 17
37 11
38 15
39 24
40 32
41 19
42 32
43 29
44 24
45 24
46 26
47 34
48 22
49 16
50 56
51 17
52 38
53 39
54 47
55 51
56 33
57 36
58 54
59 44
60 36
61 20
62 41
63 32
64 42
65 23
66 26
67 31
68 33
69 20
70 23
71 21
72 15
73 19
74 17
75 11
76 7
77 7
78 7
79 8
80 14
81 5
82 6
83 1
84 2
85 0
86 0
87 1
88 0
89 0
90 0
91 0
92 0
93 0
94 0
95 0
96 0
97 0
98 0
99 0
100 0
101 0
17
10790
