0
0 0
1 0
2 0
3 0
4 0
5 0
6 0
7 0
8 0
9 0
10 0
11 0
12 0
13 0
14 0
15 0
16 0
17 0
18 0
19 0
20 0
21 0
22 1
23 2
24 0
25 1
26 2
27 2
28 3
29 2
30 5
31 4
32 5
33 8
34 2
35 7
36 11
37 14
38 23
39 20
40 32
41 29
42 29
43 34
44 45
45 38
46 46
47 45
48 63
49 61
50 68
51 36
52 54
53 51
54 68
55 34
56 60
57 36
58 51
59 45
60 39
61 39
62 51
63 30
64 46
65 25
66 23
67 8
68 21
69 15
70 11
71 20
72 13
73 6
74 5
75 4
76 2
77 1
78 0
79 1
80 0
81 2
82 0
83 0
84 0
85 0
86 0
87 0
88 0
89 0
90 0
91 0
92 0
93 0
94 0
95 0
96 0
97 0
98 0
99 0
100 0
101 0
19
12655
