0
0 0
1 0
2 0
3 0
4 0
5 0
6 0
7 0
8 0
9 0
10 0
11 0
12 0
13 0
14 0
15 0
16 1
17 0
18 0
19 1
20 0
21 0
22 1
23 0
24 0
25 3
26 2
27 4
28 6
29 1
30 2
31 4
32 5
33 11
34 15
35 14
36 13
37 13
38 17
39 24
40 37
41 19
42 36
43 50
44 46
45 38
46 47
47 47
48 44
49 38
50 64
51 30
52 37
53 51
54 46
55 64
56 48
57 61
58 51
59 52
60 55
61 45
62 33
63 33
64 38
65 36
66 20
67 15
68 13
69 15
70 13
71 6
72 7
73 3
74 3
75 3
76 1
77 4
78 1
79 0
80 2
81 0
82 0
83 0
84 0
85 0
86 0
87 0
88 0
89 0
90 0
91 0
92 0
93 0
94 0
95 0
96 0
97 0
98 0
99 0
100 0
101 0
23
12465
