0
0 0
1 0
2 0
3 0
4 0
5 0
6 0
7 0
8 0
9 0
10 0
11 0
12 0
13 0
14 0
15 0
16 0
17 3
18 5
19 7
20 7
21 6
22 16
23 14
24 21
25 19
26 25
27 28
28 28
29 39
30 36
31 46
32 43
33 56
34 48
35 57
36 56
37 53
38 44
39 59
40 52
41 34
42 62
43 60
44 42
45 40
46 46
47 45
48 32
49 24
50 40
51 13
52 26
53 17
54 24
55 16
56 18
57 10
58 17
59 5
60 5
61 4
62 4
63 3
64 2
65 1
66 0
67 0
68 1
69 0
70 0
71 0
72 0
73 0
74 0
75 0
76 0
77 0
78 0
79 0
80 0
81 0
82 0
83 0
84 0
85 0
86 0
87 0
88 0
89 0
90 0
91 0
92 0
93 0
94 0
95 0
96 0
97 0
98 0
99 0
100 0
101 0
18
11911
