0
0 0
1 0
2 0
3 0
4 0
5 0
6 0
7 0
8 0
9 0
10 0
11 0
12 0
13 0
14 0
15 0
16 0
17 0
18 0
19 0
20 2
21 0
22 0
23 0
24 0
25 2
26 0
27 0
28 0
29 1
30 3
31 4
32 2
33 0
34 7
35 2
36 4
37 7
38 5
39 4
40 5
41 9
42 8
43 13
44 14
45 19
46 31
47 26
48 38
49 28
50 38
51 34
52 34
53 46
54 50
55 44
56 47
57 54
58 45
59 66
60 71
61 43
62 62
63 41
64 72
65 60
66 51
67 59
68 32
69 37
70 42
71 25
72 28
73 16
74 23
75 18
76 8
77 6
78 4
79 2
80 4
81 1
82 2
83 1
84 1
85 0
86 0
87 0
88 0
89 0
90 0
91 0
92 0
93 0
94 0
95 0
96 0
97 0
98 0
99 0
100 0
101 0
19
12693
