0
0 0
1 0
2 0
3 0
4 0
5 0
6 0
7 0
8 0
9 0
10 0
11 0
12 0
13 0
14 0
15 0
16 0
17 1
18 0
19 0
20 0
21 0
22 1
23 0
24 1
25 0
26 0
27 0
28 2
29 2
30 3
31 1
32 5
33 1
34 5
35 0
36 2
37 3
38 8
39 6
40 10
41 11
42 10
43 9
44 12
45 17
46 16
47 13
48 24
49 22
50 34
51 20
52 28
53 37
54 42
55 44
56 61
57 42
58 64
59 48
60 53
61 58
62 53
63 48
64 47
65 48
66 56
67 40
68 52
69 48
70 48
71 38
72 45
73 32
74 39
75 33
76 19
77 26
78 22
79 10
80 13
81 7
82 3
83 3
84 6
85 2
86 4
87 2
88 1
89 0
90 0
91 0
92 0
93 0
94 0
95 0
96 0
97 0
98 0
99 0
100 0
101 0
19
13878
