0
0 0
1 0
2 0
3 0
4 0
5 0
6 0
7 0
8 0
9 0
10 0
11 0
12 0
13 0
14 0
15 0
16 0
17 0
18 0
19 1
20 0
21 0
22 0
23 0
24 0
25 1
26 0
27 1
28 1
29 1
30 3
31 4
32 3
33 1
34 3
35 8
36 6
37 9
38 7
39 9
40 14
41 6
42 15
43 13
44 13
45 20
46 12
47 12
48 28
49 37
50 37
51 12
52 32
53 47
54 26
55 47
56 49
57 47
58 52
59 34
60 56
61 57
62 55
63 38
64 62
65 49
66 52
67 37
68 51
69 48
70 45
71 22
72 49
73 42
74 25
75 25
76 14
77 18
78 19
79 16
80 11
81 4
82 7
83 2
84 0
85 2
86 0
87 0
88 0
89 0
90 0
91 0
92 0
93 0
94 0
95 0
96 0
97 0
98 0
99 0
100 0
101 0
19
12997
