0
0 0
1 0
2 0
3 0
4 0
5 0
6 0
7 0
8 0
9 0
10 0
11 0
12 0
13 0
14 0
15 0
16 0
17 0
18 0
19 0
20 0
21 0
22 0
23 0
24 0
25 0
26 0
27 0
28 0
29 1
30 1
31 0
32 0
33 1
34 2
35 0
36 1
37 6
38 3
39 1
40 5
41 2
42 5
43 3
44 2
45 6
46 6
47 7
48 7
49 7
50 4
51 3
52 4
53 7
54 7
55 4
56 4
57 12
58 5
59 7
60 7
61 5
62 4
63 6
64 1
65 2
66 3
67 3
68 1
69 2
70 1
71 0
72 0
73 1
74 0
75 0
76 0
77 0
78 0
79 0
80 0
81 0
82 0
83 0
84 0
85 0
86 0
87 0
88 0
89 0
90 0
91 0
92 0
93 0
94 0
95 0
96 0
97 0
98 0
99 0
100 0
101 0
2
96
