0
0 0
1 0
2 0
3 0
4 0
5 0
6 0
7 0
8 0
9 0
10 0
11 0
12 0
13 0
14 0
15 0
16 0
17 1
18 1
19 2
20 0
21 4
22 2
23 4
24 2
25 5
26 4
27 2
28 10
29 4
30 7
31 10
32 14
33 23
34 15
35 20
36 29
37 19
38 29
39 19
40 32
41 24
42 40
43 35
44 37
45 30
46 41
47 41
48 42
49 55
50 67
51 37
52 67
53 35
54 68
55 50
56 38
57 48
58 57
59 56
60 55
61 45
62 45
63 37
64 48
65 30
66 58
67 26
68 33
69 26
70 28
71 22
72 18
73 13
74 17
75 9
76 10
77 7
78 6
79 3
80 3
81 2
82 0
83 1
84 0
85 0
86 0
87 0
88 0
89 0
90 0
91 0
92 0
93 0
94 0
95 0
96 0
97 0
98 0
99 0
100 0
101 0
22
18218
