0
0 0
1 0
2 0
3 0
4 0
5 0
6 0
7 0
8 0
9 1
10 0
11 1
12 0
13 1
14 0
15 0
16 4
17 5
18 2
19 5
20 4
21 3
22 7
23 4
24 7
25 5
26 11
27 9
28 10
29 14
30 13
31 17
32 11
33 23
34 30
35 25
36 30
37 25
38 42
39 33
40 56
41 39
42 46
43 44
44 51
45 42
46 46
47 63
48 54
49 50
50 56
51 30
52 66
53 37
54 57
55 43
56 35
57 46
58 48
59 40
60 34
61 33
62 26
63 37
64 32
65 21
66 23
67 22
68 15
69 15
70 21
71 14
72 15
73 10
74 9
75 8
76 3
77 1
78 4
79 2
80 3
81 2
82 3
83 0
84 1
85 1
86 0
87 0
88 1
89 0
90 0
91 0
92 0
93 0
94 0
95 0
96 0
97 0
98 0
99 0
100 0
101 0
22
17754
