0
0 0
1 0
2 0
3 0
4 0
5 0
6 0
7 0
8 0
9 0
10 0
11 0
12 0
13 0
14 0
15 0
16 0
17 0
18 1
19 0
20 0
21 0
22 0
23 0
24 0
25 1
26 0
27 1
28 1
29 2
30 1
31 3
32 4
33 4
34 5
35 5
36 5
37 7
38 7
39 10
40 8
41 10
42 14
43 15
44 21
45 15
46 26
47 20
48 25
49 38
50 41
51 17
52 35
53 34
54 54
55 38
56 55
57 52
58 57
59 50
60 57
61 58
62 70
63 54
64 56
65 55
66 64
67 51
68 50
69 54
70 51
71 40
72 41
73 43
74 49
75 45
76 27
77 15
78 34
79 13
80 25
81 5
82 7
83 6
84 3
85 3
86 1
87 0
88 0
89 0
90 0
91 0
92 0
93 0
94 0
95 0
96 0
97 0
98 0
99 0
100 0
101 0
22
18019
