0
0 0
1 0
2 0
3 0
4 0
5 0
6 0
7 0
8 0
9 0
10 0
11 0
12 0
13 0
14 0
15 0
16 0
17 0
18 1
19 0
20 1
21 0
22 0
23 0
24 0
25 0
26 0
27 1
28 0
29 2
30 0
31 1
32 2
33 3
34 0
35 4
36 10
37 9
38 15
39 7
40 16
41 11
42 23
43 15
44 23
45 25
46 31
47 34
48 44
49 57
50 58
51 33
52 72
53 45
54 86
55 70
56 82
57 72
58 71
59 75
60 84
61 60
62 62
63 58
64 71
65 54
66 49
67 41
68 34
69 36
70 28
71 19
72 25
73 7
74 7
75 10
76 1
77 3
78 0
79 1
80 1
81 0
82 0
83 0
84 0
85 0
86 0
87 0
88 0
89 0
90 0
91 0
92 0
93 0
94 0
95 0
96 0
97 0
98 0
99 0
100 0
101 0
22
17820
