0
0 0
1 0
2 0
3 0
4 0
5 0
6 0
7 0
8 0
9 0
10 0
11 0
12 0
13 0
14 2
15 0
16 1
17 0
18 1
19 0
20 0
21 0
22 1
23 2
24 2
25 3
26 2
27 5
28 4
29 5
30 7
31 5
32 8
33 11
34 10
35 15
36 10
37 13
38 13
39 10
40 29
41 10
42 19
43 23
44 24
45 33
46 29
47 22
48 40
49 37
50 40
51 31
52 35
53 44
54 47
55 40
56 44
57 50
58 51
59 46
60 49
61 50
62 46
63 57
64 56
65 42
66 62
67 36
68 45
69 54
70 46
71 25
72 25
73 24
74 26
75 17
76 23
77 28
78 19
79 15
80 15
81 6
82 3
83 3
84 4
85 2
86 2
87 2
88 0
89 0
90 1
91 0
92 0
93 0
94 0
95 0
96 0
97 0
98 0
99 0
100 0
101 0
21
16875
