0
0 0
1 0
2 0
3 0
4 0
5 0
6 0
7 0
8 0
9 0
10 0
11 0
12 0
13 0
14 0
15 0
16 0
17 0
18 0
19 1
20 0
21 1
22 0
23 3
24 0
25 2
26 0
27 2
28 4
29 0
30 3
31 7
32 3
33 3
34 3
35 7
36 13
37 15
38 13
39 12
40 20
41 17
42 25
43 14
44 43
45 26
46 53
47 39
48 50
49 54
50 64
51 31
52 56
53 50
54 71
55 50
56 89
57 73
58 80
59 67
60 68
61 67
62 51
63 71
64 52
65 61
66 48
67 49
68 38
69 35
70 43
71 31
72 22
73 23
74 19
75 11
76 8
77 7
78 7
79 3
80 1
81 1
82 1
83 1
84 1
85 0
86 0
87 0
88 0
89 0
90 0
91 0
92 0
93 0
94 0
95 0
96 0
97 0
98 0
99 0
100 0
101 0
24
20886
