0
0 0
1 0
2 0
3 0
4 0
5 0
6 0
7 0
8 0
9 0
10 0
11 0
12 0
13 0
14 0
15 0
16 0
17 0
18 0
19 0
20 0
21 0
22 0
23 0
24 0
25 1
26 1
27 1
28 1
29 0
30 2
31 0
32 0
33 2
34 2
35 1
36 5
37 6
38 7
39 8
40 7
41 9
42 6
43 14
44 14
45 15
46 11
47 29
48 31
49 41
50 37
51 27
52 53
53 54
54 75
55 69
56 72
57 73
58 73
59 85
60 79
61 62
62 82
63 68
64 84
65 97
66 32
67 85
68 58
69 47
70 61
71 46
72 35
73 26
74 30
75 14
76 15
77 6
78 7
79 6
80 1
81 5
82 1
83 0
84 0
85 0
86 0
87 0
88 0
89 0
90 0
91 0
92 0
93 0
94 0
95 0
96 0
97 0
98 0
99 0
100 0
101 0
24
20789
