0
0 0
1 0
2 0
3 0
4 0
5 0
6 0
7 0
8 0
9 0
10 0
11 0
12 0
13 0
14 0
15 0
16 0
17 1
18 0
19 1
20 0
21 0
22 0
23 1
24 2
25 1
26 0
27 1
28 1
29 5
30 7
31 6
32 6
33 9
34 4
35 12
36 8
37 8
38 15
39 4
40 18
41 12
42 23
43 21
44 23
45 27
46 35
47 27
48 29
49 35
50 50
51 38
52 50
53 51
54 53
55 75
56 69
57 61
58 60
59 63
60 80
61 51
62 62
63 53
64 76
65 49
66 48
67 39
68 55
69 48
70 49
71 37
72 23
73 32
74 22
75 18
76 11
77 9
78 7
79 6
80 7
81 4
82 2
83 1
84 0
85 0
86 0
87 0
88 0
89 1
90 0
91 0
92 0
93 0
94 0
95 0
96 0
97 0
98 0
99 0
100 0
101 0
23
18991
