0
0 0
1 0
2 0
3 0
4 0
5 0
6 0
7 0
8 0
9 0
10 0
11 0
12 0
13 0
14 0
15 1
16 0
17 1
18 0
19 0
20 1
21 1
22 0
23 0
24 1
25 2
26 0
27 2
28 1
29 4
30 2
31 2
32 5
33 4
34 9
35 7
36 6
37 5
38 14
39 12
40 26
41 10
42 14
43 17
44 29
45 32
46 37
47 36
48 42
49 37
50 71
51 31
52 67
53 56
54 65
55 71
56 72
57 68
58 73
59 71
60 94
61 69
62 66
63 74
64 73
65 63
66 66
67 47
68 33
69 46
70 33
71 19
72 30
73 16
74 17
75 9
76 4
77 13
78 3
79 4
80 2
81 0
82 3
83 0
84 0
85 0
86 0
87 0
88 0
89 0
90 0
91 0
92 0
93 0
94 0
95 0
96 0
97 0
98 0
99 0
100 0
101 0
24
21030
