0
0 0
1 0
2 0
3 0
4 0
5 0
6 0
7 0
8 0
9 0
10 0
11 0
12 0
13 0
14 0
15 0
16 0
17 0
18 0
19 0
20 1
21 0
22 0
23 0
24 0
25 1
26 2
27 1
28 1
29 2
30 3
31 3
32 1
33 8
34 6
35 10
36 9
37 1
38 3
39 7
40 10
41 2
42 10
43 17
44 15
45 30
46 28
47 23
48 32
49 29
50 34
51 32
52 40
53 44
54 51
55 53
56 64
57 67
58 56
59 51
60 61
61 56
62 75
63 68
64 79
65 61
66 71
67 57
68 50
69 53
70 54
71 47
72 44
73 33
74 26
75 34
76 12
77 18
78 18
79 6
80 9
81 3
82 7
83 3
84 3
85 4
86 1
87 0
88 0
89 0
90 0
91 0
92 0
93 0
94 0
95 0
96 0
97 0
98 0
99 0
100 0
101 0
23
18945
