0
0 0
1 0
2 0
3 0
4 0
5 0
6 0
7 0
8 0
9 0
10 0
11 0
12 0
13 0
14 0
15 0
16 0
17 1
18 0
19 0
20 0
21 1
22 0
23 0
24 0
25 2
26 2
27 3
28 4
29 5
30 6
31 5
32 10
33 7
34 11
35 10
36 17
37 20
38 14
39 23
40 23
41 28
42 33
43 46
44 42
45 41
46 52
47 53
48 49
49 58
50 80
51 53
52 75
53 79
54 82
55 80
56 83
57 56
58 53
59 69
60 86
61 47
62 56
63 44
64 33
65 38
66 22
67 42
68 32
69 18
70 17
71 12
72 17
73 7
74 6
75 5
76 1
77 2
78 1
79 2
80 2
81 0
82 1
83 0
84 0
85 0
86 0
87 0
88 0
89 1
90 0
91 0
92 0
93 0
94 0
95 0
96 0
97 0
98 0
99 0
100 0
101 0
24
20525
