0
0 0
1 0
2 0
3 0
4 0
5 0
6 0
7 0
8 0
9 1
10 0
11 1
12 0
13 0
14 0
15 0
16 1
17 0
18 2
19 0
20 1
21 1
22 2
23 2
24 0
25 3
26 4
27 2
28 5
29 10
30 9
31 6
32 9
33 4
34 11
35 13
36 12
37 15
38 13
39 25
40 24
41 10
42 29
43 22
44 29
45 30
46 32
47 38
48 50
49 43
50 54
51 33
52 51
53 45
54 60
55 55
56 52
57 54
58 65
59 70
60 77
61 50
62 71
63 63
64 70
65 47
66 65
67 40
68 39
69 49
70 33
71 38
72 39
73 37
74 30
75 32
76 17
77 16
78 14
79 4
80 19
81 7
82 4
83 2
84 2
85 0
86 0
87 1
88 0
89 0
90 0
91 0
92 0
93 0
94 0
95 0
96 0
97 0
98 0
99 0
100 0
101 0
25
22875
