0
0 0
1 0
2 0
3 0
4 0
5 0
6 0
7 0
8 0
9 0
10 0
11 0
12 0
13 0
14 0
15 0
16 0
17 0
18 0
19 0
20 0
21 0
22 0
23 0
24 1
25 0
26 0
27 0
28 0
29 0
30 1
31 2
32 1
33 1
34 1
35 4
36 9
37 8
38 11
39 5
40 14
41 20
42 18
43 14
44 37
45 37
46 37
47 37
48 67
49 53
50 81
51 51
52 79
53 78
54 78
55 92
56 88
57 61
58 84
59 73
60 96
61 55
62 90
63 57
64 64
65 51
66 45
67 40
68 36
69 28
70 28
71 27
72 19
73 12
74 13
75 9
76 6
77 5
78 0
79 2
80 1
81 0
82 1
83 0
84 0
85 1
86 0
87 0
88 0
89 0
90 0
91 0
92 0
93 0
94 0
95 0
96 0
97 0
98 0
99 0
100 0
101 0
25
22004
