0
0 0
1 0
2 0
3 0
4 0
5 0
6 0
7 0
8 0
9 0
10 1
11 2
12 2
13 4
14 3
15 2
16 4
17 5
18 6
19 5
20 7
21 9
22 8
23 10
24 7
25 12
26 18
27 21
28 17
29 16
30 19
31 28
32 35
33 38
34 25
35 47
36 34
37 56
38 58
39 35
40 81
41 51
42 54
43 39
44 68
45 55
46 65
47 59
48 64
49 67
50 83
51 44
52 79
53 46
54 63
55 62
56 40
57 34
58 30
59 36
60 49
61 31
62 29
63 30
64 34
65 23
66 34
67 17
68 26
69 16
70 12
71 7
72 12
73 9
74 6
75 6
76 3
77 5
78 3
79 1
80 3
81 0
82 2
83 1
84 0
85 0
86 0
87 0
88 0
89 0
90 0
91 1
92 0
93 0
94 0
95 0
96 0
97 0
98 0
99 0
100 0
101 0
27
26781
