0
0 0
1 0
2 0
3 0
4 0
5 0
6 0
7 0
8 0
9 0
10 0
11 0
12 0
13 0
14 0
15 0
16 0
17 0
18 0
19 0
20 1
21 0
22 0
23 1
24 0
25 1
26 3
27 0
28 1
29 6
30 5
31 7
32 8
33 13
34 8
35 9
36 10
37 17
38 20
39 21
40 36
41 27
42 41
43 41
44 37
45 49
46 50
47 59
48 69
49 79
50 84
51 59
52 86
53 74
54 84
55 91
56 79
57 65
58 79
59 88
60 89
61 83
62 71
63 70
64 81
65 43
66 53
67 53
68 46
69 30
70 34
71 25
72 13
73 14
74 18
75 15
76 2
77 6
78 8
79 3
80 2
81 0
82 1
83 1
84 0
85 0
86 0
87 0
88 0
89 0
90 0
91 0
92 1
93 0
94 0
95 0
96 0
97 0
98 0
99 0
100 0
101 0
29
31154
