1
2126 1151 98.7952
0 0
1 0
2 0
3 0
4 0
5 0
6 0
7 0
8 0
9 0
10 0
11 0
12 0
13 0
14 0
15 0
16 0
17 1
18 0
19 1
20 0
21 1
22 0
23 1
24 1
25 4
26 9
27 7
28 16
29 25
30 33
31 35
32 48
33 40
34 50
35 70
36 65
37 55
38 64
39 40
40 66
41 46
42 60
43 58
44 65
45 72
46 82
47 64
48 81
49 76
50 90
51 45
52 99
53 49
54 78
55 60
56 47
57 49
58 55
59 30
60 48
61 27
62 39
63 26
64 32
65 17
66 23
67 10
68 13
69 19
70 10
71 3
72 5
73 6
74 4
75 2
76 0
77 1
78 0
79 0
80 1
81 0
82 0
83 0
84 0
85 0
86 0
87 0
88 0
89 0
90 0
91 0
92 0
93 0
94 0
95 0
96 0
97 0
98 0
99 1
100 0
101 0
29
29849
