1
2184 1609 98.1818
0 0
1 0
2 0
3 0
4 0
5 0
6 0
7 0
8 1
9 1
10 6
11 0
12 2
13 3
14 7
15 4
16 12
17 12
18 7
19 12
20 13
21 16
22 36
23 31
24 25
25 44
26 40
27 60
28 41
29 58
30 62
31 53
32 83
33 68
34 58
35 62
36 72
37 71
38 63
39 58
40 83
41 50
42 71
43 54
44 69
45 50
46 66
47 35
48 58
49 46
50 64
51 37
52 38
53 36
54 39
55 32
56 25
57 25
58 25
59 24
60 21
61 13
62 18
63 12
64 17
65 9
66 25
67 10
68 13
69 7
70 5
71 1
72 10
73 2
74 3
75 1
76 1
77 0
78 4
79 1
80 1
81 0
82 0
83 0
84 0
85 0
86 0
87 0
88 0
89 0
90 0
91 0
92 0
93 0
94 0
95 0
96 0
97 0
98 0
99 1
100 0
101 0
29
31538
