1
2160 343 99.0991
0 0
1 0
2 0
3 0
4 0
5 0
6 0
7 0
8 0
9 0
10 0
11 0
12 0
13 0
14 0
15 0
16 0
17 2
18 0
19 5
20 0
21 2
22 2
23 7
24 4
25 7
26 6
27 13
28 5
29 15
30 5
31 20
32 15
33 15
34 25
35 33
36 23
37 29
38 41
39 28
40 42
41 29
42 57
43 47
44 46
45 59
46 66
47 77
48 65
49 61
50 89
51 54
52 76
53 91
54 66
55 62
56 66
57 72
58 79
59 58
60 63
61 63
62 53
63 48
64 56
65 38
66 34
67 36
68 35
69 30
70 21
71 22
72 18
73 15
74 15
75 7
76 5
77 8
78 5
79 8
80 6
81 2
82 2
83 3
84 1
85 0
86 0
87 0
88 0
89 0
90 0
91 0
92 0
93 0
94 0
95 0
96 0
97 0
98 0
99 0
100 1
101 0
29
30835
