0
0 0
1 0
2 0
3 0
4 0
5 0
6 0
7 0
8 0
9 0
10 0
11 1
12 0
13 0
14 0
15 1
16 0
17 0
18 0
19 1
20 1
21 0
22 0
23 1
24 3
25 7
26 0
27 0
28 7
29 9
30 7
31 9
32 15
33 13
34 15
35 18
36 18
37 23
38 28
39 24
40 46
41 38
42 58
43 53
44 65
45 68
46 66
47 65
48 75
49 88
50 74
51 63
52 87
53 66
54 89
55 86
56 75
57 71
58 75
59 67
60 61
61 62
62 66
63 52
64 56
65 40
66 47
67 25
68 20
69 28
70 13
71 17
72 18
73 11
74 9
75 5
76 5
77 3
78 1
79 2
80 1
81 0
82 0
83 0
84 0
85 0
86 0
87 1
88 0
89 0
90 0
91 0
92 0
93 0
94 0
95 0
96 0
97 0
98 0
99 0
100 0
101 0
28
29676
