0
0 0
1 0
2 0
3 0
4 0
5 0
6 0
7 0
8 0
9 0
10 0
11 0
12 0
13 0
14 0
15 0
16 0
17 0
18 0
19 0
20 0
21 0
22 0
23 0
24 0
25 1
26 1
27 0
28 0
29 1
30 1
31 0
32 0
33 3
34 0
35 1
36 2
37 6
38 3
39 7
40 6
41 3
42 5
43 3
44 7
45 5
46 5
47 5
48 8
49 4
50 5
51 5
52 10
53 8
54 12
55 11
56 9
57 8
58 7
59 5
60 12
61 6
62 6
63 10
64 6
65 11
66 6
67 4
68 3
69 4
70 5
71 8
72 4
73 2
74 2
75 0
76 0
77 0
78 2
79 0
80 0
81 1
82 1
83 0
84 1
85 0
86 0
87 0
88 1
89 0
90 0
91 0
92 0
93 0
94 0
95 0
96 0
97 0
98 0
99 0
100 0
101 0
3
309
