0
0 0
1 0
2 0
3 0
4 0
5 0
6 0
7 0
8 0
9 0
10 0
11 0
12 0
13 1
14 0
15 0
16 0
17 0
18 0
19 0
20 0
21 0
22 0
23 0
24 1
25 1
26 1
27 1
28 4
29 3
30 2
31 7
32 3
33 5
34 7
35 14
36 12
37 9
38 9
39 9
40 20
41 16
42 14
43 24
44 23
45 11
46 20
47 17
48 23
49 20
50 13
51 17
52 20
53 23
54 20
55 12
56 23
57 15
58 23
59 13
60 24
61 19
62 14
63 17
64 11
65 12
66 10
67 6
68 6
69 11
70 8
71 4
72 7
73 4
74 2
75 4
76 1
77 2
78 2
79 3
80 1
81 0
82 0
83 0
84 0
85 1
86 0
87 1
88 0
89 0
90 0
91 0
92 0
93 0
94 0
95 0
96 0
97 0
98 0
99 0
100 0
101 0
8
2328
