0
0 0
1 0
2 0
3 0
4 0
5 0
6 0
7 0
8 0
9 0
10 0
11 0
12 0
13 0
14 0
15 0
16 0
17 0
18 0
19 1
20 0
21 0
22 0
23 0
24 0
25 1
26 0
27 1
28 1
29 0
30 2
31 2
32 1
33 2
34 2
35 0
36 1
37 5
38 5
39 5
40 7
41 4
42 4
43 3
44 8
45 9
46 12
47 8
48 10
49 10
50 26
51 13
52 15
53 9
54 22
55 14
56 19
57 19
58 17
59 22
60 23
61 20
62 21
63 26
64 37
65 28
66 35
67 16
68 25
69 13
70 23
71 16
72 21
73 13
74 14
75 15
76 5
77 16
78 9
79 3
80 4
81 5
82 5
83 1
84 5
85 0
86 1
87 1
88 0
89 0
90 0
91 0
92 0
93 0
94 0
95 0
96 0
97 0
98 0
99 0
100 0
101 0
9
2784
