0
0 0
1 0
2 0
3 0
4 0
5 0
6 0
7 0
8 0
9 0
10 0
11 0
12 0
13 0
14 0
15 0
16 0
17 1
18 0
19 0
20 0
21 0
22 1
23 0
24 0
25 0
26 0
27 0
28 2
29 0
30 1
31 0
32 0
33 2
34 0
35 3
36 1
37 2
38 3
39 2
40 6
41 7
42 5
43 6
44 13
45 7
46 3
47 5
48 14
49 9
50 16
51 11
52 16
53 15
54 14
55 24
56 24
57 13
58 15
59 25
60 30
61 18
62 24
63 15
64 20
65 18
66 33
67 20
68 18
69 30
70 16
71 18
72 30
73 22
74 26
75 17
76 18
77 11
78 8
79 8
80 7
81 8
82 6
83 4
84 3
85 2
86 1
87 0
88 0
89 0
90 0
91 0
92 0
93 0
94 0
95 0
96 0
97 0
98 0
99 0
100 0
101 0
9
2928
