0
0 0
1 0
2 0
3 0
4 0
5 0
6 0
7 0
8 0
9 0
10 0
11 0
12 0
13 0
14 0
15 0
16 0
17 0
18 0
19 0
20 0
21 0
22 0
23 1
24 0
25 1
26 1
27 0
28 0
29 0
30 1
31 1
32 1
33 1
34 3
35 4
36 1
37 5
38 1
39 3
40 7
41 7
42 4
43 4
44 3
45 7
46 9
47 9
48 11
49 11
50 16
51 10
52 10
53 10
54 15
55 18
56 23
57 20
58 24
59 18
60 30
61 16
62 29
63 16
64 24
65 26
66 28
67 35
68 18
69 23
70 26
71 22
72 25
73 11
74 17
75 18
76 11
77 14
78 17
79 7
80 9
81 3
82 5
83 6
84 0
85 0
86 0
87 1
88 0
89 0
90 1
91 0
92 0
93 0
94 0
95 0
96 0
97 0
98 0
99 0
100 0
101 0
9
2937
