0
0 0
1 0
2 0
3 0
4 0
5 0
6 0
7 0
8 0
9 0
10 0
11 0
12 0
13 0
14 0
15 0
16 0
17 0
18 0
19 0
20 0
21 0
22 0
23 0
24 0
25 1
26 0
27 0
28 0
29 0
30 1
31 1
32 2
33 2
34 2
35 0
36 1
37 2
38 0
39 3
40 1
41 1
42 3
43 3
44 11
45 5
46 10
47 2
48 13
49 9
50 11
51 14
52 19
53 14
54 27
55 23
56 23
57 22
58 32
59 34
60 26
61 28
62 21
63 25
64 28
65 33
66 26
67 25
68 26
69 29
70 21
71 23
72 21
73 22
74 14
75 11
76 5
77 6
78 1
79 1
80 1
81 2
82 1
83 1
84 0
85 0
86 2
87 0
88 0
89 0
90 0
91 0
92 0
93 0
94 0
95 0
96 0
97 0
98 0
99 0
100 0
101 0
9
2874
