0
0 0
1 0
2 0
3 0
4 0
5 0
6 0
7 0
8 0
9 0
10 0
11 0
12 0
13 0
14 0
15 0
16 0
17 0
18 0
19 0
20 0
21 0
22 0
23 0
24 0
25 0
26 2
27 1
28 2
29 2
30 5
31 2
32 8
33 5
34 7
35 6
36 8
37 12
38 10
39 21
40 29
41 19
42 28
43 25
44 41
45 21
46 32
47 29
48 29
49 27
50 37
51 17
52 34
53 25
54 42
55 28
56 36
57 20
58 21
59 24
60 21
61 18
62 13
63 9
64 14
65 9
66 12
67 7
68 8
69 4
70 2
71 4
72 1
73 4
74 4
75 1
76 0
77 0
78 0
79 0
80 0
81 0
82 0
83 0
84 0
85 0
86 0
87 0
88 0
89 0
90 0
91 0
92 0
93 0
94 0
95 0
96 0
97 0
98 0
99 0
100 0
101 0
10
3784
