0
0 0
1 0
2 0
3 0
4 0
5 0
6 0
7 0
8 0
9 0
10 0
11 0
12 0
13 0
14 0
15 0
16 0
17 0
18 0
19 0
20 0
21 1
22 0
23 2
24 0
25 3
26 2
27 1
28 1
29 3
30 0
31 0
32 1
33 2
34 1
35 1
36 5
37 1
38 7
39 1
40 7
41 4
42 13
43 7
44 10
45 17
46 13
47 16
48 20
49 17
50 33
51 10
52 29
53 22
54 19
55 26
56 23
57 27
58 28
59 33
60 25
61 27
62 30
63 25
64 31
65 34
66 36
67 29
68 22
69 26
70 19
71 12
72 19
73 5
74 5
75 11
76 3
77 3
78 4
79 4
80 3
81 3
82 0
83 1
84 0
85 0
86 0
87 0
88 0
89 0
90 0
91 0
92 0
93 0
94 0
95 0
96 0
97 0
98 0
99 0
100 0
101 0
10
3754
