0
0 0
1 0
2 0
3 0
4 0
5 0
6 0
7 0
8 0
9 0
10 1
11 0
12 0
13 0
14 0
15 0
16 0
17 0
18 0
19 1
20 0
21 0
22 0
23 0
24 0
25 0
26 0
27 1
28 2
29 1
30 1
31 2
32 1
33 1
34 1
35 1
36 0
37 0
38 0
39 0
40 1
41 0
42 2
43 2
44 0
45 3
46 1
47 4
48 2
49 1
50 6
51 4
52 1
53 1
54 8
55 2
56 2
57 1
58 1
59 1
60 4
61 0
62 1
63 1
64 0
65 2
66 1
67 2
68 2
69 0
70 0
71 1
72 2
73 2
74 1
75 0
76 0
77 1
78 0
79 0
80 1
81 1
82 0
83 0
84 0
85 0
86 0
87 0
88 0
89 0
90 0
91 0
92 0
93 0
94 0
95 0
96 0
97 0
98 0
99 0
100 0
101 0
1
5
