0
0 0
1 0
2 0
3 0
4 0
5 0
6 0
7 0
8 0
9 0
10 0
11 0
12 0
13 0
14 0
15 0
16 0
17 0
18 0
19 0
20 0
21 0
22 0
23 0
24 2
25 1
26 1
27 2
28 0
29 3
30 0
31 2
32 4
33 4
34 4
35 4
36 5
37 3
38 5
39 5
40 11
41 4
42 7
43 10
44 14
45 8
46 14
47 18
48 22
49 13
50 24
51 14
52 17
53 26
54 29
55 17
56 22
57 41
58 18
59 35
60 37
61 24
62 27
63 31
64 25
65 22
66 27
67 22
68 32
69 19
70 28
71 13
72 23
73 11
74 16
75 12
76 6
77 11
78 5
79 6
80 4
81 1
82 3
83 2
84 1
85 1
86 0
87 1
88 0
89 0
90 0
91 0
92 0
93 0
94 0
95 0
96 0
97 0
98 0
99 0
100 0
101 0
12
4127
