0
0 0
1 0
2 0
3 0
4 0
5 0
6 0
7 0
8 0
9 0
10 0
11 0
12 0
13 0
14 0
15 0
16 0
17 0
18 0
19 0
20 0
21 0
22 0
23 0
24 0
25 0
26 0
27 0
28 1
29 1
30 0
31 1
32 0
33 0
34 0
35 1
36 2
37 2
38 2
39 2
40 1
41 4
42 3
43 2
44 3
45 5
46 5
47 5
48 16
49 5
50 14
51 12
52 15
53 16
54 22
55 24
56 21
57 29
58 20
59 31
60 52
61 25
62 34
63 28
64 44
65 27
66 48
67 41
68 30
69 25
70 34
71 27
72 36
73 14
74 24
75 20
76 8
77 9
78 7
79 7
80 9
81 3
82 3
83 1
84 2
85 0
86 0
87 0
88 1
89 0
90 0
91 0
92 0
93 0
94 0
95 0
96 0
97 0
98 0
99 0
100 0
101 0
11
4182
