0
0 0
1 0
2 0
3 0
4 0
5 0
6 0
7 0
8 0
9 0
10 0
11 0
12 0
13 0
14 0
15 0
16 0
17 0
18 0
19 0
20 0
21 0
22 0
23 0
24 0
25 1
26 0
27 0
28 0
29 0
30 1
31 0
32 0
33 1
34 0
35 2
36 0
37 1
38 0
39 2
40 1
41 2
42 5
43 0
44 2
45 2
46 6
47 6
48 13
49 8
50 11
51 13
52 5
53 7
54 15
55 18
56 20
57 20
58 29
59 34
60 29
61 22
62 42
63 24
64 36
65 33
66 65
67 39
68 37
69 43
70 42
71 42
72 21
73 27
74 31
75 27
76 20
77 6
78 9
79 12
80 7
81 5
82 2
83 1
84 2
85 1
86 0
87 0
88 0
89 0
90 0
91 0
92 0
93 0
94 0
95 0
96 0
97 0
98 0
99 0
100 0
101 0
11
4468
