0
0 0
1 0
2 0
3 0
4 0
5 0
6 0
7 0
8 0
9 0
10 0
11 0
12 0
13 0
14 0
15 0
16 0
17 0
18 0
19 0
20 0
21 0
22 0
23 0
24 0
25 0
26 0
27 0
28 0
29 0
30 0
31 1
32 0
33 1
34 2
35 1
36 2
37 1
38 2
39 7
40 3
41 3
42 5
43 9
44 7
45 12
46 9
47 10
48 18
49 28
50 35
51 20
52 37
53 43
54 25
55 37
56 35
57 30
58 50
59 41
60 46
61 30
62 50
63 38
64 39
65 33
66 29
67 28
68 16
69 23
70 17
71 6
72 13
73 10
74 5
75 2
76 1
77 4
78 2
79 0
80 0
81 0
82 0
83 0
84 0
85 0
86 0
87 0
88 0
89 0
90 0
91 0
92 0
93 0
94 0
95 0
96 0
97 0
98 0
99 0
100 0
101 0
11
4644
