0
0 0
1 0
2 0
3 0
4 0
5 0
6 0
7 0
8 0
9 0
10 0
11 0
12 0
13 0
14 0
15 0
16 0
17 0
18 2
19 0
20 1
21 1
22 0
23 0
24 2
25 2
26 4
27 1
28 2
29 3
30 2
31 3
32 2
33 3
34 4
35 4
36 0
37 3
38 7
39 5
40 10
41 7
42 14
43 9
44 8
45 16
46 21
47 14
48 19
49 15
50 22
51 13
52 10
53 22
54 32
55 16
56 31
57 33
58 31
59 35
60 42
61 25
62 26
63 29
64 31
65 26
66 28
67 18
68 22
69 31
70 28
71 19
72 23
73 13
74 15
75 13
76 9
77 11
78 10
79 3
80 8
81 2
82 1
83 6
84 5
85 1
86 0
87 2
88 4
89 0
90 0
91 0
92 0
93 0
94 0
95 0
96 0
97 0
98 0
99 0
100 0
101 0
11
4802
