0
0 4
1 0
2 4
3 18
4 22
5 45
6 47
7 62
8 58
9 76
10 68
11 85
12 75
13 69
14 76
15 67
16 58
17 46
18 49
19 47
20 35
21 26
22 33
23 29
24 19
25 15
26 9
27 11
28 4
29 8
30 5
31 7
32 7
33 5
34 1
35 1
36 5
37 1
38 1
39 2
40 0
41 2
42 1
43 0
44 0
45 1
46 0
47 0
48 0
49 0
50 0
51 0
52 0
53 0
54 0
55 0
56 0
57 0
58 0
59 0
60 0
61 0
62 0
63 0
64 0
65 0
66 0
67 0
68 0
69 0
70 0
71 0
72 0
73 0
74 0
75 0
76 0
77 0
78 0
79 0
80 0
81 0
82 0
83 0
84 0
85 0
86 0
87 0
88 0
89 0
90 0
91 0
92 0
93 0
94 0
95 0
96 0
97 0
98 0
99 0
100 0
101 0
20
12305
