0
0 5
1 0
2 13
3 40
4 18
5 43
6 42
7 64
8 68
9 67
10 79
11 79
12 75
13 71
14 77
15 81
16 61
17 55
18 40
19 52
20 56
21 43
22 34
23 32
24 34
25 35
26 18
27 21
28 16
29 6
30 13
31 13
32 9
33 6
34 6
35 3
36 2
37 1
38 4
39 2
40 1
41 1
42 1
43 0
44 1
45 0
46 1
47 0
48 0
49 1
50 0
51 0
52 0
53 0
54 0
55 0
56 0
57 0
58 0
59 0
60 0
61 0
62 0
63 0
64 0
65 0
66 0
67 0
68 0
69 0
70 0
71 0
72 0
73 0
74 0
75 0
76 0
77 0
78 0
79 0
80 0
81 0
82 0
83 0
84 0
85 0
86 0
87 0
88 0
89 0
90 0
91 0
92 0
93 0
94 0
95 0
96 0
97 0
98 0
99 0
100 0
101 0
20
16438
