0
0 2
1 0
2 9
3 10
4 30
5 18
6 48
7 38
8 62
9 57
10 72
11 74
12 100
13 88
14 76
15 84
16 91
17 60
18 61
19 56
20 47
21 47
22 39
23 40
24 35
25 33
26 22
27 19
28 21
29 11
30 5
31 15
32 9
33 3
34 9
35 5
36 3
37 0
38 1
39 1
40 0
41 0
42 1
43 0
44 0
45 1
46 2
47 0
48 1
49 0
50 0
51 0
52 0
53 0
54 0
55 0
56 0
57 0
58 0
59 0
60 0
61 0
62 0
63 0
64 0
65 0
66 0
67 0
68 0
69 0
70 0
71 0
72 0
73 0
74 0
75 0
76 0
77 0
78 0
79 0
80 0
81 0
82 0
83 0
84 0
85 0
86 0
87 0
88 0
89 0
90 0
91 0
92 0
93 0
94 0
95 0
96 0
97 0
98 0
99 0
100 0
101 0
23
16808
