0
0 16
1 0
2 22
3 55
4 46
5 102
6 76
7 88
8 90
9 82
10 104
11 101
12 97
13 65
14 78
15 59
16 64
17 49
18 50
19 52
20 42
21 27
22 34
23 18
24 22
25 24
26 13
27 14
28 9
29 5
30 5
31 11
32 11
33 2
34 4
35 3
36 2
37 6
38 0
39 0
40 0
41 1
42 0
43 0
44 1
45 0
46 0
47 0
48 0
49 0
50 1
51 0
52 0
53 0
54 0
55 0
56 0
57 0
58 0
59 0
60 0
61 0
62 0
63 0
64 0
65 0
66 0
67 0
68 0
69 0
70 0
71 0
72 0
73 0
74 0
75 0
76 0
77 0
78 0
79 0
80 0
81 0
82 0
83 0
84 0
85 0
86 0
87 0
88 0
89 0
90 0
91 0
92 0
93 0
94 0
95 0
96 0
97 0
98 0
99 0
100 0
101 0
19
20546
