0
0 7
1 0
2 47
3 12
4 87
5 62
6 131
7 90
8 115
9 86
10 112
11 107
12 112
13 86
14 106
15 99
16 73
17 70
18 53
19 50
20 57
21 37
22 30
23 30
24 22
25 16
26 13
27 14
28 13
29 11
30 6
31 3
32 3
33 5
34 7
35 2
36 2
37 0
38 1
39 0
40 1
41 0
42 3
43 1
44 0
45 0
46 0
47 0
48 1
49 1
50 0
51 0
52 0
53 0
54 0
55 0
56 0
57 0
58 0
59 0
60 0
61 0
62 0
63 0
64 0
65 0
66 0
67 0
68 0
69 0
70 0
71 0
72 0
73 0
74 0
75 0
76 0
77 0
78 0
79 0
80 0
81 0
82 0
83 0
84 0
85 0
86 0
87 0
88 0
89 0
90 0
91 0
92 0
93 0
94 0
95 0
96 0
97 0
98 0
99 0
100 0
101 0
30
27330
