0
0 1
1 0
2 2
3 10
4 21
5 32
6 24
7 48
8 60
9 68
10 86
11 94
12 96
13 89
14 97
15 85
16 96
17 75
18 110
19 77
20 92
21 59
22 58
23 63
24 48
25 36
26 23
27 31
28 25
29 18
30 11
31 14
32 13
33 8
34 7
35 7
36 5
37 6
38 4
39 1
40 1
41 1
42 1
43 0
44 2
45 1
46 1
47 0
48 0
49 0
50 0
51 0
52 0
53 0
54 0
55 0
56 0
57 0
58 0
59 0
60 0
61 0
62 0
63 0
64 0
65 0
66 0
67 0
68 0
69 0
70 0
71 0
72 0
73 0
74 0
75 0
76 0
77 0
78 0
79 0
80 0
81 0
82 0
83 0
84 0
85 0
86 0
87 0
88 0
89 0
90 0
91 0
92 0
93 0
94 0
95 0
96 0
97 0
98 0
99 0
100 0
101 0
28
24955
