0
0 6
1 0
2 27
3 40
4 59
5 91
6 62
7 113
8 100
9 106
10 110
11 107
12 118
13 91
14 101
15 73
16 100
17 85
18 72
19 57
20 79
21 53
22 45
23 47
24 30
25 44
26 26
27 22
28 24
29 15
30 13
31 3
32 7
33 6
34 6
35 5
36 2
37 4
38 0
39 4
40 0
41 0
42 0
43 1
44 0
45 0
46 1
47 0
48 0
49 0
50 0
51 0
52 0
53 0
54 0
55 0
56 0
57 0
58 0
59 0
60 0
61 0
62 0
63 0
64 0
65 0
66 0
67 0
68 0
69 0
70 0
71 0
72 0
73 0
74 0
75 0
76 0
77 0
78 0
79 0
80 0
81 0
82 0
83 0
84 0
85 0
86 0
87 0
88 0
89 0
90 0
91 0
92 0
93 0
94 0
95 0
96 0
97 0
98 0
99 0
100 0
101 0
30
32811
