0
0 2
1 0
2 44
3 12
4 72
5 65
6 92
7 101
8 127
9 104
10 127
11 108
12 126
13 108
14 126
15 113
16 100
17 78
18 85
19 64
20 71
21 48
22 51
23 42
24 44
25 39
26 28
27 21
28 20
29 17
30 16
31 8
32 2
33 7
34 7
35 6
36 5
37 4
38 2
39 0
40 0
41 2
42 0
43 1
44 0
45 0
46 0
47 0
48 0
49 0
50 0
51 1
52 0
53 0
54 0
55 0
56 0
57 0
58 0
59 0
60 0
61 0
62 0
63 0
64 0
65 0
66 0
67 0
68 0
69 0
70 0
71 0
72 0
73 0
74 0
75 0
76 0
77 0
78 0
79 0
80 0
81 0
82 0
83 0
84 0
85 0
86 0
87 0
88 0
89 0
90 0
91 0
92 0
93 0
94 0
95 0
96 0
97 0
98 0
99 0
100 0
101 0
40
37612
