0
0 6
1 0
2 29
3 48
4 61
5 97
6 65
7 119
8 102
9 123
10 143
11 123
12 134
13 112
14 129
15 117
16 105
17 75
18 92
19 56
20 69
21 44
22 61
23 33
24 35
25 31
26 18
27 19
28 15
29 16
30 8
31 7
32 17
33 10
34 5
35 8
36 4
37 2
38 2
39 1
40 0
41 0
42 0
43 1
44 0
45 0
46 0
47 0
48 0
49 0
50 0
51 0
52 0
53 0
54 0
55 0
56 0
57 0
58 0
59 0
60 0
61 0
62 0
63 0
64 0
65 0
66 0
67 0
68 0
69 0
70 0
71 0
72 0
73 0
74 0
75 0
76 0
77 0
78 0
79 0
80 0
81 0
82 0
83 0
84 0
85 0
86 0
87 0
88 0
89 0
90 0
91 0
92 0
93 0
94 0
95 0
96 0
97 0
98 0
99 0
100 0
101 0
36
39327
