0
0 5
1 0
2 18
3 34
4 37
5 98
6 63
7 86
8 122
9 106
10 129
11 141
12 134
13 122
14 141
15 102
16 125
17 97
18 108
19 85
20 99
21 53
22 61
23 54
24 56
25 41
26 23
27 25
28 22
29 21
30 22
31 9
32 12
33 7
34 10
35 7
36 5
37 3
38 4
39 0
40 2
41 1
42 1
43 0
44 3
45 2
46 0
47 0
48 1
49 1
50 0
51 0
52 0
53 0
54 0
55 0
56 0
57 0
58 0
59 0
60 0
61 0
62 0
63 0
64 0
65 0
66 0
67 0
68 0
69 0
70 0
71 0
72 0
73 0
74 0
75 0
76 0
77 0
78 0
79 0
80 0
81 0
82 0
83 0
84 0
85 0
86 0
87 0
88 0
89 0
90 0
91 0
92 0
93 0
94 0
95 0
96 0
97 0
98 0
99 0
100 0
101 0
38
45141
