0
0 31
1 0
2 18
3 163
4 77
5 119
6 182
7 150
8 140
9 183
10 160
11 131
12 119
13 111
14 111
15 109
16 90
17 77
18 78
19 51
20 50
21 44
22 34
23 32
24 22
25 18
26 13
27 8
28 11
29 10
30 8
31 5
32 4
33 3
34 4
35 2
36 1
37 1
38 0
39 0
40 0
41 0
42 0
43 0
44 0
45 0
46 0
47 0
48 0
49 0
50 0
51 0
52 0
53 0
54 0
55 0
56 0
57 0
58 0
59 0
60 0
61 0
62 0
63 0
64 0
65 0
66 0
67 0
68 0
69 0
70 0
71 0
72 0
73 0
74 0
75 0
76 0
77 0
78 0
79 0
80 0
81 0
82 0
83 0
84 0
85 0
86 0
87 0
88 0
89 0
90 0
91 0
92 0
93 0
94 0
95 0
96 0
97 0
98 0
99 0
100 0
101 0
31
47940
