0
0 20
1 0
2 48
3 80
4 85
5 107
6 120
7 144
8 113
9 112
10 142
11 143
12 123
13 126
14 126
15 102
16 111
17 90
18 102
19 80
20 62
21 68
22 47
23 40
24 37
25 36
26 26
27 29
28 22
29 18
30 13
31 9
32 10
33 11
34 6
35 4
36 2
37 2
38 4
39 2
40 3
41 1
42 1
43 0
44 1
45 0
46 0
47 1
48 0
49 1
50 0
51 0
52 0
53 0
54 0
55 0
56 0
57 0
58 0
59 0
60 0
61 0
62 0
63 0
64 0
65 0
66 0
67 0
68 0
69 0
70 0
71 0
72 0
73 0
74 0
75 0
76 0
77 0
78 0
79 0
80 0
81 0
82 0
83 0
84 0
85 0
86 0
87 0
88 0
89 0
90 0
91 0
92 0
93 0
94 0
95 0
96 0
97 0
98 0
99 0
100 0
101 0
40
50380
