0
0 17
1 0
2 32
3 118
4 54
5 163
6 169
7 146
8 182
9 147
10 157
11 174
12 157
13 147
14 133
15 114
16 112
17 98
18 107
19 59
20 89
21 50
22 64
23 45
24 33
25 37
26 22
27 29
28 18
29 19
30 14
31 9
32 10
33 10
34 5
35 2
36 6
37 1
38 0
39 2
40 4
41 0
42 0
43 1
44 2
45 1
46 0
47 0
48 0
49 0
50 0
51 0
52 0
53 0
54 0
55 0
56 0
57 0
58 0
59 0
60 0
61 0
62 0
63 0
64 0
65 0
66 0
67 0
68 0
69 0
70 0
71 0
72 0
73 0
74 0
75 0
76 0
77 0
78 0
79 0
80 0
81 0
82 0
83 0
84 0
85 0
86 0
87 0
88 0
89 0
90 0
91 0
92 0
93 0
94 0
95 0
96 0
97 0
98 0
99 0
100 0
101 0
46
64948
