0
0 24
1 0
2 32
3 132
4 40
5 117
6 131
7 151
8 186
9 125
10 155
11 156
12 147
13 156
14 128
15 130
16 115
17 91
18 101
19 83
20 90
21 52
22 61
23 56
24 34
25 38
26 28
27 28
28 18
29 17
30 16
31 10
32 12
33 13
34 2
35 3
36 8
37 2
38 4
39 2
40 6
41 0
42 0
43 0
44 2
45 1
46 0
47 0
48 0
49 0
50 0
51 0
52 0
53 0
54 0
55 0
56 0
57 0
58 0
59 0
60 0
61 0
62 0
63 0
64 0
65 0
66 0
67 0
68 0
69 0
70 0
71 0
72 0
73 0
74 0
75 0
76 0
77 0
78 0
79 0
80 0
81 0
82 0
83 0
84 0
85 0
86 0
87 0
88 0
89 0
90 0
91 0
92 0
93 0
94 0
95 0
96 0
97 0
98 0
99 0
100 0
101 0
41
62397
