0
0 17
1 0
2 6
3 86
4 51
5 119
6 182
7 134
8 168
9 189
10 194
11 155
12 148
13 131
14 144
15 135
16 131
17 109
18 96
19 89
20 93
21 55
22 78
23 39
24 44
25 28
26 32
27 15
28 22
29 11
30 11
31 12
32 5
33 4
34 4
35 2
36 4
37 1
38 2
39 1
40 1
41 1
42 1
43 0
44 0
45 2
46 0
47 1
48 0
49 0
50 0
51 0
52 0
53 0
54 0
55 0
56 0
57 0
58 0
59 0
60 0
61 0
62 0
63 0
64 0
65 0
66 0
67 0
68 0
69 0
70 0
71 0
72 0
73 0
74 0
75 0
76 0
77 0
78 0
79 0
80 0
81 0
82 0
83 0
84 0
85 0
86 0
87 0
88 0
89 0
90 0
91 0
92 0
93 0
94 0
95 0
96 0
97 0
98 0
99 0
100 0
101 0
40
64686
