0
0 21
1 0
2 18
3 130
4 53
5 108
6 172
7 131
8 144
9 181
10 176
11 157
12 166
13 127
14 145
15 124
16 140
17 101
18 102
19 88
20 77
21 66
22 55
23 51
24 46
25 41
26 25
27 31
28 22
29 23
30 13
31 11
32 8
33 11
34 6
35 1
36 7
37 5
38 4
39 4
40 3
41 2
42 3
43 0
44 0
45 1
46 1
47 0
48 0
49 0
50 0
51 0
52 0
53 0
54 0
55 0
56 0
57 0
58 0
59 0
60 0
61 0
62 0
63 0
64 0
65 0
66 0
67 0
68 0
69 0
70 0
71 0
72 0
73 0
74 0
75 0
76 0
77 0
78 0
79 0
80 0
81 0
82 0
83 0
84 0
85 0
86 0
87 0
88 0
89 0
90 0
91 0
92 0
93 0
94 0
95 0
96 0
97 0
98 0
99 0
100 0
101 0
41
66816
