0
0 3
1 0
2 21
3 32
4 63
5 89
6 98
7 132
8 157
9 174
10 166
11 160
12 172
13 155
14 168
15 178
16 168
17 140
18 137
19 95
20 97
21 73
22 86
23 70
24 64
25 38
26 40
27 35
28 31
29 24
30 29
31 11
32 18
33 14
34 9
35 9
36 3
37 3
38 1
39 4
40 2
41 0
42 2
43 1
44 3
45 2
46 0
47 0
48 0
49 1
50 0
51 0
52 0
53 0
54 1
55 0
56 0
57 0
58 0
59 0
60 0
61 0
62 0
63 0
64 0
65 0
66 0
67 0
68 0
69 0
70 0
71 0
72 0
73 0
74 0
75 0
76 0
77 0
78 0
79 0
80 0
81 0
82 0
83 0
84 0
85 0
86 0
87 0
88 0
89 0
90 0
91 0
92 0
93 0
94 0
95 0
96 0
97 0
98 0
99 0
100 0
101 0
47
75432
