0
0 13
1 0
2 11
3 80
4 43
5 147
6 126
7 124
8 211
9 171
10 187
11 216
12 159
13 202
14 157
15 140
16 132
17 92
18 132
19 79
20 101
21 74
22 77
23 60
24 55
25 53
26 31
27 30
28 28
29 26
30 13
31 10
32 9
33 10
34 4
35 6
36 4
37 8
38 6
39 3
40 2
41 1
42 2
43 1
44 1
45 0
46 0
47 2
48 0
49 0
50 1
51 0
52 0
53 0
54 0
55 0
56 0
57 0
58 0
59 0
60 0
61 0
62 0
63 0
64 0
65 0
66 0
67 0
68 0
69 0
70 0
71 0
72 0
73 0
74 0
75 0
76 0
77 0
78 0
79 0
80 0
81 0
82 0
83 0
84 0
85 0
86 0
87 0
88 0
89 0
90 0
91 0
92 0
93 0
94 0
95 0
96 0
97 0
98 0
99 0
100 0
101 0
47
78480
