0
0 6
1 0
2 70
3 13
4 116
5 67
6 181
7 107
8 209
9 150
10 191
11 165
12 201
13 185
14 160
15 167
16 147
17 126
18 118
19 107
20 91
21 77
22 68
23 63
24 73
25 55
26 37
27 38
28 33
29 25
30 19
31 18
32 11
33 6
34 9
35 5
36 5
37 5
38 2
39 0
40 3
41 1
42 1
43 1
44 0
45 1
46 0
47 0
48 0
49 0
50 0
51 0
52 0
53 0
54 0
55 0
56 0
57 0
58 0
59 0
60 0
61 0
62 0
63 0
64 0
65 0
66 0
67 0
68 0
69 0
70 0
71 0
72 0
73 0
74 0
75 0
76 0
77 0
78 0
79 0
80 0
81 0
82 0
83 0
84 0
85 0
86 0
87 0
88 0
89 0
90 0
91 0
92 0
93 0
94 0
95 0
96 0
97 0
98 0
99 0
100 0
101 0
53
83269
