0
0 6
1 0
2 29
3 42
4 55
5 117
6 109
7 154
8 131
9 168
10 155
11 157
12 172
13 176
14 178
15 181
16 148
17 127
18 124
19 106
20 118
21 83
22 88
23 87
24 69
25 59
26 34
27 41
28 30
29 28
30 37
31 23
32 25
33 14
34 8
35 8
36 5
37 6
38 4
39 5
40 2
41 1
42 3
43 1
44 2
45 1
46 0
47 0
48 0
49 0
50 0
51 0
52 0
53 1
54 0
55 0
56 0
57 0
58 0
59 0
60 0
61 0
62 0
63 0
64 0
65 0
66 0
67 0
68 0
69 0
70 0
71 0
72 0
73 0
74 0
75 0
76 0
77 0
78 0
79 0
80 0
81 0
82 0
83 0
84 0
85 0
86 0
87 0
88 0
89 0
90 0
91 0
92 0
93 0
94 0
95 0
96 0
97 0
98 0
99 0
100 0
101 0
48
82463
