0
0 12
1 0
2 66
3 47
4 142
5 137
6 226
7 202
8 184
9 235
10 262
11 210
12 201
13 195
14 176
15 161
16 164
17 159
18 101
19 109
20 100
21 79
22 64
23 54
24 46
25 46
26 39
27 27
28 20
29 20
30 15
31 18
32 14
33 11
34 9
35 6
36 4
37 6
38 4
39 2
40 3
41 4
42 2
43 0
44 1
45 0
46 1
47 1
48 0
49 1
50 0
51 0
52 0
53 0
54 0
55 0
56 0
57 0
58 0
59 0
60 0
61 0
62 0
63 0
64 0
65 0
66 0
67 0
68 0
69 0
70 0
71 0
72 0
73 0
74 0
75 0
76 0
77 0
78 0
79 0
80 0
81 0
82 0
83 0
84 0
85 0
86 0
87 0
88 0
89 0
90 0
91 0
92 0
93 0
94 0
95 0
96 0
97 0
98 0
99 0
100 0
101 0
61
108885
