0
0 14
1 0
2 10
3 103
4 46
5 160
6 176
7 154
8 195
9 191
10 188
11 207
12 197
13 211
14 198
15 147
16 160
17 129
18 154
19 120
20 139
21 97
22 100
23 66
24 70
25 79
26 38
27 34
28 32
29 28
30 22
31 21
32 15
33 10
34 12
35 10
36 11
37 5
38 4
39 5
40 5
41 1
42 1
43 2
44 2
45 0
46 0
47 1
48 0
49 0
50 0
51 0
52 0
53 0
54 0
55 0
56 0
57 0
58 0
59 0
60 0
61 0
62 0
63 0
64 0
65 0
66 0
67 0
68 0
69 0
70 0
71 0
72 0
73 0
74 0
75 0
76 0
77 0
78 0
79 0
80 0
81 0
82 0
83 0
84 0
85 0
86 0
87 0
88 0
89 0
90 0
91 0
92 0
93 0
94 0
95 0
96 0
97 0
98 0
99 0
100 0
101 0
60
107945
