0
0 17
1 0
2 19
3 111
4 55
5 172
6 144
7 134
8 241
9 201
10 235
11 220
12 212
13 203
14 215
15 231
16 163
17 139
18 180
19 116
20 134
21 81
22 104
23 77
24 76
25 58
26 45
27 40
28 27
29 37
30 19
31 13
32 21
33 10
34 10
35 3
36 6
37 5
38 2
39 2
40 0
41 1
42 1
43 0
44 1
45 0
46 1
47 0
48 0
49 0
50 1
51 0
52 0
53 0
54 1
55 0
56 0
57 0
58 0
59 0
60 0
61 0
62 0
63 0
64 0
65 0
66 0
67 0
68 0
69 0
70 0
71 0
72 0
73 0
74 0
75 0
76 0
77 0
78 0
79 0
80 0
81 0
82 0
83 0
84 0
85 0
86 0
87 0
88 0
89 0
90 0
91 0
92 0
93 0
94 0
95 0
96 0
97 0
98 0
99 0
100 0
101 0
79
121064
