0
0 4
1 0
2 2
3 21
4 10
5 22
6 17
7 12
8 32
9 18
10 18
11 21
12 19
13 14
14 23
15 12
16 13
17 13
18 23
19 6
20 19
21 4
22 11
23 11
24 9
25 5
26 3
27 1
28 6
29 3
30 1
31 4
32 1
33 2
34 2
35 0
36 1
37 0
38 1
39 0
40 1
41 0
42 1
43 0
44 0
45 0
46 0
47 0
48 0
49 0
50 0
51 0
52 0
53 0
54 0
55 0
56 0
57 0
58 0
59 0
60 0
61 0
62 0
63 0
64 0
65 0
66 0
67 0
68 0
69 0
70 0
71 0
72 0
73 0
74 0
75 0
76 0
77 0
78 0
79 0
80 0
81 0
82 0
83 0
84 0
85 0
86 0
87 0
88 0
89 0
90 0
91 0
92 0
93 0
94 0
95 0
96 0
97 0
98 0
99 0
100 0
101 0
5
1117
