0
0 13
1 0
2 30
3 104
4 76
5 183
6 149
7 213
8 246
9 223
10 247
11 234
12 253
13 228
14 209
15 192
16 186
17 180
18 130
19 124
20 107
21 99
22 100
23 58
24 49
25 55
26 44
27 34
28 38
29 20
30 17
31 8
32 5
33 9
34 5
35 3
36 7
37 3
38 1
39 2
40 3
41 2
42 1
43 1
44 2
45 0
46 1
47 0
48 0
49 0
50 0
51 0
52 0
53 0
54 0
55 0
56 0
57 0
58 0
59 0
60 0
61 0
62 0
63 0
64 0
65 0
66 0
67 0
68 0
69 0
70 0
71 0
72 0
73 0
74 0
75 0
76 0
77 0
78 0
79 0
80 0
81 0
82 0
83 0
84 0
85 0
86 0
87 0
88 0
89 0
90 0
91 0
92 0
93 0
94 0
95 0
96 0
97 0
98 0
99 0
100 0
101 0
78
128211
