0
0 15
1 0
2 45
3 87
4 107
5 161
6 171
7 233
8 175
9 222
10 239
11 246
12 239
13 215
14 225
15 191
16 168
17 151
18 179
19 131
20 123
21 93
22 80
23 81
24 79
25 74
26 33
27 57
28 44
29 30
30 27
31 21
32 20
33 14
34 15
35 11
36 6
37 7
38 2
39 1
40 1
41 2
42 4
43 2
44 1
45 2
46 0
47 1
48 1
49 0
50 0
51 0
52 0
53 1
54 0
55 0
56 0
57 0
58 0
59 0
60 0
61 0
62 0
63 0
64 0
65 0
66 0
67 0
68 0
69 0
70 0
71 0
72 0
73 0
74 0
75 0
76 0
77 0
78 0
79 0
80 0
81 0
82 0
83 0
84 0
85 0
86 0
87 0
88 0
89 0
90 0
91 0
92 0
93 0
94 0
95 0
96 0
97 0
98 0
99 0
100 0
101 0
81
137684
