0
0 14
1 0
2 116
3 32
4 182
5 155
6 238
7 183
8 266
9 215
10 292
11 232
12 275
13 197
14 218
15 199
16 188
17 153
18 127
19 138
20 114
21 86
22 83
23 72
24 68
25 56
26 41
27 34
28 39
29 27
30 28
31 13
32 22
33 9
34 13
35 8
36 3
37 5
38 4
39 5
40 2
41 1
42 1
43 1
44 2
45 0
46 1
47 0
48 1
49 0
50 1
51 0
52 0
53 0
54 0
55 0
56 0
57 0
58 0
59 0
60 0
61 0
62 0
63 0
64 0
65 0
66 0
67 0
68 0
69 0
70 0
71 0
72 0
73 0
74 0
75 0
76 0
77 0
78 0
79 0
80 0
81 0
82 0
83 0
84 0
85 0
86 0
87 0
88 0
89 0
90 0
91 0
92 0
93 0
94 0
95 0
96 0
97 0
98 0
99 0
100 0
101 0
72
146415
