0
0 0
1 0
2 2
3 5
4 3
5 11
6 10
7 17
8 11
9 19
10 32
11 23
12 26
13 13
14 28
15 21
16 17
17 17
18 25
19 16
20 17
21 13
22 13
23 13
24 11
25 5
26 12
27 7
28 8
29 2
30 6
31 3
32 3
33 3
34 0
35 0
36 1
37 0
38 0
39 0
40 0
41 0
42 2
43 0
44 0
45 1
46 0
47 0
48 0
49 0
50 0
51 0
52 0
53 0
54 0
55 0
56 0
57 0
58 0
59 0
60 0
61 0
62 0
63 0
64 0
65 0
66 0
67 0
68 0
69 0
70 0
71 0
72 0
73 0
74 0
75 0
76 0
77 0
78 0
79 0
80 0
81 0
82 0
83 0
84 0
85 0
86 0
87 0
88 0
89 0
90 0
91 0
92 0
93 0
94 0
95 0
96 0
97 0
98 0
99 0
100 0
101 0
8
1334
