0
0 10
1 0
2 21
3 115
4 44
5 163
6 162
7 168
8 232
9 250
10 242
11 244
12 235
13 239
14 257
15 217
16 196
17 199
18 190
19 147
20 132
21 87
22 110
23 68
24 100
25 61
26 66
27 49
28 45
29 42
30 29
31 31
32 20
33 16
34 11
35 14
36 9
37 5
38 7
39 2
40 8
41 1
42 3
43 4
44 0
45 2
46 0
47 0
48 1
49 2
50 0
51 1
52 0
53 0
54 0
55 0
56 0
57 0
58 0
59 0
60 0
61 0
62 0
63 0
64 0
65 0
66 0
67 0
68 0
69 0
70 0
71 0
72 0
73 0
74 0
75 0
76 0
77 0
78 0
79 0
80 0
81 0
82 0
83 0
84 0
85 0
86 0
87 0
88 0
89 0
90 0
91 0
92 0
93 0
94 0
95 0
96 0
97 0
98 0
99 0
100 0
101 0
76
153320
