0
0 25
1 0
2 72
3 138
4 131
5 266
6 179
7 241
8 271
9 237
10 295
11 239
12 229
13 226
14 200
15 183
16 183
17 158
18 158
19 115
20 129
21 90
22 77
23 63
24 61
25 57
26 47
27 41
28 27
29 26
30 24
31 14
32 12
33 15
34 10
35 3
36 3
37 2
38 5
39 1
40 3
41 1
42 0
43 2
44 0
45 0
46 0
47 0
48 1
49 0
50 0
51 0
52 0
53 0
54 0
55 0
56 0
57 0
58 0
59 0
60 0
61 0
62 0
63 0
64 0
65 0
66 0
67 0
68 0
69 0
70 0
71 0
72 0
73 0
74 0
75 0
76 0
77 0
78 0
79 0
80 0
81 0
82 0
83 0
84 0
85 0
86 0
87 0
88 0
89 0
90 0
91 0
92 0
93 0
94 0
95 0
96 0
97 0
98 0
99 0
100 0
101 0
73
153545
