0
0 17
1 0
2 55
3 92
4 118
5 204
6 149
7 270
8 249
9 249
10 264
11 273
12 273
13 237
14 239
15 203
16 203
17 197
18 151
19 144
20 131
21 100
22 92
23 84
24 62
25 61
26 42
27 52
28 26
29 29
30 27
31 11
32 7
33 11
34 9
35 7
36 4
37 5
38 1
39 4
40 3
41 1
42 4
43 0
44 0
45 0
46 0
47 0
48 0
49 0
50 0
51 0
52 0
53 0
54 0
55 0
56 0
57 0
58 0
59 0
60 0
61 0
62 0
63 0
64 0
65 0
66 0
67 0
68 0
69 0
70 0
71 0
72 0
73 0
74 0
75 0
76 0
77 0
78 0
79 0
80 0
81 0
82 0
83 0
84 0
85 0
86 0
87 0
88 0
89 0
90 0
91 0
92 0
93 0
94 0
95 0
96 0
97 0
98 0
99 0
100 0
101 0
80
160877
