0
0 55
1 0
2 40
3 268
4 92
5 194
6 283
7 248
8 270
9 295
10 263
11 210
12 263
13 201
14 200
15 183
16 179
17 173
18 133
19 131
20 136
21 84
22 87
23 71
24 72
25 58
26 45
27 29
28 36
29 19
30 28
31 19
32 14
33 8
34 7
35 8
36 8
37 4
38 6
39 4
40 4
41 1
42 4
43 1
44 1
45 0
46 0
47 0
48 0
49 0
50 1
51 0
52 0
53 0
54 0
55 0
56 0
57 0
58 0
59 0
60 0
61 0
62 0
63 0
64 0
65 0
66 0
67 0
68 0
69 0
70 0
71 0
72 0
73 0
74 0
75 0
76 0
77 0
78 0
79 0
80 0
81 0
82 0
83 0
84 0
85 0
86 0
87 0
88 0
89 0
90 0
91 0
92 0
93 0
94 0
95 0
96 0
97 0
98 0
99 0
100 0
101 0
83
166570
