0
0 13
1 0
2 55
3 26
4 140
5 151
6 193
7 190
8 221
9 272
10 294
11 261
12 226
13 242
14 269
15 242
16 211
17 206
18 188
19 177
20 161
21 92
22 130
23 89
24 95
25 80
26 51
27 62
28 58
29 34
30 32
31 20
32 21
33 18
34 13
35 9
36 9
37 7
38 3
39 4
40 5
41 4
42 3
43 4
44 0
45 2
46 0
47 1
48 0
49 0
50 0
51 0
52 0
53 0
54 0
55 0
56 0
57 0
58 0
59 0
60 0
61 0
62 0
63 0
64 0
65 0
66 0
67 0
68 0
69 0
70 0
71 0
72 0
73 0
74 0
75 0
76 0
77 0
78 0
79 0
80 0
81 0
82 0
83 0
84 0
85 0
86 0
87 0
88 0
89 0
90 0
91 0
92 0
93 0
94 0
95 0
96 0
97 0
98 0
99 0
100 0
101 0
102
178037
