0
0 15
1 0
2 173
3 53
4 210
5 216
6 260
7 273
8 302
9 305
10 281
11 285
12 279
13 274
14 265
15 184
16 209
17 166
18 135
19 147
20 125
21 83
22 105
23 75
24 48
25 58
26 50
27 35
28 28
29 28
30 22
31 18
32 10
33 13
34 9
35 9
36 5
37 4
38 4
39 2
40 1
41 0
42 1
43 2
44 0
45 0
46 0
47 0
48 1
49 0
50 0
51 0
52 0
53 0
54 0
55 0
56 0
57 0
58 0
59 0
60 0
61 0
62 0
63 0
64 0
65 0
66 0
67 0
68 0
69 0
70 0
71 0
72 0
73 0
74 0
75 0
76 0
77 0
78 0
79 0
80 0
81 0
82 0
83 0
84 0
85 0
86 0
87 0
88 0
89 0
90 0
91 0
92 0
93 0
94 0
95 0
96 0
97 0
98 0
99 0
100 0
101 0
93
192457
