0
0 4
1 0
2 89
3 14
4 166
5 123
6 224
7 184
8 296
9 248
10 301
11 249
12 283
13 282
14 264
15 241
16 209
17 209
18 214
19 181
20 172
21 141
22 113
23 114
24 101
25 62
26 62
27 58
28 32
29 39
30 40
31 25
32 18
33 13
34 15
35 9
36 6
37 8
38 4
39 6
40 4
41 7
42 5
43 4
44 0
45 0
46 0
47 1
48 0
49 0
50 0
51 0
52 0
53 1
54 0
55 0
56 0
57 0
58 0
59 0
60 0
61 0
62 0
63 0
64 0
65 0
66 0
67 0
68 0
69 0
70 0
71 0
72 0
73 0
74 0
75 0
76 0
77 0
78 0
79 0
80 0
81 0
82 0
83 0
84 0
85 0
86 0
87 0
88 0
89 0
90 0
91 0
92 0
93 0
94 0
95 0
96 0
97 0
98 0
99 0
100 0
101 0
85
198417
