0
0 72
1 0
2 103
3 301
4 122
5 305
6 263
7 336
8 306
9 265
10 311
11 298
12 259
13 244
14 195
15 167
16 163
17 145
18 186
19 114
20 108
21 81
22 65
23 63
24 65
25 64
26 50
27 35
28 33
29 35
30 23
31 13
32 11
33 12
34 9
35 8
36 5
37 6
38 8
39 4
40 2
41 2
42 0
43 2
44 2
45 3
46 0
47 0
48 1
49 0
50 0
51 0
52 0
53 0
54 0
55 0
56 0
57 0
58 0
59 0
60 0
61 0
62 0
63 0
64 0
65 0
66 0
67 0
68 0
69 0
70 0
71 0
72 0
73 0
74 0
75 0
76 0
77 0
78 0
79 0
80 0
81 0
82 0
83 0
84 0
85 0
86 0
87 0
88 0
89 0
90 0
91 0
92 0
93 0
94 0
95 0
96 0
97 0
98 0
99 0
100 0
101 0
95
200514
