0
0 8
1 0
2 17
3 29
4 22
5 47
6 41
7 48
8 46
9 51
10 66
11 42
12 48
13 35
14 46
15 38
16 33
17 31
18 38
19 14
20 25
21 13
22 15
23 14
24 12
25 16
26 14
27 14
28 3
29 3
30 5
31 5
32 4
33 2
34 4
35 1
36 2
37 2
38 0
39 2
40 1
41 0
42 0
43 0
44 0
45 0
46 0
47 0
48 0
49 0
50 0
51 0
52 0
53 0
54 0
55 0
56 0
57 0
58 0
59 0
60 0
61 0
62 0
63 0
64 0
65 0
66 0
67 0
68 0
69 0
70 0
71 0
72 0
73 0
74 0
75 0
76 0
77 0
78 0
79 0
80 0
81 0
82 0
83 0
84 0
85 0
86 0
87 0
88 0
89 0
90 0
91 0
92 0
93 0
94 0
95 0
96 0
97 0
98 0
99 0
100 0
101 0
16
6235
