0
0 0
1 0
2 0
3 0
4 0
5 0
6 0
7 0
8 0
9 0
10 0
11 0
12 0
13 0
14 0
15 0
16 0
17 0
18 0
19 0
20 0
21 0
22 0
23 0
24 1
25 1
26 0
27 1
28 0
29 1
30 2
31 1
32 1
33 2
34 1
35 3
36 5
37 6
38 5
39 5
40 6
41 8
42 8
43 10
44 12
45 21
46 24
47 18
48 34
49 28
50 44
51 19
52 45
53 36
54 34
55 58
56 46
57 38
58 52
59 47
60 46
61 49
62 46
63 35
64 41
65 38
66 40
67 22
68 28
69 20
70 17
71 14
72 10
73 9
74 8
75 4
76 1
77 1
78 0
79 1
80 1
81 1
82 0
83 0
84 0
85 0
86 0
87 0
88 0
89 0
90 0
91 0
92 0
93 0
94 0
95 0
96 0
97 0
98 0
99 0
100 0
101 0
14
7035
