0
0 0
1 0
2 0
3 0
4 0
5 0
6 0
7 0
8 0
9 0
10 0
11 0
12 0
13 0
14 0
15 0
16 0
17 0
18 0
19 1
20 0
21 1
22 0
23 1
24 0
25 3
26 1
27 0
28 1
29 2
30 1
31 4
32 6
33 1
34 5
35 4
36 5
37 5
38 3
39 7
40 11
41 10
42 11
43 14
44 12
45 9
46 19
47 23
48 22
49 24
50 17
51 16
52 30
53 22
54 27
55 27
56 30
57 28
58 28
59 21
60 42
61 32
62 37
63 23
64 31
65 26
66 43
67 24
68 30
69 32
70 32
71 26
72 23
73 21
74 22
75 25
76 20
77 13
78 15
79 12
80 10
81 6
82 9
83 5
84 5
85 1
86 2
87 0
88 4
89 0
90 0
91 1
92 0
93 0
94 0
95 0
96 0
97 0
98 0
99 0
100 0
101 0
13
6607
