0
0 0
1 0
2 0
3 0
4 0
5 0
6 0
7 0
8 0
9 0
10 0
11 0
12 0
13 0
14 0
15 0
16 0
17 0
18 0
19 0
20 0
21 2
22 0
23 0
24 1
25 0
26 0
27 1
28 2
29 1
30 0
31 4
32 5
33 10
34 3
35 4
36 7
37 4
38 4
39 11
40 11
41 8
42 8
43 8
44 13
45 21
46 14
47 14
48 23
49 25
50 32
51 21
52 38
53 38
54 42
55 32
56 49
57 33
58 39
59 38
60 46
61 44
62 47
63 42
64 55
65 45
66 43
67 35
68 24
69 31
70 36
71 24
72 21
73 19
74 15
75 17
76 9
77 8
78 9
79 5
80 5
81 1
82 8
83 1
84 0
85 0
86 0
87 1
88 0
89 1
90 0
91 0
92 0
93 0
94 0
95 0
96 0
97 0
98 0
99 0
100 0
101 0
15
8545
