0
0 0
1 0
2 0
3 0
4 0
5 0
6 0
7 0
8 0
9 0
10 0
11 1
12 1
13 0
14 0
15 0
16 0
17 0
18 0
19 1
20 1
21 1
22 1
23 0
24 0
25 1
26 4
27 3
28 5
29 2
30 4
31 4
32 3
33 7
34 5
35 6
36 4
37 4
38 6
39 12
40 24
41 14
42 17
43 16
44 18
45 29
46 23
47 23
48 14
49 21
50 44
51 21
52 22
53 23
54 44
55 37
56 29
57 37
58 50
59 39
60 48
61 49
62 39
63 33
64 51
65 45
66 50
67 21
68 34
69 22
70 24
71 18
72 21
73 14
74 9
75 11
76 5
77 11
78 5
79 0
80 2
81 0
82 4
83 0
84 3
85 1
86 2
87 0
88 0
89 0
90 0
91 0
92 0
93 1
94 0
95 0
96 0
97 0
98 0
99 0
100 0
101 0
15
8335
