0
0 0
1 0
2 0
3 0
4 0
5 0
6 0
7 0
8 0
9 0
10 0
11 0
12 0
13 0
14 0
15 0
16 0
17 0
18 0
19 1
20 0
21 0
22 0
23 0
24 0
25 0
26 1
27 1
28 0
29 1
30 2
31 1
32 2
33 1
34 2
35 2
36 3
37 2
38 3
39 5
40 2
41 4
42 4
43 4
44 7
45 2
46 3
47 5
48 6
49 5
50 3
51 3
52 0
53 4
54 3
55 4
56 1
57 3
58 4
59 2
60 3
61 1
62 2
63 2
64 1
65 1
66 0
67 3
68 0
69 0
70 1
71 0
72 1
73 0
74 1
75 0
76 1
77 0
78 1
79 0
80 0
81 1
82 0
83 0
84 0
85 0
86 0
87 0
88 0
89 0
90 0
91 0
92 0
93 0
94 0
95 0
96 0
97 0
98 0
99 0
100 0
101 0
1
42
