0
0 0
1 0
2 0
3 0
4 0
5 0
6 0
7 0
8 0
9 0
10 0
11 0
12 0
13 0
14 0
15 1
16 0
17 0
18 1
19 0
20 0
21 2
22 0
23 2
24 0
25 2
26 0
27 2
28 2
29 4
30 7
31 2
32 2
33 7
34 7
35 9
36 9
37 15
38 11
39 23
40 25
41 19
42 28
43 21
44 26
45 21
46 27
47 32
48 32
49 34
50 49
51 24
52 54
53 51
54 35
55 40
56 42
57 34
58 42
59 42
60 39
61 30
62 36
63 20
64 40
65 25
66 29
67 19
68 14
69 20
70 18
71 20
72 11
73 9
74 5
75 4
76 4
77 2
78 1
79 1
80 0
81 0
82 0
83 1
84 0
85 0
86 0
87 0
88 0
89 0
90 0
91 0
92 0
93 0
94 0
95 0
96 0
97 0
98 0
99 0
100 0
101 0
15
8185
