0
0 0
1 0
2 0
3 0
4 0
5 0
6 0
7 0
8 0
9 0
10 0
11 0
12 0
13 0
14 0
15 0
16 0
17 0
18 0
19 1
20 0
21 0
22 0
23 0
24 1
25 0
26 0
27 1
28 0
29 0
30 2
31 1
32 0
33 5
34 2
35 2
36 4
37 4
38 5
39 5
40 6
41 6
42 4
43 6
44 10
45 13
46 7
47 8
48 14
49 27
50 17
51 12
52 25
53 23
54 24
55 25
56 32
57 31
58 33
59 35
60 36
61 33
62 31
63 36
64 37
65 38
66 58
67 65
68 41
69 49
70 46
71 30
72 49
73 33
74 25
75 29
76 20
77 23
78 27
79 5
80 19
81 9
82 9
83 3
84 4
85 4
86 1
87 0
88 1
89 0
90 0
91 0
92 0
93 0
94 0
95 0
96 0
97 0
98 0
99 0
100 0
101 0
15
8455
