0
0 0
1 0
2 0
3 0
4 0
5 0
6 0
7 0
8 0
9 0
10 0
11 0
12 0
13 0
14 0
15 1
16 0
17 0
18 0
19 1
20 0
21 0
22 1
23 1
24 2
25 3
26 2
27 8
28 13
29 11
30 9
31 14
32 15
33 17
34 17
35 19
36 19
37 30
38 35
39 38
40 53
41 50
42 44
43 41
44 53
45 48
46 49
47 37
48 57
49 41
50 42
51 35
52 41
53 27
54 39
55 24
56 33
57 29
58 24
59 21
60 23
61 10
62 10
63 10
64 10
65 4
66 2
67 4
68 1
69 1
70 5
71 5
72 1
73 1
74 1
75 0
76 0
77 0
78 0
79 0
80 0
81 0
82 0
83 0
84 0
85 0
86 0
87 0
88 0
89 0
90 0
91 0
92 0
93 0
94 0
95 0
96 0
97 0
98 0
99 0
100 0
101 0
15
8155
