0
0 0
1 0
2 0
3 0
4 0
5 0
6 0
7 0
8 0
9 0
10 0
11 0
12 0
13 0
14 0
15 0
16 0
17 1
18 1
19 1
20 0
21 0
22 1
23 0
24 3
25 1
26 2
27 2
28 1
29 0
30 6
31 2
32 3
33 4
34 8
35 8
36 10
37 5
38 11
39 14
40 14
41 9
42 20
43 18
44 20
45 23
46 24
47 26
48 37
49 46
50 53
51 20
52 42
53 35
54 51
55 44
56 48
57 41
58 45
59 37
60 50
61 49
62 40
63 40
64 49
65 42
66 50
67 26
68 23
69 28
70 29
71 21
72 12
73 18
74 20
75 16
76 7
77 5
78 6
79 3
80 1
81 1
82 0
83 0
84 0
85 0
86 0
87 0
88 0
89 0
90 0
91 0
92 0
93 0
94 0
95 0
96 0
97 0
98 0
99 0
100 0
101 0
17
10399
