0
0 0
1 0
2 0
3 0
4 0
5 0
6 0
7 0
8 0
9 0
10 0
11 0
12 0
13 0
14 0
15 0
16 0
17 0
18 0
19 0
20 0
21 0
22 0
23 0
24 0
25 0
26 0
27 0
28 0
29 0
30 2
31 0
32 2
33 2
34 2
35 3
36 4
37 4
38 7
39 5
40 10
41 2
42 8
43 10
44 21
45 22
46 22
47 21
48 23
49 21
50 57
51 19
52 56
53 41
54 42
55 61
56 50
57 45
58 61
59 52
60 68
61 43
62 63
63 33
64 56
65 45
66 63
67 36
68 26
69 39
70 34
71 34
72 20
73 19
74 10
75 15
76 2
77 6
78 4
79 4
80 1
81 1
82 1
83 1
84 2
85 0
86 0
87 0
88 0
89 0
90 0
91 0
92 0
93 0
94 0
95 0
96 0
97 0
98 0
99 0
100 0
101 0
20
10878
