0
0 0
1 0
2 0
3 0
4 0
5 0
6 0
7 0
8 0
9 0
10 0
11 0
12 0
13 0
14 0
15 0
16 1
17 0
18 0
19 0
20 0
21 0
22 0
23 0
24 0
25 2
26 1
27 1
28 2
29 2
30 7
31 1
32 6
33 4
34 6
35 3
36 7
37 9
38 6
39 11
40 19
41 5
42 13
43 12
44 23
45 15
46 20
47 23
48 30
49 32
50 40
51 18
52 49
53 30
54 37
55 36
56 42
57 42
58 39
59 47
60 61
61 38
62 45
63 41
64 59
65 48
66 41
67 50
68 49
69 42
70 42
71 33
72 32
73 31
74 32
75 24
76 13
77 14
78 11
79 11
80 15
81 5
82 10
83 4
84 2
85 2
86 2
87 1
88 1
89 0
90 2
91 0
92 0
93 0
94 0
95 0
96 0
97 0
98 0
99 0
100 0
101 0
19
12712
