0
0 0
1 0
2 0
3 0
4 0
5 0
6 0
7 0
8 0
9 0
10 0
11 0
12 0
13 0
14 0
15 0
16 0
17 0
18 0
19 0
20 0
21 0
22 0
23 0
24 0
25 0
26 0
27 0
28 0
29 0
30 1
31 2
32 1
33 1
34 0
35 1
36 0
37 1
38 3
39 3
40 2
41 2
42 2
43 1
44 7
45 4
46 12
47 6
48 9
49 10
50 20
51 12
52 15
53 15
54 21
55 23
56 31
57 24
58 58
59 41
60 53
61 56
62 56
63 69
64 67
65 59
66 63
67 50
68 61
69 75
70 67
71 81
72 68
73 69
74 58
75 52
76 50
77 29
78 39
79 21
80 24
81 10
82 12
83 8
84 5
85 2
86 2
87 0
88 1
89 0
90 0
91 0
92 0
93 0
94 0
95 0
96 0
97 0
98 0
99 0
100 0
101 0
21
15363
