0
0 0
1 0
2 0
3 0
4 0
5 0
6 0
7 0
8 1
9 1
10 0
11 0
12 0
13 2
14 2
15 2
16 0
17 0
18 2
19 2
20 7
21 2
22 2
23 5
24 2
25 6
26 1
27 9
28 8
29 8
30 10
31 12
32 21
33 21
34 18
35 19
36 34
37 27
38 23
39 27
40 52
41 19
42 44
43 33
44 49
45 39
46 46
47 42
48 56
49 56
50 66
51 37
52 46
53 64
54 34
55 44
56 62
57 46
58 36
59 39
60 53
61 27
62 46
63 33
64 29
65 34
66 26
67 20
68 20
69 19
70 20
71 3
72 10
73 19
74 8
75 12
76 1
77 4
78 1
79 1
80 0
81 0
82 2
83 1
84 1
85 0
86 0
87 0
88 0
89 0
90 0
91 0
92 0
93 0
94 0
95 0
96 0
97 0
98 0
99 0
100 0
101 0
21
16179
