0
0 0
1 0
2 0
3 0
4 0
5 0
6 0
7 0
8 0
9 0
10 0
11 0
12 0
13 0
14 0
15 0
16 0
17 1
18 0
19 1
20 0
21 0
22 1
23 0
24 1
25 0
26 1
27 0
28 3
29 0
30 2
31 6
32 8
33 6
34 5
35 9
36 8
37 9
38 9
39 16
40 22
41 18
42 28
43 25
44 36
45 33
46 53
47 36
48 46
49 49
50 72
51 38
52 73
53 51
54 91
55 72
56 70
57 68
58 65
59 64
60 67
61 54
62 53
63 64
64 52
65 43
66 49
67 31
68 28
69 40
70 24
71 20
72 24
73 15
74 10
75 6
76 8
77 7
78 2
79 3
80 0
81 0
82 1
83 0
84 0
85 0
86 0
87 0
88 0
89 0
90 0
91 0
92 0
93 0
94 0
95 0
96 0
97 0
98 0
99 0
100 0
101 0
23
18876
