0
0 0
1 0
2 0
3 0
4 0
5 0
6 0
7 0
8 0
9 0
10 0
11 0
12 0
13 0
14 1
15 0
16 0
17 0
18 0
19 0
20 1
21 1
22 2
23 3
24 1
25 2
26 2
27 0
28 1
29 0
30 5
31 2
32 5
33 6
34 4
35 0
36 4
37 6
38 6
39 4
40 5
41 1
42 5
43 7
44 6
45 4
46 9
47 9
48 7
49 3
50 6
51 3
52 3
53 5
54 4
55 2
56 4
57 4
58 2
59 3
60 1
61 1
62 1
63 2
64 0
65 0
66 3
67 3
68 1
69 0
70 1
71 1
72 0
73 0
74 0
75 0
76 0
77 0
78 0
79 0
80 0
81 0
82 0
83 0
84 0
85 0
86 0
87 0
88 0
89 0
90 0
91 0
92 0
93 0
94 0
95 0
96 0
97 0
98 0
99 0
100 0
101 0
2
102
