0
0 0
1 0
2 0
3 0
4 0
5 0
6 0
7 0
8 0
9 0
10 0
11 0
12 0
13 0
14 0
15 1
16 0
17 0
18 0
19 0
20 1
21 1
22 0
23 0
24 1
25 0
26 1
27 4
28 5
29 5
30 4
31 3
32 12
33 7
34 5
35 4
36 10
37 13
38 9
39 15
40 18
41 14
42 32
43 24
44 32
45 24
46 43
47 26
48 43
49 46
50 33
51 35
52 35
53 44
54 53
55 32
56 40
57 49
58 52
59 57
60 83
61 53
62 56
63 59
64 56
65 40
66 49
67 39
68 47
69 49
70 40
71 23
72 28
73 30
74 26
75 29
76 24
77 18
78 22
79 12
80 11
81 9
82 7
83 3
84 5
85 2
86 0
87 0
88 1
89 0
90 0
91 0
92 0
93 0
94 0
95 0
96 0
97 0
98 0
99 0
100 0
101 0
22
17909
