0
0 0
1 0
2 0
3 0
4 0
5 0
6 0
7 0
8 0
9 0
10 0
11 0
12 0
13 0
14 0
15 0
16 0
17 0
18 0
19 1
20 0
21 1
22 3
23 2
24 4
25 2
26 3
27 5
28 7
29 10
30 4
31 2
32 6
33 6
34 8
35 5
36 7
37 10
38 15
39 12
40 23
41 18
42 16
43 22
44 27
45 17
46 33
47 27
48 41
49 31
50 47
51 22
52 59
53 31
54 47
55 39
56 40
57 56
58 61
59 57
60 53
61 54
62 49
63 49
64 73
65 56
66 56
67 46
68 39
69 73
70 40
71 30
72 42
73 32
74 37
75 28
76 23
77 19
78 15
79 14
80 24
81 6
82 11
83 2
84 2
85 4
86 3
87 4
88 0
89 0
90 0
91 0
92 0
93 0
94 0
95 0
96 0
97 0
98 0
99 0
100 0
101 0
23
19198
