0
0 0
1 0
2 0
3 0
4 0
5 0
6 0
7 0
8 0
9 0
10 0
11 0
12 0
13 0
14 0
15 0
16 0
17 0
18 0
19 0
20 0
21 0
22 0
23 1
24 1
25 1
26 1
27 4
28 1
29 7
30 9
31 13
32 15
33 19
34 5
35 22
36 15
37 15
38 34
39 26
40 34
41 35
42 45
43 48
44 65
45 52
46 59
47 63
48 72
49 59
50 90
51 50
52 77
53 61
54 85
55 73
56 55
57 71
58 61
59 62
60 66
61 51
62 52
63 36
64 57
65 35
66 37
67 24
68 15
69 18
70 20
71 10
72 11
73 7
74 3
75 3
76 0
77 0
78 1
79 1
80 0
81 1
82 0
83 0
84 0
85 0
86 0
87 0
88 0
89 0
90 0
91 0
92 0
93 0
94 0
95 0
96 0
97 0
98 0
99 0
100 0
101 0
25
22625
