0
0 0
1 0
2 0
3 0
4 0
5 0
6 0
7 0
8 0
9 0
10 0
11 0
12 0
13 0
14 0
15 0
16 0
17 0
18 1
19 1
20 0
21 0
22 0
23 0
24 1
25 2
26 2
27 2
28 0
29 3
30 2
31 3
32 3
33 5
34 6
35 5
36 12
37 11
38 12
39 9
40 8
41 15
42 11
43 19
44 25
45 23
46 19
47 28
48 38
49 34
50 36
51 33
52 41
53 45
54 63
55 70
56 51
57 58
58 66
59 69
60 62
61 56
62 75
63 63
64 84
65 58
66 54
67 75
68 75
69 64
70 69
71 45
72 40
73 34
74 43
75 37
76 37
77 27
78 24
79 15
80 18
81 6
82 12
83 6
84 3
85 4
86 1
87 0
88 2
89 1
90 0
91 0
92 0
93 0
94 0
95 0
96 0
97 0
98 0
99 0
100 0
101 0
26
24344
