0
0 0
1 0
2 0
3 0
4 0
5 0
6 0
7 0
8 0
9 0
10 0
11 0
12 0
13 1
14 0
15 0
16 0
17 2
18 2
19 1
20 0
21 0
22 1
23 5
24 3
25 9
26 2
27 12
28 12
29 8
30 14
31 19
32 19
33 34
34 21
35 27
36 34
37 27
38 42
39 34
40 56
41 49
42 57
43 56
44 64
45 47
46 69
47 72
48 68
49 68
50 84
51 51
52 69
53 65
54 84
55 71
56 72
57 43
58 55
59 48
60 64
61 34
62 40
63 51
64 26
65 26
66 33
67 18
68 27
69 15
70 14
71 9
72 12
73 4
74 7
75 6
76 3
77 0
78 0
79 1
80 0
81 0
82 0
83 0
84 0
85 0
86 0
87 0
88 0
89 0
90 0
91 0
92 0
93 0
94 0
95 0
96 0
97 0
98 0
99 0
100 0
101 0
26
25517
