0
0 0
1 0
2 0
3 0
4 0
5 0
6 0
7 0
8 0
9 0
10 0
11 0
12 0
13 0
14 0
15 0
16 0
17 0
18 0
19 0
20 1
21 0
22 0
23 1
24 0
25 1
26 2
27 1
28 2
29 3
30 5
31 3
32 6
33 6
34 3
35 11
36 6
37 16
38 11
39 13
40 20
41 16
42 18
43 23
44 19
45 24
46 26
47 34
48 39
49 34
50 59
51 19
52 48
53 50
54 52
55 66
56 55
57 57
58 76
59 81
60 72
61 80
62 71
63 83
64 56
65 76
66 84
67 62
68 61
69 47
70 62
71 47
72 45
73 41
74 30
75 43
76 22
77 16
78 16
79 22
80 19
81 9
82 5
83 3
84 3
85 0
86 1
87 2
88 1
89 0
90 0
91 0
92 0
93 0
94 0
95 0
96 0
97 0
98 0
99 0
100 0
101 0
27
26021
