0
0 0
1 0
2 0
3 0
4 0
5 0
6 0
7 0
8 0
9 0
10 0
11 0
12 0
13 0
14 0
15 0
16 0
17 0
18 0
19 0
20 0
21 0
22 0
23 0
24 0
25 0
26 0
27 0
28 0
29 1
30 0
31 0
32 1
33 2
34 0
35 2
36 1
37 0
38 2
39 3
40 3
41 0
42 7
43 7
44 10
45 11
46 14
47 12
48 13
49 22
50 29
51 17
52 31
53 36
54 41
55 53
56 57
57 59
58 62
59 71
60 90
61 80
62 106
63 98
64 95
65 114
66 123
67 85
68 88
69 93
70 96
71 67
72 74
73 55
74 47
75 37
76 15
77 12
78 9
79 4
80 7
81 1
82 2
83 2
84 0
85 1
86 0
87 0
88 0
89 0
90 0
91 0
92 0
93 0
94 0
95 0
96 0
97 0
98 0
99 0
100 0
101 0
26
25543
