0
0 0
1 0
2 0
3 0
4 0
5 0
6 0
7 0
8 0
9 0
10 1
11 1
12 0
13 0
14 0
15 0
16 2
17 0
18 1
19 1
20 2
21 0
22 3
23 4
24 3
25 6
26 4
27 6
28 3
29 7
30 10
31 6
32 17
33 7
34 16
35 26
36 21
37 27
38 23
39 19
40 46
41 21
42 34
43 32
44 44
45 47
46 42
47 42
48 49
49 46
50 54
51 28
52 55
53 54
54 64
55 56
56 57
57 53
58 58
59 58
60 73
61 47
62 51
63 62
64 68
65 55
66 53
67 45
68 39
69 46
70 47
71 36
72 45
73 24
74 33
75 28
76 30
77 20
78 24
79 11
80 15
81 13
82 6
83 7
84 3
85 3
86 3
87 6
88 3
89 0
90 1
91 0
92 1
93 0
94 1
95 0
96 0
97 0
98 0
99 0
100 0
101 0
27
27890
