1
2191 1316 95.6522
0 0
1 0
2 0
3 0
4 0
5 0
6 0
7 0
8 0
9 0
10 0
11 0
12 0
13 0
14 0
15 0
16 0
17 0
18 0
19 0
20 0
21 0
22 0
23 0
24 0
25 0
26 0
27 0
28 0
29 0
30 1
31 1
32 1
33 1
34 4
35 2
36 5
37 3
38 5
39 6
40 4
41 5
42 10
43 8
44 8
45 11
46 18
47 16
48 31
49 20
50 34
51 13
52 30
53 37
54 50
55 58
56 79
57 74
58 74
59 102
60 97
61 100
62 104
63 101
64 133
65 99
66 94
67 119
68 112
69 86
70 90
71 86
72 64
73 49
74 33
75 32
76 30
77 18
78 15
79 9
80 3
81 2
82 1
83 1
84 0
85 0
86 0
87 0
88 0
89 0
90 0
91 0
92 0
93 0
94 0
95 0
96 1
97 0
98 0
99 0
100 0
101 0
30
31743
