0
0 0
1 0
2 0
3 0
4 0
5 0
6 0
7 0
8 0
9 0
10 0
11 0
12 0
13 0
14 0
15 0
16 0
17 0
18 0
19 1
20 0
21 0
22 0
23 0
24 1
25 0
26 0
27 2
28 2
29 2
30 1
31 4
32 8
33 10
34 6
35 6
36 10
37 13
38 11
39 10
40 16
41 16
42 14
43 22
44 29
45 21
46 24
47 33
48 42
49 36
50 50
51 40
52 47
53 47
54 58
55 40
56 55
57 59
58 58
59 74
60 68
61 52
62 85
63 83
64 68
65 64
66 73
67 74
68 65
69 70
70 76
71 51
72 65
73 49
74 52
75 57
76 38
77 37
78 41
79 21
80 25
81 15
82 9
83 10
84 12
85 12
86 6
87 2
88 2
89 0
90 0
91 1
92 0
93 0
94 0
95 0
96 0
97 0
98 0
99 0
100 0
101 0
29
30602
