0
0 0
1 0
2 0
3 0
4 0
5 0
6 0
7 0
8 0
9 0
10 0
11 0
12 0
13 0
14 0
15 0
16 0
17 0
18 0
19 1
20 0
21 0
22 2
23 0
24 1
25 0
26 0
27 0
28 0
29 1
30 2
31 1
32 2
33 2
34 1
35 5
36 1
37 3
38 7
39 2
40 6
41 3
42 7
43 4
44 4
45 9
46 6
47 7
48 11
49 9
50 9
51 9
52 13
53 3
54 11
55 8
56 10
57 13
58 8
59 15
60 8
61 13
62 10
63 3
64 7
65 8
66 10
67 4
68 2
69 3
70 4
71 2
72 0
73 0
74 1
75 1
76 1
77 0
78 1
79 2
80 1
81 0
82 0
83 0
84 1
85 0
86 0
87 0
88 0
89 0
90 0
91 0
92 0
93 0
94 0
95 0
96 0
97 0
98 0
99 0
100 0
101 0
3
387
