0
0 0
1 0
2 0
3 0
4 0
5 0
6 0
7 0
8 0
9 0
10 0
11 0
12 0
13 0
14 0
15 0
16 0
17 0
18 0
19 0
20 0
21 0
22 0
23 0
24 0
25 0
26 0
27 0
28 0
29 0
30 0
31 1
32 0
33 2
34 2
35 0
36 2
37 1
38 0
39 1
40 2
41 3
42 0
43 1
44 3
45 7
46 4
47 1
48 2
49 1
50 10
51 5
52 4
53 11
54 7
55 10
56 19
57 8
58 11
59 15
60 11
61 14
62 7
63 16
64 18
65 13
66 17
67 12
68 8
69 10
70 14
71 6
72 7
73 7
74 6
75 8
76 3
77 5
78 1
79 5
80 2
81 0
82 2
83 0
84 2
85 1
86 0
87 0
88 1
89 0
90 0
91 0
92 0
93 0
94 0
95 0
96 0
97 0
98 0
99 0
100 0
101 0
4
570
