0
0 0
1 0
2 0
3 0
4 0
5 0
6 0
7 0
8 0
9 0
10 0
11 0
12 0
13 0
14 0
15 0
16 0
17 1
18 0
19 0
20 0
21 1
22 1
23 0
24 4
25 2
26 3
27 2
28 8
29 5
30 7
31 1
32 5
33 5
34 7
35 10
36 5
37 10
38 4
39 11
40 18
41 9
42 10
43 10
44 18
45 16
46 12
47 21
48 17
49 14
50 24
51 9
52 22
53 15
54 17
55 21
56 20
57 12
58 19
59 17
60 11
61 13
62 11
63 19
64 13
65 9
66 10
67 6
68 5
69 12
70 2
71 10
72 8
73 5
74 1
75 3
76 0
77 3
78 1
79 2
80 3
81 0
82 2
83 0
84 1
85 0
86 0
87 0
88 0
89 0
90 0
91 0
92 0
93 0
94 0
95 0
96 0
97 0
98 0
99 0
100 0
101 0
7
1856
