0
0 0
1 0
2 0
3 0
4 0
5 0
6 0
7 0
8 0
9 0
10 0
11 0
12 0
13 0
14 0
15 0
16 0
17 0
18 0
19 0
20 0
21 0
22 0
23 2
24 0
25 0
26 0
27 0
28 0
29 0
30 1
31 0
32 1
33 2
34 1
35 0
36 2
37 1
38 3
39 2
40 2
41 1
42 6
43 6
44 3
45 8
46 2
47 5
48 13
49 5
50 14
51 10
52 13
53 13
54 14
55 21
56 25
57 18
58 19
59 22
60 17
61 20
62 21
63 19
64 26
65 29
66 46
67 21
68 19
69 28
70 20
71 19
72 12
73 17
74 9
75 11
76 10
77 7
78 12
79 4
80 6
81 3
82 0
83 2
84 0
85 1
86 1
87 0
88 0
89 0
90 0
91 0
92 0
93 0
94 0
95 0
96 0
97 0
98 0
99 0
100 0
101 0
8
2240
