0
0 0
1 0
2 0
3 0
4 0
5 0
6 0
7 0
8 0
9 0
10 0
11 0
12 0
13 0
14 0
15 0
16 0
17 0
18 1
19 0
20 0
21 0
22 1
23 0
24 0
25 0
26 0
27 0
28 1
29 1
30 0
31 3
32 0
33 2
34 1
35 5
36 3
37 3
38 5
39 5
40 4
41 5
42 4
43 5
44 7
45 11
46 6
47 12
48 18
49 15
50 16
51 6
52 16
53 15
54 26
55 25
56 21
57 23
58 22
59 21
60 32
61 23
62 21
63 33
64 23
65 27
66 25
67 17
68 23
69 21
70 18
71 16
72 19
73 13
74 12
75 14
76 7
77 6
78 4
79 1
80 9
81 6
82 2
83 2
84 3
85 0
86 0
87 0
88 0
89 0
90 1
91 0
92 0
93 0
94 0
95 0
96 0
97 0
98 0
99 0
100 0
101 0
9
2838
