0
0 0
1 0
2 0
3 0
4 0
5 0
6 0
7 0
8 0
9 0
10 0
11 0
12 1
13 1
14 0
15 0
16 0
17 0
18 2
19 0
20 0
21 2
22 2
23 2
24 3
25 0
26 3
27 3
28 6
29 5
30 2
31 6
32 11
33 10
34 11
35 18
36 16
37 15
38 16
39 14
40 23
41 18
42 17
43 12
44 19
45 19
46 17
47 22
48 19
49 21
50 26
51 8
52 26
53 24
54 16
55 24
56 21
57 15
58 18
59 18
60 18
61 14
62 19
63 18
64 19
65 9
66 16
67 12
68 5
69 9
70 8
71 7
72 5
73 0
74 4
75 5
76 0
77 2
78 2
79 1
80 0
81 1
82 0
83 0
84 0
85 1
86 0
87 0
88 1
89 0
90 0
91 0
92 0
93 0
94 0
95 0
96 0
97 0
98 0
99 0
100 0
101 0
9
3027
