0
0 0
1 0
2 0
3 0
4 0
5 0
6 0
7 0
8 0
9 0
10 0
11 0
12 0
13 0
14 0
15 0
16 0
17 0
18 0
19 0
20 0
21 0
22 0
23 0
24 0
25 0
26 0
27 0
28 0
29 0
30 0
31 2
32 1
33 0
34 0
35 0
36 1
37 1
38 0
39 3
40 3
41 3
42 7
43 12
44 5
45 5
46 13
47 15
48 12
49 16
50 17
51 12
52 27
53 22
54 27
55 31
56 26
57 36
58 31
59 27
60 31
61 26
62 40
63 39
64 32
65 31
66 15
67 28
68 24
69 19
70 24
71 10
72 18
73 13
74 10
75 6
76 6
77 1
78 4
79 5
80 0
81 1
82 0
83 1
84 0
85 0
86 0
87 0
88 0
89 0
90 0
91 0
92 0
93 0
94 0
95 0
96 0
97 0
98 0
99 0
100 0
101 0
10
3315
