0
0 0
1 0
2 0
3 0
4 0
5 0
6 0
7 0
8 0
9 0
10 0
11 0
12 0
13 0
14 0
15 0
16 0
17 0
18 0
19 0
20 1
21 0
22 0
23 1
24 0
25 2
26 2
27 1
28 0
29 4
30 1
31 2
32 6
33 7
34 5
35 4
36 8
37 9
38 7
39 10
40 18
41 7
42 20
43 13
44 19
45 26
46 25
47 13
48 17
49 25
50 29
51 15
52 28
53 24
54 22
55 34
56 24
57 28
58 32
59 28
60 27
61 16
62 31
63 24
64 19
65 26
66 18
67 20
68 7
69 12
70 12
71 9
72 18
73 10
74 3
75 7
76 2
77 7
78 7
79 3
80 0
81 1
82 1
83 0
84 2
85 0
86 0
87 0
88 0
89 0
90 0
91 0
92 0
93 0
94 0
95 0
96 0
97 0
98 0
99 0
100 0
101 0
10
3914
