0
0 0
1 0
2 0
3 0
4 0
5 0
6 0
7 0
8 0
9 0
10 0
11 0
12 0
13 0
14 0
15 0
16 0
17 0
18 0
19 0
20 0
21 0
22 0
23 0
24 0
25 0
26 0
27 0
28 1
29 0
30 1
31 1
32 0
33 1
34 2
35 2
36 4
37 2
38 3
39 1
40 0
41 1
42 3
43 3
44 2
45 7
46 2
47 9
48 10
49 9
50 23
51 7
52 16
53 13
54 18
55 23
56 19
57 25
58 41
59 28
60 34
61 26
62 31
63 41
64 46
65 33
66 43
67 30
68 30
69 44
70 45
71 27
72 26
73 42
74 21
75 29
76 16
77 15
78 10
79 13
80 10
81 1
82 3
83 2
84 0
85 0
86 1
87 0
88 0
89 0
90 0
91 0
92 0
93 0
94 0
95 0
96 0
97 0
98 0
99 0
100 0
101 0
12
4993
