454
66489 629718 65
66489 658501 68.1818
66489 169105 60.4651
66489 617363 66.6667
66489 677555 63.4146
66489 637434 71.1111
66489 639682 73.913
66489 660421 66.6667
66489 664853 78.0488
66489 650037 63.6364
66489 663921 76.9231
66489 66070 69.5652
66489 309708 76.4706
66489 651217 71.1111
66489 345650 77.2727
66489 659122 80
66489 59628 75.5556
66489 627383 60.8696
66489 685117 79.0698
66489 670149 63.4146
66489 643468 65
66489 81669 72.7273
66489 1390 76.1905
66489 67594 66.6667
66489 677503 60.4651
66489 54833 62.2222
66489 266126 78.0488
66489 680828 63.6364
66489 634306 65.2174
66489 653050 68.1818
66489 675279 63.6364
66489 193513 68.4211
66489 658487 72.7273
66489 64013 68.2927
66489 97219 68.1818
66489 163508 63.4146
66489 54829 71.4286
66489 684033 69.7674
66489 687618 61.9048
66489 679482 70.2703
66489 87059 69.7674
66489 43026 62.2222
66489 67609 83.7209
66489 365560 65.1163
66489 641764 78.9474
66489 338205 65.1163
66489 667944 69.7674
66489 66068 78.0488
66489 116805 80.9524
66489 179790 64.8649
66489 658309 71.4286
66489 370399 61.9048
66489 164774 95.2381
66489 656084 60.4651
66489 677554 60.4651
66489 4120 68.5714
66489 646440 62.5
66489 7636 68.2927
66489 102851 68.1818
66489 43395 63.4146
66489 624987 65.1163
66489 38253 75
66489 639681 73.913
66489 55342 65.1163
66489 667760 68.2927
66489 633174 68.0851
66489 632920 61.5385
66489 634219 81.8182
66489 667851 68.2927
66489 690579 77.2727
66489 657811 69.5652
66489 634171 73.913
66489 674553 63.6364
66489 611078 65
66489 96461 71.4286
66489 400230 68.4211
66489 664551 76.9231
66489 36603 75
66489 634616 70
66489 9659 87.8049
66489 193521 66.6667
66489 668523 68.2927
66489 372155 76.1905
66489 692226 61.1111
66489 679281 60
66489 229540 60.4651
66489 641699 60.6061
66489 43870 71.4286
66489 66296 60
66489 690415 74.4186
66489 686465 66.6667
66489 382815 63.6364
66489 53376 73.6842
66489 26346 60.4651
66489 33377 66.6667
66489 646645 69.5652
66489 121770 63.4146
66489 116523 77.2727
66489 646707 60.8696
66489 635960 69.7674
66489 658776 63.6364
66489 609067 62.963
66489 690578 77.2727
66489 694105 72.7273
66489 677512 66.6667
66489 116363 63.6364
66489 47695 69.7674
66489 4436 63.8298
66489 136014 63.4146
66489 72089 66.6667
66489 675585 71.4286
66489 686662 61.5385
66489 158910 71.4286
66489 686466 63.4146
66489 615123 73.913
66489 297577 68.1818
66489 685298 78.0488
66489 291305 60.4651
66489 691610 82.0513
66489 611347 76.1905
66489 103776 71.4286
66489 625015 74.4186
66489 681072 73.1707
66489 647068 65.2174
66489 68888 63.1579
66489 622659 61.9048
66489 677920 65
66489 12463 86.3636
66489 209084 66.6667
66489 631315 61.9048
66489 164614 78.0488
66489 695625 64.1509
66489 625421 63.6364
66489 683879 63.4146
66489 646165 62.2222
66489 76699 76.4706
66489 642896 82.9268
66489 627368 68.1818
66489 264045 68.1818
66489 658533 69.5652
66489 638640 74.4186
66489 73166 65
66489 667850 69.7674
66489 617316 66.6667
66489 672018 74.4186
66489 671880 68.1818
66489 636935 66.6667
66489 67476 88.3721
66489 53183 60.8696
66489 658980 69.7674
66489 31976 61.9048
66489 649428 62.2222
66489 404827 66.6667
66489 646441 61.7647
66489 674552 66.6667
66489 602890 78.0488
66489 7528 77.2727
66489 84227 64.8649
66489 72288 69.5652
66489 342024 63.1579
66489 31592 75.6757
66489 68955 68.2927
66489 617409 68.1818
66489 100467 66.6667
66489 682813 63.1579
66489 79447 74.4186
66489 663620 77.2727
66489 34632 62.2222
66489 82806 77.2727
66489 631648 62.2222
66489 663571 62.2222
66489 45164 60.4651
66489 326172 61.9048
66489 684032 61.5385
66489 646001 66.6667
66489 697384 71.4286
66489 193517 71.7949
66489 43285 63.4146
66489 60734 95.4545
66489 627226 63.4146
66489 60530 72.7273
66489 667247 69.7674
66489 43798 66.6667
66489 139785 71.4286
66489 637642 60.6061
66489 690590 81.8182
66489 63055 78.0488
66489 672441 71.4286
66489 141014 73.6842
66489 643480 73.6842
66489 20985 66.6667
66489 252044 66.6667
66489 634614 66.6667
66489 361456 71.7949
66489 601362 69.5652
66489 19055 87.1795
66489 663915 71.1111
66489 364202 66.6667
66489 662156 65.1163
66489 73248 78.2609
66489 677516 60.4651
66489 30724 63.4146
66489 755 66.6667
66489 29851 71.4286
66489 644297 60
66489 278461 72.7273
66489 690393 61.0169
66489 668362 71.7949
66489 623832 72.7273
66489 62857 66.6667
66489 609818 73.913
66489 113665 76.1905
66489 696224 65
66489 671881 66.6667
66489 651218 71.1111
66489 130895 68.2927
66489 686665 71.4286
66489 675215 80.9524
66489 664970 61.1111
66489 38243 75
66489 326397 72.7273
66489 263770 78.0488
66489 685799 63.6364
66489 82804 76.1905
66489 15130 66.6667
66489 690586 77.2727
66489 616811 81.8182
66489 64800 73.913
66489 634470 75.5556
66489 680708 63.1579
66489 676172 72.7273
66489 672960 63.4146
66489 69587 66.6667
66489 625028 72.2222
66489 58511 63.1579
66489 84552 65.1163
66489 326651 63.6364
66489 633553 62.2222
66489 680831 66.6667
66489 98431 70
66489 122381 89.4737
66489 154880 76.1905
66489 641698 60.6061
66489 39362 69.5652
66489 122640 65.1163
66489 661471 71.1111
66489 683892 77.2727
66489 55456 66.6667
66489 135284 61.5385
66489 174620 70
66489 38255 60.8696
66489 677915 64.8649
66489 131312 72.2222
66489 56148 72.7273
66489 752 63.6364
66489 45410 64.5161
66489 677916 70
66489 622644 66.6667
66489 669986 68.2927
66489 663952 75.5556
66489 632919 61.5385
66489 602880 62.2222
66489 282064 62.8571
66489 692011 86.3636
66489 646162 61.1111
66489 680466 78.0488
66489 102623 76.1905
66489 75516 76.1905
66489 686664 65.1163
66489 660053 72.7273
66489 71320 66.6667
66489 63911 63.6364
66489 686663 65.1163
66489 58895 69.7674
66489 26154 68.4211
66489 649441 66.6667
66489 59727 84.2105
66489 66479 70.2703
66489 695218 60.4651
66489 640902 64
66489 30723 63.4146
66489 664269 63.4146
66489 694951 68.2927
66489 663936 71.1111
66489 762 61.1111
66489 667749 63.4146
66489 636946 66.6667
66489 364989 70
66489 63599 71.1111
66489 6396 66.6667
66489 71439 75.5556
66489 405084 65.2174
66489 663576 62.2222
66489 339497 68.4211
66489 625027 75
66489 690574 77.2727
66489 628102 69.5652
66489 29232 68.2927
66489 13687 69.7674
66489 680482 80.9524
66489 609819 65
66489 613239 63.6364
66489 628495 62.963
66489 103998 69.7674
66489 86939 82.9268
66489 18894 68.5714
66489 113444 61.9048
66489 278175 73.1707
66489 663927 81.8182
66489 662782 71.7949
66489 207835 79.0698
66489 18255 75.6757
66489 409127 83.7209
66489 125185 68.5714
66489 634163 66.6667
66489 627222 85.7143
66489 675278 63.6364
66489 639683 69.5652
66489 649096 81.8182
66489 642604 71.1111
66489 684035 68.2927
66489 658818 75.5556
66489 670237 75
66489 105373 63.4146
66489 694315 76.1905
66489 1026 66.6667
66489 646232 77.2727
66489 683725 61.1111
66489 662773 63.1579
66489 646166 70
66489 681101 76.9231
66489 521887 73.1707
66489 648928 80.9524
66489 666115 60.3175
66489 97327 60.4651
66489 632917 63.4146
66489 667941 65.1163
66489 617627 68.75
66489 611783 82.6087
66489 674195 69.7674
66489 663549 72.7273
66489 648929 72.7273
66489 635820 71.1111
66489 48226 66.6667
66489 348706 60.4651
66489 282037 82.0513
66489 202930 66.6667
66489 3124 66.6667
66489 160451 72.7273
66489 62009 71.1111
66489 636929 60.4651
66489 4771 73.1707
66489 644333 63.6364
66489 295435 61.9048
66489 19984 66.6667
66489 78998 60
66489 58978 61.5385
66489 70868 81.8182
66489 327982 68.4211
66489 634220 86.3636
66489 624051 68.0851
66489 634775 77.2727
66489 27116 68.4211
66489 82807 80.9524
66489 60549 81.8182
66489 79016 81.8182
66489 670091 80
66489 617633 60.4651
66489 2775 74.4186
66489 646159 65.1163
66489 609820 65
66489 643487 68.1818
66489 180816 65
66489 619147 78.2609
66489 636326 61.9048
66489 672019 74.4186
66489 657843 65.2174
66489 331770 60.4651
66489 622661 63.6364
66489 79006 68.2927
66489 264039 72.7273
66489 66688 79.0698
66489 285113 63.4146
66489 684038 65.1163
66489 634581 73.913
66489 34765 72.7273
66489 649097 65.2174
66489 680494 81.8182
66489 13009 69.7674
66489 56285 68.2927
66489 100139 63.1579
66489 649092 69.7674
66489 147110 66.6667
66489 627011 63.4146
66489 634156 73.1707
66489 699206 69.7674
66489 65007 63.6364
66489 636947 66.6667
66489 87254 61.9048
66489 649427 62.2222
66489 615011 63.6364
66489 638636 66.6667
66489 625239 75.5556
66489 627367 68.1818
66489 119877 60.4651
66489 685783 74.4186
66489 686667 69.7674
66489 637643 60.6061
66489 677917 68.2927
66489 291534 63.6364
66489 749 68.1818
66489 55459 71.1111
66489 163501 60.4651
66489 327445 65
66489 66069 69.5652
66489 634615 76.1905
66489 632913 75.5556
66489 644871 62.2222
66489 79707 75
66489 65987 66.6667
66489 649424 62.2222
66489 51337 70
66489 647527 72.2222
66489 663914 74.4186
66489 57884 68.1818
66489 56470 63.6364
66489 632386 65.2174
66489 627370 80.9524
66489 75707 69.5652
66489 75518 75
66489 632918 65.1163
66489 612049 63.1579
66489 25397 72.7273
66489 41355 61.9048
66489 663947 86.3636
66489 270531 76.9231
66489 25413 91.3043
66489 636086 71.1111
66489 665282 77.2727
66489 26540 63.4146
66489 60188 68.5714
66489 602913 81.8182
66489 79008 72.7273
66489 131090 72.7273
66489 177951 61.9048
66489 625813 66.6667
66489 641697 60.6061
66489 3609 61.5385
66489 617628 71.1111
66489 653051 76.1905
66489 617406 62.2222
66489 630639 66.6667
66489 663935 78.0488
66489 404698 73.1707
0 8
1 0
2 0
3 0
4 0
5 1
6 1
7 1
8 2
9 0
10 0
11 0
12 1
13 3
14 2
15 3
16 1
17 6
18 5
19 12
20 4
21 0
22 2
23 5
24 7
25 5
26 5
27 4
28 15
29 21
30 12
31 2
32 3
33 9
34 5
35 7
36 9
37 10
38 11
39 14
40 10
41 7
42 9
43 17
44 10
45 11
46 15
47 13
48 38
49 30
50 53
51 2
52 27
53 35
54 16
55 12
56 12
57 25
58 26
59 5
60 18
61 27
62 26
63 18
64 50
65 15
66 19
67 44
68 0
69 40
70 34
71 2
72 29
73 21
74 16
75 16
76 9
77 17
78 13
79 13
80 5
81 6
82 10
83 5
84 2
85 1
86 1
87 4
88 2
89 1
90 1
91 0
92 1
93 0
94 0
95 0
96 2
97 0
98 0
99 0
100 0
101 0
11
6389
