250
38250 631597 62.069
38250 617683 71.7949
38250 667849 72.2222
38250 678398 64.7059
38250 1112 61.5385
38250 92221 77.4194
38250 677501 66.6667
38250 98696 61.1111
38250 666530 64.7059
38250 84223 66.6667
38250 37752 61.5385
38250 42443 61.5385
38250 142693 60
38250 626923 60
38250 30131 65
38250 629718 66.6667
38250 658501 64.8649
38250 651739 61.5385
38250 679112 68.75
38250 2858 71.4286
38250 664853 70.5882
38250 650037 70.2703
38250 650211 61.5385
38250 651217 63.1579
38250 345650 75.6757
38250 59628 68.4211
38250 627383 61.5385
38250 76031 64.5161
38250 685117 61.1111
38250 643468 66.6667
38250 1390 62.8571
38250 603974 62.5
38250 677503 61.1111
38250 30152 75
38250 634306 61.5385
38250 653050 75.6757
38250 658487 64.8649
38250 64013 64.7059
38250 40450 66.6667
38250 54829 68.5714
38250 684033 61.1111
38250 191042 70.9677
38250 679482 73.3333
38250 87059 66.6667
38250 46798 64.5161
38250 4926 75
38250 338205 77.7778
38250 48911 80
38250 66068 64.7059
38250 177950 70.2703
38250 4120 78.5714
38250 102851 64.8649
38250 643475 64.5161
38250 624987 66.6667
38250 624671 60
38250 38253 78.7879
38250 667760 70.5882
38250 667851 76.4706
38250 634171 66.6667
38250 611078 72.7273
38250 626100 61.1111
38250 400230 64.5161
38250 634616 72.7273
38250 9659 64.7059
38250 56338 72.2222
38250 692226 75.8621
38250 679281 78.7879
38250 229540 61.1111
38250 667063 60.6061
38250 382815 64.8649
38250 67668 70.9677
38250 646707 61.5385
38250 658776 64.8649
38250 643467 62.069
38250 92220 82.7586
38250 682811 75.8621
38250 116363 64.8649
38250 42903 60
38250 72089 68.4211
38250 651737 61.5385
38250 686662 81.25
38250 686466 70.5882
38250 615123 61.5385
38250 685298 64.7059
38250 691610 62.5
38250 639709 66.6667
38250 625015 77.7778
38250 681072 76.4706
38250 677920 66.6667
38250 148519 64.2857
38250 10479 62.069
38250 625421 64.8649
38250 683879 64.7059
38250 617316 75
38250 643493 70.9677
38250 401553 62.8571
38250 658980 72.2222
38250 84227 73.3333
38250 664911 62.5
38250 636095 63.1579
38250 641086 66.6667
38250 68955 70.5882
38250 617409 64.8649
38250 100467 62.5
38250 682813 70.9677
38250 79447 61.1111
38250 161601 68.5714
38250 663571 63.1579
38250 326172 74.2857
38250 643478 62.5
38250 684032 81.25
38250 328820 80
38250 193517 62.5
38250 600779 73.3333
38250 667247 72.2222
38250 634151 62.069
38250 676713 70.5882
38250 672441 62.8571
38250 252044 75
38250 209913 76.9231
38250 634614 68.75
38250 361456 62.5
38250 6365 75.8621
38250 57547 76.4706
38250 364202 68.5714
38250 662156 61.1111
38250 57548 68.4211
38250 30724 76.4706
38250 644297 72.7273
38250 278461 75.6757
38250 668362 68.75
38250 696224 66.6667
38250 651218 63.1579
38250 627080 63.1579
38250 686665 74.2857
38250 675215 62.8571
38250 38243 78.7879
38250 640230 63.1579
38250 634470 73.6842
38250 632227 77.4194
38250 684074 64.8649
38250 3110 61.5385
38250 625028 68.9655
38250 647530 74.0741
38250 58511 64.5161
38250 84552 61.1111
38250 631460 66.6667
38250 98431 72.7273
38250 57598 75
38250 659147 64.2857
38250 118613 62.8571
38250 55456 73.6842
38250 651735 61.5385
38250 38255 71.7949
38250 677915 73.3333
38250 131312 62.069
38250 56148 70.2703
38250 45410 75
38250 677916 66.6667
38250 622644 63.1579
38250 669986 64.7059
38250 663952 63.1579
38250 602880 68.4211
38250 680466 76.4706
38250 102623 62.8571
38250 75516 74.2857
38250 686664 72.2222
38250 660053 64.8649
38250 686663 66.6667
38250 58895 66.6667
38250 26154 64.5161
38250 649441 63.1579
38250 695218 66.6667
38250 25855 73.3333
38250 30723 76.4706
38250 680211 64.5161
38250 664269 70.5882
38250 694951 82.3529
38250 667749 70.5882
38250 348404 88.8889
38250 19911 72.2222
38250 339497 77.4194
38250 625027 60.6061
38250 29232 82.3529
38250 13687 72.2222
38250 609819 60.6061
38250 613239 64.8649
38250 631634 80
38250 18894 64.2857
38250 278175 70.5882
38250 125185 71.4286
38250 626433 70.5882
38250 634163 68.5714
38250 642604 68.4211
38250 676712 70.5882
38250 147625 60
38250 642788 60
38250 1026 62.5
38250 627082 70.2703
38250 95102 61.1111
38250 662773 83.871
38250 646166 60.6061
38250 521887 64.7059
38250 97327 66.6667
38250 617627 64
38250 674195 61.1111
38250 14787 60
38250 644333 70.2703
38250 295435 62.8571
38250 58978 68.75
38250 634775 64.8649
38250 7887 80
38250 609820 60.6061
38250 667246 72.2222
38250 643487 64.8649
38250 657843 61.5385
38250 79006 64.7059
38250 34765 64.8649
38250 56285 76.4706
38250 634156 64.7059
38250 699206 66.6667
38250 638603 64.5161
38250 87254 62.8571
38250 629716 68.75
38250 23272 73.3333
38250 72982 82.7586
38250 119877 72.2222
38250 685783 72.2222
38250 686667 61.1111
38250 677917 64.7059
38250 163501 72.2222
38250 634615 68.5714
38250 81549 64.5161
38250 644871 63.1579
38250 79707 60.6061
38250 626580 69.5652
38250 57884 75.6757
38250 56470 64.8649
38250 632386 61.5385
38250 75518 66.6667
38250 41355 62.8571
38250 270531 68.75
38250 60188 78.5714
38250 177951 74.2857
38250 625813 68.4211
38250 627066 62.8571
38250 620336 70.9677
38250 679283 74.2857
38250 45956 71.4286
38250 653051 68.5714
0 5
1 0
2 0
3 0
4 0
5 0
6 0
7 0
8 0
9 1
10 1
11 2
12 1
13 4
14 2
15 6
16 7
17 11
18 6
19 7
20 16
21 9
22 16
23 13
24 3
25 13
26 10
27 6
28 11
29 13
30 5
31 12
32 10
33 22
34 12
35 12
36 18
37 16
38 10
39 12
40 32
41 4
42 21
43 26
44 19
45 22
46 25
47 28
48 51
49 54
50 42
51 1
52 57
53 23
54 14
55 22
56 27
57 21
58 26
59 18
60 26
61 6
62 26
63 23
64 11
65 40
66 0
67 20
68 0
69 19
70 1
71 20
72 5
73 15
74 8
75 12
76 7
77 8
78 5
79 5
80 4
81 0
82 2
83 4
84 1
85 0
86 0
87 0
88 0
89 1
90 0
91 0
92 0
93 0
94 0
95 0
96 0
97 0
98 0
99 0
100 0
101 0
11
7096
