421
56470 601362 70.8333
56470 700123 80.8511
56470 405084 70.8333
56470 291559 73.913
56470 692226 73.6842
56470 628996 75
56470 649429 75.5556
56470 618260 71.4286
56470 670182 72.7273
56470 658698 68.0851
56470 87081 75.5556
56470 679542 77.2727
56470 620337 80.9524
56470 679579 80
56470 348706 75.5556
56470 623657 66.6667
56470 640230 76.5957
56470 655264 84.4444
56470 650624 72.3404
56470 160497 84.4444
56470 128701 88
56470 629718 80.9524
56470 629474 77.2727
56470 638636 73.1707
56470 131090 78.2609
56470 664941 68.6567
56470 666730 71.1111
56470 21412 68.2927
56470 632952 74.4186
56470 617406 68.0851
56470 12045 69.5652
56470 639683 70.8333
56470 33592 79.1667
56470 657807 75
56470 637641 67.6471
56470 646444 71.875
56470 617607 72.7273
56470 294110 86.3636
56470 53183 70.8333
56470 81549 75
56470 636326 81.8182
56470 56426 86.9565
56470 680482 72.7273
56470 676737 72.7273
56470 670183 82.6087
56470 659301 79.1667
56470 611078 76.1905
56470 122681 68.1818
56470 625794 76.5957
56470 645038 69.7674
56470 641763 66.6667
56470 29232 74.4186
56470 63055 69.7674
56470 628979 76.5957
56470 625464 72.7273
56470 645037 69.7674
56470 154741 77.2727
56470 627436 79.0698
56470 110344 85.7143
56470 623991 81.8182
56470 655263 83.7209
56470 631808 72.7273
56470 285113 74.4186
56470 634175 76.5957
56470 670181 71.4286
56470 630691 73.913
56470 114022 71.7949
56470 638593 82.6087
56470 631315 77.2727
56470 609819 80.9524
56470 694105 73.913
56470 602670 74.1935
56470 55619 82.6087
56470 24711 72.7273
56470 41356 86.3636
56470 33139 70.8333
56470 646645 66.6667
56470 624004 71.1111
56470 625042 66.6667
56470 150952 75.5556
56470 647645 71.875
56470 656388 69.5652
56470 124081 68.0851
56470 84227 76.9231
56470 369774 86.9565
56470 640892 70.5882
56470 676713 74.4186
56470 658787 71.875
56470 697384 86.3636
56470 657817 75.5556
56470 191990 71.1111
56470 667247 71.1111
56470 118613 68.1818
56470 646164 80
56470 623635 76.5957
56470 116539 68.1818
56470 658487 69.5652
56470 646159 71.1111
56470 102318 77.2727
56470 677512 68.2927
56470 660053 69.5652
56470 48911 76.9231
56470 637434 68.0851
56470 672208 66.6667
56470 54128 72.3404
56470 602880 68.0851
56470 364202 90.9091
56470 612765 80.8511
56470 623636 75.5556
56470 637189 71.1111
56470 634470 80.8511
56470 664001 73.1707
56470 625471 72.7273
56470 663589 73.913
56470 601821 80.8511
56470 649044 76.5957
56470 657731 66.6667
56470 661465 75.5556
56470 629243 69.8413
56470 26245 66.6667
56470 639710 68.0851
56470 20985 78.0488
56470 631648 76.5957
56470 72288 70.8333
56470 644433 80.8511
56470 161621 68.1818
56470 683892 73.913
56470 73166 71.4286
56470 645335 81.6327
56470 667470 71.1111
56470 136135 75.5556
56470 662771 80.8511
56470 633221 80.8511
56470 627073 77.2727
56470 99002 72.7273
56470 664977 68.1818
56470 657815 80.9524
56470 617628 72.3404
56470 611545 72.3404
56470 663921 68.2927
56470 616278 86.3636
56470 619101 70.8333
56470 634714 75
56470 56497 75
56470 625027 66.6667
56470 634303 87.5
56470 672018 71.1111
56470 382814 77.2727
56470 657809 79.1667
56470 633900 66.6667
56470 625792 78.2609
56470 627074 77.2727
56470 633220 78.2609
56470 64013 93.0233
56470 25952 86.9565
56470 30798 82.6087
56470 38231 80
56470 693427 88.3721
56470 657833 70
56470 656392 79.1667
56470 630690 76.9231
56470 646440 69.697
56470 79447 66.6667
56470 693424 68.2927
56470 634193 77.2727
56470 628244 73.4694
56470 67437 66.6667
56470 659975 78.2609
56470 122751 90.9091
56470 40553 75.5556
56470 623651 71.1111
56470 651218 80.8511
56470 624003 72.3404
56470 624386 79.1667
56470 71320 68.1818
56470 116363 78.2609
56470 663585 85.1064
56470 635960 66.6667
56470 128160 72.7273
56470 602909 72.3404
56470 657843 87.5
56470 646439 71.875
56470 58895 84.4444
56470 102624 72.7273
56470 628495 75
56470 1168 80.9524
56470 649441 93.617
56470 644273 68.2927
56470 634552 66.6667
56470 58030 81.6327
56470 10549 73.913
56470 654114 69.5652
56470 161622 68.1818
56470 42080 70
56470 663914 80
56470 16634 80
56470 43030 68.0851
56470 405968 75
56470 646210 79.1667
56470 665282 73.913
56470 169105 80
56470 103998 66.6667
56470 695625 72.7273
56470 656391 69.5652
56470 633174 77.551
56470 661128 70.8333
56470 72272 66.6667
56470 659185 68.1818
56470 382815 78.2609
56470 63911 82.6087
56470 633868 77.2727
56470 15193 72.7273
56470 624535 70.8333
56470 665122 69.5652
56470 220327 75.5556
56470 99331 66.6667
56470 656390 66.6667
56470 27419 75.5556
56470 640645 72.7273
56470 603719 78.2609
56470 663936 76.5957
56470 174620 85.7143
56470 617629 95.6522
56470 636095 85.1064
56470 625421 73.913
56470 98436 84.4444
56470 227902 71.4286
56470 651739 75
56470 4971 69.7674
56470 622145 76.5957
56470 60548 71.1111
56470 345650 69.5652
56470 81669 69.5652
56470 626945 72.7273
56470 608710 66.6667
56470 693097 67.6471
56470 613239 78.2609
56470 657805 76.1905
56470 623648 73.1707
56470 637821 66.6667
56470 60275 66.6667
56470 646168 86.9565
56470 650034 69.5652
56470 617633 75.5556
56470 284701 73.913
56470 635968 83.7209
56470 73819 69.7674
56470 626946 75
56470 638173 68.0851
56470 651330 76.5957
56470 52350 72.3404
56470 650981 74.4186
56470 657812 79.1667
56470 38255 70.8333
56470 666530 83.7209
56470 630915 84.4444
56470 36283 80
56470 641165 83.3333
56470 630692 70.8333
56470 636784 68.0851
56470 119877 66.6667
56470 650616 73.913
56470 328820 66.6667
56470 625462 69.5652
56470 657836 69.5652
56470 667849 75.5556
56470 627226 69.7674
56470 627066 77.2727
56470 676712 74.4186
56470 650609 76.5957
56470 371727 84.4444
56470 617409 86.9565
56470 62009 72.3404
56470 637006 68.0851
56470 56148 82.6087
56470 649436 72.3404
56470 647068 79.1667
56470 625446 81.8182
56470 672019 71.1111
56470 664853 79.0698
56470 609820 80.9524
56470 54833 68.0851
56470 43798 68.0851
56470 194315 75.5556
56470 660640 69.7674
56470 625412 66.6667
56470 278461 86.9565
56470 624331 66.6667
56470 40725 68.1818
56470 620248 82.9268
56470 640743 68.0851
56470 651324 76.5957
56470 634171 87.5
56470 635034 72.4138
56470 57598 73.1707
56470 691613 74.4186
56470 696224 76.1905
56470 688343 74.4186
56470 7636 79.0698
56470 69607 71.1111
56470 255115 71.1111
56470 601307 68.1818
56470 57548 72.3404
56470 644432 80.8511
56470 632231 72.2222
56470 681072 69.7674
56470 30152 82.9268
56470 209084 68.1818
56470 617370 72.3404
56470 617398 76.5957
56470 125718 79.0698
56470 668362 82.9268
56470 623700 70.8333
56470 339497 70
56470 626947 70
56470 620336 75
56470 666728 81.8182
56470 666432 85.1064
56470 644871 72.3404
56470 685303 71.1111
56470 1163 80.9524
56470 56450 68.0851
56470 347504 88.3721
56470 695218 84.4444
56470 8774 73.913
56470 677917 83.7209
56470 649690 83.7209
56470 649428 72.3404
56470 609816 66.6667
56470 637646 74.1935
56470 102851 86.9565
56470 698558 77.2727
56470 174612 72.7273
56470 43870 86.3636
56470 629424 75
56470 641086 66.6667
56470 631634 76.9231
56470 638641 82.6087
56470 699206 66.6667
56470 25397 82.6087
56470 679825 77.9661
56470 120309 76.1905
56470 640902 73.0769
56470 8120 69.5652
56470 642788 71.7949
56470 657562 69.7674
56470 5553 69.7674
56470 41355 86.3636
56470 663935 74.4186
56470 81756 70
56470 650211 75
56470 649425 72.3404
56470 56138 82.6087
56470 56869 70.8333
56470 54855 70.8333
56470 45164 71.1111
56470 26154 85
56470 2738 73.913
56470 663951 73.913
56470 66069 66.6667
56470 74468 79.0698
56470 615011 73.913
56470 600388 79.0698
56470 667068 76.1905
56470 656400 79.1667
56470 5220 69.5652
56470 626865 78.0488
56470 294868 75.5556
56470 624987 80
56470 646001 76.5957
56470 620753 70.3704
56470 623832 78.2609
56470 640890 70.5882
56470 71439 76.5957
56470 634306 91.6667
56470 629494 66.6667
56470 142693 71.7949
56470 649427 72.3404
56470 666665 73.913
56470 646438 71.875
56470 74380 73.4694
56470 632227 80
56470 256 68.0851
56470 675215 68.1818
56470 62660 69.5652
56470 83653 68.0851
56470 680715 69.7674
56470 84552 84.4444
56470 644932 80
56470 670179 71.4286
56470 43634 75.5556
56470 625109 78.2609
56470 73709 69.5652
56470 362133 73.6842
56470 163661 78.5714
56470 118151 76.5957
56470 631956 82.6087
56470 683369 73.1707
56470 38248 66.6667
56470 72286 70.8333
56470 659342 66.6667
56470 66688 66.6667
56470 8395 69.7674
56470 623650 72.3404
56470 98431 76.1905
56470 31976 72.7273
56470 80747 85.7143
56470 131312 78.9474
56470 649424 80.8511
56470 689429 68.1818
56470 656387 66.6667
56470 622636 73.913
56470 405554 78.2609
56470 670180 71.4286
56470 645334 80.8511
56470 689210 76.5957
56470 654113 73.913
56470 645089 86.9565
56470 644333 78.2609
56470 659274 73.913
56470 657803 78.2609
0 4
1 0
2 0
3 0
4 0
5 2
6 5
7 0
8 0
9 0
10 0
11 1
12 0
13 0
14 0
15 1
16 1
17 0
18 1
19 6
20 6
21 1
22 4
23 7
24 2
25 9
26 4
27 4
28 2
29 10
30 12
31 6
32 9
33 6
34 8
35 15
36 7
37 12
38 4
39 6
40 19
41 4
42 6
43 14
44 17
45 16
46 8
47 11
48 20
49 26
50 29
51 3
52 30
53 23
54 17
55 24
56 17
57 18
58 16
59 20
60 24
61 29
62 17
63 18
64 31
65 5
66 38
67 33
68 2
69 35
70 35
71 18
72 29
73 35
74 28
75 23
76 16
77 27
78 14
79 17
80 25
81 18
82 6
83 13
84 6
85 9
86 6
87 14
88 4
89 2
90 0
91 2
92 1
93 0
94 2
95 0
96 1
97 0
98 0
99 0
100 0
101 0
11
6547
