445
31539 371717 75.5556
31539 617683 69.3878
31539 667849 73.913
31539 149965 63.6364
31539 678398 77.2727
31539 619072 61.2903
31539 633868 71.1111
31539 372360 80.8511
31539 641165 65.3061
31539 607167 85.1064
31539 49348 65
31539 677501 82.6087
31539 98696 82.6087
31539 76010 66.6667
31539 344521 72.3404
31539 602889 75.5556
31539 643485 73.1707
31539 83398 66.6667
31539 629374 62.5
31539 142693 65
31539 626923 72
31539 30131 64
31539 629718 60.4651
31539 658501 85.1064
31539 2858 73.6842
31539 660421 62.5
31539 664853 68.1818
31539 650037 80.8511
31539 663921 71.4286
31539 651217 62.5
31539 345650 72.3404
31539 659122 62.5
31539 59628 62.5
31539 76031 82.9268
31539 685117 69.5652
31539 59637 63.8298
31539 643468 74.4186
31539 1390 75.5556
31539 677503 78.2609
31539 266126 77.2727
31539 30152 66.6667
31539 680828 80.8511
31539 634306 61.2245
31539 653050 76.5957
31539 675279 68.0851
31539 193513 78.0488
31539 658487 80.8511
31539 40450 78.2609
31539 163508 72.7273
31539 54829 71.1111
31539 684033 65.2174
31539 687618 62.2222
31539 191042 63.4146
31539 679482 75
31539 193502 69.5652
31539 87059 78.2609
31539 43026 62.5
31539 46798 63.4146
31539 49590 63.4146
31539 67609 65.2174
31539 4926 80.9524
31539 365560 69.5652
31539 641764 73.1707
31539 338205 65.2174
31539 667944 78.2609
31539 48911 65
31539 66068 63.6364
31539 116805 75.5556
31539 179790 70
31539 658309 84.4444
31539 370399 66.6667
31539 656084 73.913
31539 677554 69.5652
31539 177950 68.0851
31539 4120 63.1579
31539 14549 69.5652
31539 43395 72.7273
31539 643475 68.2927
31539 4767 66.6667
31539 624987 60.8696
31539 38253 65.1163
31539 650753 61.1111
31539 667760 81.8182
31539 633174 64
31539 672208 60.8696
31539 634219 76.5957
31539 667851 77.2727
31539 623233 66.6667
31539 690579 76.5957
31539 657811 61.2245
31539 634171 65.3061
31539 674553 72.3404
31539 611078 65.1163
31539 664551 71.4286
31539 36603 65.1163
31539 634616 79.0698
31539 628334 68.1818
31539 9659 68.1818
31539 193521 76.1905
31539 56338 82.6087
31539 372155 75.5556
31539 692226 66.6667
31539 679281 60.4651
31539 229540 86.9565
31539 690415 60.8696
31539 667063 74.4186
31539 686465 80
31539 382815 63.8298
31539 33377 84.4444
31539 646645 65.3061
31539 116523 72.3404
31539 609067 66.6667
31539 643467 66.6667
31539 92220 61.5385
31539 694105 63.8298
31539 682811 66.6667
31539 2750 60.4651
31539 116363 63.8298
31539 42903 70
31539 4436 60
31539 136014 72.7273
31539 72089 70.8333
31539 675585 71.1111
31539 686662 71.4286
31539 158910 80
31539 686466 77.2727
31539 615123 69.3878
31539 297577 80.8511
31539 685298 72.7273
31539 691610 61.9048
31539 611347 75.5556
31539 639709 69.5652
31539 103776 62.2222
31539 625015 73.913
31539 681072 77.2727
31539 68888 78.0488
31539 622659 66.6667
31539 622695 68.2927
31539 12463 63.8298
31539 209084 62.2222
31539 164614 68.1818
31539 10479 61.5385
31539 695625 64.2857
31539 130085 73.913
31539 625421 72.3404
31539 683879 86.3636
31539 74517 65
31539 76699 64.8649
31539 264045 63.8298
31539 658533 65.3061
31539 638640 65.2174
31539 667850 73.913
31539 617316 61.9048
31539 643493 68.2927
31539 672018 69.5652
31539 671880 68.0851
31539 401553 75.5556
31539 67476 60.8696
31539 658980 73.913
31539 160587 60.8696
31539 38074 86.3636
31539 674552 71.1111
31539 602890 77.2727
31539 609696 64.8649
31539 7528 72.3404
31539 84227 70
31539 31592 60
31539 664911 66.6667
31539 636095 70.8333
31539 641086 74.4186
31539 68955 63.6364
31539 100467 80.9524
31539 682813 68.2927
31539 79447 73.913
31539 161601 75.5556
31539 663620 76.5957
31539 663571 62.5
31539 326172 71.1111
31539 656986 60
31539 643478 66.6667
31539 684032 61.9048
31539 646001 62.5
31539 328820 75
31539 193517 76.1905
31539 60892 66.6667
31539 43285 72.7273
31539 600779 70
31539 67800 71.7949
31539 667247 73.913
31539 637821 65.1163
31539 624856 75
31539 225122 63.8298
31539 185355 60
31539 690590 72.3404
31539 676713 63.6364
31539 63055 63.6364
31539 187538 71.1111
31539 672441 66.6667
31539 4728 61.1111
31539 643480 73.1707
31539 252044 76.1905
31539 209913 61.1111
31539 634614 71.4286
31539 361456 76.1905
31539 6365 61.5385
31539 292598 60.4651
31539 601362 61.2245
31539 57826 74.4186
31539 19055 66.6667
31539 663915 70.8333
31539 57547 77.2727
31539 364202 62.2222
31539 662156 82.6087
31539 73248 61.2245
31539 57548 75
31539 30724 77.2727
31539 755 75.5556
31539 29851 71.1111
31539 644297 69.7674
31539 45463 62.8571
31539 690393 61.2903
31539 668362 61.9048
31539 623832 63.8298
31539 687813 62.8571
31539 62857 76.9231
31539 609818 61.2245
31539 113665 66.6667
31539 696224 69.7674
31539 671881 71.1111
31539 651218 62.5
31539 130895 77.2727
31539 627080 66.6667
31539 686665 71.1111
31539 675215 75.5556
31539 664970 66.6667
31539 38243 65.1163
31539 263770 77.2727
31539 685799 76.5957
31539 82804 66.6667
31539 15130 62.2222
31539 690586 72.3404
31539 616811 72.3404
31539 174612 62.2222
31539 640230 70.8333
31539 64800 81.6327
31539 634470 66.6667
31539 632227 68.2927
31539 684074 80.8511
31539 680708 63.4146
31539 3110 66.6667
31539 676172 72.3404
31539 69587 87.5
31539 625028 66.6667
31539 350191 66.6667
31539 647530 64.8649
31539 58511 73.1707
31539 84552 69.5652
31539 326651 76.5957
31539 633553 62.5
31539 680831 76.1905
31539 98431 74.4186
31539 154880 80
31539 57598 71.4286
31539 661471 79.1667
31539 683892 68.0851
31539 118613 62.2222
31539 55456 79.1667
31539 646161 70.2703
31539 38255 69.3878
31539 677915 65
31539 131312 61.5385
31539 56148 72.3404
31539 752 72.3404
31539 677916 65.1163
31539 622644 70.8333
31539 669986 68.1818
31539 663952 79.1667
31539 3767 66.6667
31539 602880 70.8333
31539 8151 71.1111
31539 692011 72.3404
31539 646162 71.7949
31539 680466 68.1818
31539 102623 66.6667
31539 75516 75.5556
31539 686664 78.2609
31539 660053 80.8511
31539 683722 70
31539 686663 73.913
31539 58895 65.2174
31539 649441 62.5
31539 59727 68.2927
31539 695218 65.2174
31539 25855 75
31539 30723 77.2727
31539 674349 60
31539 664269 72.7273
31539 694951 72.7273
31539 663936 62.5
31539 667749 72.7273
31539 7967 62.2222
31539 364989 60.4651
31539 6396 66.6667
31539 71439 70.8333
31539 19911 65.2174
31539 339497 73.1707
31539 625027 79.0698
31539 690574 63.8298
31539 29232 72.7273
31539 13687 69.5652
31539 680482 62.2222
31539 301196 65.1163
31539 628495 66.6667
31539 103998 60.8696
31539 631634 65
31539 86939 72.7273
31539 18894 63.1579
31539 278175 72.7273
31539 663927 76.5957
31539 691259 62.5
31539 187521 73.913
31539 207835 73.913
31539 700591 60.6061
31539 409127 73.913
31539 125185 68.4211
31539 626433 72.7273
31539 634163 62.2222
31539 627222 66.6667
31539 675278 76.5957
31539 649096 68.0851
31539 642604 66.6667
31539 684035 72.7273
31539 658818 70.8333
31539 676712 63.6364
31539 147625 65
31539 670237 69.7674
31539 627082 72.3404
31539 77071 61.5385
31539 4867 61.2245
31539 240408 63.4146
31539 683725 71.7949
31539 630262 61.2245
31539 49512 63.8298
31539 662773 63.4146
31539 646166 65.1163
31539 681101 71.4286
31539 648928 66.6667
31539 97327 82.6087
31539 632917 81.8182
31539 667941 86.9565
31539 617627 62.8571
31539 611783 61.2245
31539 674195 65.2174
31539 663549 72.3404
31539 648929 76.5957
31539 643484 68.1818
31539 282037 61.9048
31539 3124 61.9048
31539 160451 72.3404
31539 62009 70.8333
31539 4771 68.1818
31539 14787 70
31539 644333 72.3404
31539 78998 65.1163
31539 58978 80.9524
31539 70868 76.5957
31539 327982 68.2927
31539 634220 72.3404
31539 624051 68
31539 634775 76.5957
31539 82807 66.6667
31539 7887 60
31539 683723 81.8182
31539 60549 72.3404
31539 79016 63.8298
31539 670091 69.7674
31539 2775 65.2174
31539 646159 60.8696
31539 667524 63.6364
31539 667246 82.6087
31539 643487 76.5957
31539 180816 60.4651
31539 619147 73.4694
31539 672019 69.5652
31539 331770 60.8696
31539 10014 63.4146
31539 622661 76.5957
31539 79006 77.2727
31539 264039 68.0851
31539 66688 73.913
31539 667950 61.5385
31539 684038 86.9565
31539 634581 61.2245
31539 34765 76.5957
31539 301199 62.2222
31539 56285 81.8182
31539 100139 68.2927
31539 649092 60.8696
31539 627011 77.2727
31539 634156 81.8182
31539 699206 78.2609
31539 65007 80.8511
31539 638603 73.1707
31539 629716 66.6667
31539 23272 65
31539 638636 66.6667
31539 625239 62.5
31539 119877 82.6087
31539 685783 78.2609
31539 686667 86.9565
31539 193341 61.9048
31539 40252 68.2927
31539 677917 68.1818
31539 749 68.0851
31539 55459 70.8333
31539 163501 69.5652
31539 634615 75.5556
31539 81549 68.2927
31539 79707 60.4651
31539 65987 66.6667
31539 51337 79.0698
31539 647527 71.7949
31539 663914 65.2174
31539 57884 63.8298
31539 655039 60
31539 632386 61.2245
31539 75518 79.0698
31539 632918 78.2609
31539 612049 63.3333
31539 663947 68.0851
31539 270531 71.4286
31539 665282 72.3404
31539 60188 68.4211
31539 602913 72.3404
31539 79008 76.5957
31539 33671 65.2174
31539 177951 71.1111
31539 625813 70.8333
31539 627066 71.1111
31539 3609 61.9048
31539 45956 73.6842
31539 653051 75.5556
31539 630639 61.9048
31539 663935 68.1818
31539 404698 68.1818
0 5
1 0
2 0
3 0
4 0
5 0
6 0
7 0
8 0
9 0
10 0
11 0
12 1
13 2
14 3
15 3
16 0
17 2
18 10
19 5
20 3
21 2
22 1
23 2
24 10
25 2
26 1
27 6
28 15
29 4
30 10
31 11
32 7
33 8
34 9
35 5
36 4
37 11
38 13
39 17
40 18
41 13
42 16
43 12
44 16
45 21
46 29
47 23
48 24
49 24
50 26
51 9
52 21
53 24
54 32
55 23
56 32
57 20
58 48
59 28
60 30
61 17
62 30
63 28
64 31
65 12
66 24
67 35
68 1
69 31
70 24
71 12
72 24
73 34
74 22
75 10
76 13
77 21
78 13
79 10
80 10
81 11
82 6
83 8
84 0
85 2
86 2
87 6
88 1
89 0
90 0
91 0
92 0
93 0
94 0
95 0
96 0
97 0
98 0
99 0
100 0
101 0
12
7164
