289
348706 623657 68.1818
348706 640230 73.913
348706 655264 77.2727
348706 663549 66.6667
348706 160497 72.7273
348706 128701 69.3878
348706 629718 78.0488
348706 629474 83.7209
348706 638636 70
348706 131090 66.6667
348706 632952 66.6667
348706 294731 71.4286
348706 617406 73.913
348706 639683 72.3404
348706 86939 71.4286
348706 33592 76.5957
348706 617607 74.4186
348706 294110 69.7674
348706 53183 72.3404
348706 81549 76.9231
348706 636326 79.0698
348706 56426 71.1111
348706 670183 66.6667
348706 611078 73.1707
348706 624960 66.6667
348706 645038 71.4286
348706 641763 68.1818
348706 29232 66.6667
348706 63055 76.1905
348706 645037 71.4286
348706 627436 76.1905
348706 110344 78.0488
348706 623991 69.7674
348706 655263 80.9524
348706 285113 76.1905
348706 257830 66.6667
348706 114022 73.6842
348706 638593 75.5556
348706 631315 69.7674
348706 609819 73.1707
348706 694105 75.5556
348706 55619 66.6667
348706 680494 66.6667
348706 24711 74.4186
348706 41356 74.4186
348706 33139 68.0851
348706 646645 68.0851
348706 624004 68.1818
348706 84227 73.6842
348706 369774 75.5556
348706 697384 69.7674
348706 657817 68.1818
348706 191990 72.7273
348706 667247 68.1818
348706 646164 81.8182
348706 623635 69.5652
348706 658487 66.6667
348706 646159 72.7273
348706 677512 80
348706 660053 66.6667
348706 48911 73.6842
348706 672208 68.1818
348706 688887 66.6667
348706 364202 74.4186
348706 612765 82.6087
348706 623636 77.2727
348706 637189 77.2727
348706 634470 73.913
348706 664001 75
348706 657841 71.7949
348706 291534 75.5556
348706 663589 66.6667
348706 649044 73.913
348706 661465 68.1818
348706 26245 68.2927
348706 202930 70
348706 631648 73.913
348706 72288 72.3404
348706 644433 73.913
348706 683892 71.1111
348706 645335 70.8333
348706 667470 68.1818
348706 66479 73.6842
348706 689418 71.4286
348706 136135 68.1818
348706 662771 69.5652
348706 627073 69.7674
348706 99002 69.7674
348706 404000 66.6667
348706 664977 69.7674
348706 657815 78.0488
348706 611545 73.913
348706 616278 69.7674
348706 638603 71.7949
348706 619101 72.3404
348706 56497 72.3404
348706 634303 72.3404
348706 382814 88.3721
348706 657809 68.0851
348706 633900 68.0851
348706 625792 71.1111
348706 627074 69.7674
348706 633220 66.6667
348706 64013 76.1905
348706 25952 66.6667
348706 30798 66.6667
348706 38231 68.1818
348706 693427 76.1905
348706 657833 71.7949
348706 44675 69.7674
348706 603977 69.7674
348706 630690 68.4211
348706 693424 75
348706 634193 69.7674
348706 659975 75.5556
348706 122751 74.4186
348706 40553 77.2727
348706 651218 78.2609
348706 624003 69.5652
348706 624386 68.0851
348706 4771 71.4286
348706 71320 79.0698
348706 681316 68.1818
348706 116363 84.4444
348706 635960 68.1818
348706 128160 74.4186
348706 602909 69.5652
348706 657843 72.3404
348706 58895 81.8182
348706 102624 74.4186
348706 309699 69.7674
348706 1168 68.2927
348706 649441 73.913
348706 644273 75
348706 58030 70.8333
348706 10549 75.5556
348706 654114 66.6667
348706 42080 66.6667
348706 16634 77.2727
348706 43030 69.5652
348706 646210 68.0851
348706 665282 66.6667
348706 169105 81.8182
348706 695625 66.6667
348706 661128 68.0851
348706 659185 69.7674
348706 12463 71.1111
348706 382815 84.4444
348706 63911 66.6667
348706 633868 69.7674
348706 624535 72.3404
348706 99331 78.0488
348706 27419 68.1818
348706 640645 74.4186
348706 603719 80
348706 174620 78.0488
348706 624961 66.6667
348706 617629 75.5556
348706 636095 73.913
348706 625421 66.6667
348706 98436 68.1818
348706 164614 71.4286
348706 227902 73.1707
348706 651739 68.0851
348706 4971 71.4286
348706 622145 82.6087
348706 345650 71.1111
348706 81669 71.1111
348706 626945 69.7674
348706 608710 72.7273
348706 634293 66.6667
348706 613239 66.6667
348706 657805 68.2927
348706 623648 75
348706 646168 75.5556
348706 617633 68.1818
348706 635968 80.9524
348706 73819 71.4286
348706 626946 71.7949
348706 52350 69.5652
348706 657812 68.0851
348706 666530 76.1905
348706 630915 68.1818
348706 309708 74.2857
348706 36283 77.2727
348706 38468 72.7273
348706 641165 76.5957
348706 627226 71.4286
348706 627066 74.4186
348706 371727 72.7273
348706 617409 80
348706 149987 68.1818
348706 62009 73.913
348706 56148 66.6667
348706 649436 73.913
348706 647068 68.0851
348706 664853 71.4286
348706 609820 73.1707
348706 660640 80.9524
348706 278461 75.5556
348706 620248 80
348706 634171 68.0851
348706 691613 66.6667
348706 696224 73.1707
348706 688343 66.6667
348706 7636 80.9524
348706 694315 69.7674
348706 241113 66.6667
348706 69607 68.1818
348706 255115 68.1818
348706 601307 69.7674
348706 644432 73.913
348706 632231 68.5714
348706 30152 70
348706 209084 74.4186
348706 125718 80.9524
348706 404827 70
348706 668362 85
348706 339497 66.6667
348706 626947 71.7949
348706 297577 66.6667
348706 620336 66.6667
348706 666728 69.7674
348706 644871 78.2609
348706 685303 72.7273
348706 1163 68.2927
348706 347504 85.7143
348706 695218 77.2727
348706 8774 75.5556
348706 677917 80.9524
348706 649690 71.4286
348706 18255 73.6842
348706 102851 71.1111
348706 698558 83.7209
348706 43870 69.7674
348706 629424 76.5957
348706 638641 66.6667
348706 60734 66.6667
348706 699206 68.1818
348706 158037 69.7674
348706 25397 75.5556
348706 120309 68.2927
348706 8120 75.5556
348706 642788 73.6842
348706 657562 66.6667
348706 5553 76.1905
348706 41355 74.4186
348706 663935 66.6667
348706 650211 68.0851
348706 56138 66.6667
348706 56869 72.3404
348706 54855 72.3404
348706 45164 77.2727
348706 26154 82.0513
348706 663951 66.6667
348706 66069 68.0851
348706 615011 75.5556
348706 600388 80.9524
348706 667068 73.1707
348706 294868 77.2727
348706 624987 68.1818
348706 646001 69.5652
348706 623832 66.6667
348706 634306 72.3404
348706 142693 73.6842
348706 666665 66.6667
348706 632227 66.6667
348706 256 73.913
348706 680715 80.9524
348706 84552 72.7273
348706 625109 66.6667
348706 163661 69.0909
348706 631956 75.5556
348706 683369 70
348706 72286 72.3404
348706 66688 72.7273
348706 8395 71.4286
348706 20121 75.5556
348706 98431 68.2927
348706 31976 69.7674
348706 80747 78.0488
348706 131312 75.6757
348706 649424 69.5652
348706 622636 75.5556
348706 405554 80
348706 654113 71.1111
348706 645089 84.4444
348706 644333 71.1111
348706 657803 71.1111
0 3
1 0
2 0
3 0
4 0
5 1
6 6
7 0
8 0
9 0
10 0
11 1
12 0
13 1
14 3
15 4
16 1
17 4
18 2
19 0
20 10
21 4
22 6
23 3
24 5
25 12
26 7
27 9
28 10
29 8
30 11
31 8
32 6
33 3
34 3
35 9
36 9
37 4
38 18
39 8
40 30
41 7
42 9
43 12
44 16
45 16
46 9
47 24
48 17
49 23
50 25
51 8
52 26
53 21
54 22
55 22
56 28
57 13
58 34
59 11
60 31
61 28
62 19
63 19
64 46
65 13
66 46
67 43
68 0
69 42
70 37
71 2
72 28
73 21
74 26
75 16
76 17
77 11
78 9
79 8
80 7
81 8
82 3
83 3
84 2
85 4
86 1
87 0
88 0
89 1
90 0
91 0
92 0
93 0
94 0
95 0
96 0
97 0
98 0
99 0
100 0
101 0
12
6150
