309
658776 664269 79.0698
658776 68347 78.9474
658776 646165 68.0851
658776 68955 79.0698
658776 626953 66.6667
658776 42443 70.8333
658776 55876 73.913
658776 626544 78.2609
658776 18894 70.2703
658776 55887 69.7674
658776 664319 67.8571
658776 683715 68.1818
658776 677513 69.7674
658776 677915 76.9231
658776 96461 68.1818
658776 660227 68.0851
658776 34460 66.6667
658776 3846 66.6667
658776 611347 68.1818
658776 138305 73.1707
658776 645868 69.5652
658776 87253 71.4286
658776 677555 69.7674
658776 56470 78.2609
658776 601362 66.6667
658776 700123 80.8511
658776 692226 68.4211
658776 640439 66.6667
658776 618260 76.1905
658776 679542 72.7273
658776 620337 80.9524
658776 679579 80
658776 650611 74.4186
658776 348706 66.6667
658776 623657 80
658776 640230 76.5957
658776 655264 80
658776 160497 75.5556
658776 128701 68
658776 629718 80.9524
658776 629474 72.7273
658776 666730 80
658776 96448 74.4186
658776 639683 66.6667
658776 617607 77.2727
658776 294110 77.2727
658776 81549 70
658776 636326 68.1818
658776 56426 73.913
658776 680482 68.1818
658776 676737 72.7273
658776 670183 69.5652
658776 659301 79.1667
658776 611078 85.7143
658776 624960 73.913
658776 619072 68.8525
658776 628979 80.8511
658776 645037 69.7674
658776 653050 73.913
658776 110344 85.7143
658776 623991 77.2727
658776 655263 74.4186
658776 301199 72.7273
658776 631808 77.2727
658776 634175 68.0851
658776 628296 78.0488
658776 630691 73.913
658776 114022 66.6667
658776 638593 82.6087
658776 609819 85.7143
658776 602670 67.7419
658776 55619 78.2609
658776 24711 77.2727
658776 41356 86.3636
658776 658980 75.5556
658776 33139 66.6667
658776 645098 66.6667
658776 647645 68.75
658776 84227 71.7949
658776 676713 83.7209
658776 646158 70.2703
658776 697384 68.1818
658776 679281 66.6667
658776 657817 75.5556
658776 667247 80
658776 118613 77.2727
658776 646164 66.6667
658776 102318 68.1818
658776 48911 76.9231
658776 672208 66.6667
658776 54128 72.3404
658776 602880 80.8511
658776 688887 79.0698
658776 364202 86.3636
658776 612765 68.0851
658776 623636 66.6667
658776 637189 71.1111
658776 382319 69.7674
658776 634470 68.0851
658776 664001 73.1707
658776 649044 72.3404
658776 661465 71.1111
658776 629243 69.8413
658776 639710 72.3404
658776 631648 68.0851
658776 72288 66.6667
658776 644433 72.3404
658776 161621 68.1818
658776 683892 73.913
658776 136135 66.6667
658776 662771 72.3404
658776 633221 72.3404
658776 627073 81.8182
658776 664977 68.1818
658776 657815 71.4286
658776 611545 72.3404
658776 663921 68.2927
658776 616278 77.2727
658776 56497 66.6667
658776 634303 75
658776 382814 72.7273
658776 633900 70.8333
658776 627074 81.8182
658776 64013 74.4186
658776 25952 73.913
658776 30798 73.913
658776 38231 75.5556
658776 693427 69.7674
658776 657833 75
658776 630690 76.9231
658776 693424 78.0488
658776 634193 68.1818
658776 122751 72.7273
658776 623651 84.4444
658776 624003 72.3404
658776 624386 66.6667
658776 71320 68.1818
658776 116363 73.913
658776 663585 68.0851
658776 128160 68.1818
658776 371296 66.6667
658776 657843 75
658776 646439 71.875
658776 58895 75.5556
658776 30723 74.4186
658776 102624 68.1818
658776 628495 71.4286
658776 1168 80.9524
658776 649441 80.8511
658776 644273 73.1707
658776 58030 77.551
658776 161622 68.1818
658776 663914 66.6667
658776 16634 71.1111
658776 169105 75.5556
658776 103998 66.6667
658776 661128 66.6667
658776 72272 66.6667
658776 659185 77.2727
658776 382815 73.913
658776 133683 69.5652
658776 633868 68.1818
658776 15193 86.3636
658776 624535 70.8333
658776 220327 71.1111
658776 27419 75.5556
658776 640645 68.1818
658776 603719 78.2609
658776 174620 71.4286
658776 624961 73.913
658776 617629 82.6087
658776 636095 76.5957
658776 625421 69.5652
658776 98436 75.5556
658776 227902 71.4286
658776 651739 87.5
658776 686466 69.7674
658776 622145 72.3404
658776 60548 71.1111
658776 345650 69.5652
658776 626945 86.3636
658776 295375 68.4211
658776 613239 100
658776 623648 78.0488
658776 637821 66.6667
658776 646168 78.2609
658776 617633 66.6667
658776 19911 66.6667
658776 635968 79.0698
658776 73819 69.7674
658776 626946 80
658776 651330 80.8511
658776 38255 79.1667
658776 666530 74.4186
658776 630915 80
658776 36283 71.1111
658776 650608 66.6667
658776 38468 66.6667
658776 651590 68.2927
658776 648327 69.5652
658776 694951 74.4186
658776 641165 66.6667
658776 630692 70.8333
658776 119877 66.6667
658776 650616 73.913
658776 667849 71.1111
658776 627066 77.2727
658776 676712 83.7209
658776 650609 80.8511
658776 371727 84.4444
658776 33832 76.5957
658776 617409 78.2609
658776 616232 82.6087
658776 56148 73.913
658776 647068 66.6667
658776 625446 81.8182
658776 623701 80.9524
658776 664853 83.7209
658776 609820 85.7143
658776 278461 78.2609
658776 40725 86.3636
658776 620248 73.1707
658776 640743 76.5957
658776 651324 80.8511
658776 634171 66.6667
658776 635034 68.9655
658776 57598 78.0488
658776 691613 74.4186
658776 696224 71.4286
658776 688343 83.7209
658776 69607 71.1111
658776 57548 72.3404
658776 644432 72.3404
658776 30152 78.0488
658776 209084 68.1818
658776 617398 80.8511
658776 668362 78.0488
658776 623700 79.1667
658776 339497 75
658776 620336 75
658776 666728 77.2727
658776 666432 68.0851
658776 644871 76.5957
658776 685303 71.1111
658776 1163 80.9524
658776 347504 74.4186
658776 695218 84.4444
658776 677917 74.4186
658776 649690 93.0233
658776 609816 66.6667
658776 637646 70.9677
658776 102851 82.6087
658776 698558 68.1818
658776 43870 72.7273
658776 629424 66.6667
658776 641086 66.6667
658776 44217 70.8333
658776 631634 71.7949
658776 638641 73.913
658776 25397 69.5652
658776 657818 71.4286
658776 120309 66.6667
658776 33077 73.913
658776 8120 78.2609
658776 642788 71.7949
658776 5553 74.4186
658776 41355 86.3636
658776 663935 69.7674
658776 650211 87.5
658776 56869 66.6667
658776 54855 66.6667
658776 45164 66.6667
658776 26154 80
658776 663951 69.5652
658776 600388 69.7674
658776 667068 71.4286
658776 5220 78.2609
658776 626865 78.0488
658776 294868 84.4444
658776 624987 97.7778
658776 620753 66.6667
658776 623832 78.2609
658776 71439 72.3404
658776 634306 83.3333
658776 142693 66.6667
658776 646438 71.875
658776 632227 70
658776 301197 72.7273
658776 62660 73.913
658776 84552 71.1111
658776 43634 66.6667
658776 625109 100
658776 73709 78.2609
658776 163661 75
658776 118151 80.8511
658776 683369 82.9268
658776 38248 71.4286
658776 639709 71.1111
658776 72286 66.6667
658776 623650 68.0851
658776 98431 66.6667
658776 31976 68.1818
658776 80747 71.4286
658776 131312 73.6842
658776 689429 68.1818
658776 622636 69.5652
658776 654113 69.5652
658776 645089 73.913
658776 644333 69.5652
0 1
1 0
2 0
3 0
4 0
5 1
6 4
7 1
8 2
9 1
10 0
11 1
12 1
13 0
14 0
15 1
16 0
17 2
18 2
19 2
20 7
21 2
22 4
23 8
24 6
25 8
26 1
27 2
28 12
29 13
30 10
31 12
32 15
33 7
34 10
35 12
36 6
37 5
38 6
39 6
40 19
41 10
42 15
43 15
44 23
45 24
46 17
47 20
48 25
49 36
50 36
51 5
52 28
53 33
54 22
55 39
56 21
57 27
58 32
59 27
60 54
61 32
62 24
63 28
64 36
65 4
66 42
67 44
68 3
69 36
70 24
71 8
72 26
73 20
74 22
75 17
76 8
77 9
78 11
79 19
80 15
81 14
82 3
83 5
84 5
85 4
86 4
87 6
88 2
89 0
90 0
91 0
92 0
93 0
94 1
95 0
96 0
97 0
98 1
99 0
100 0
101 2
14
7896
