253
57048 79007 76.1905
57048 658397 66.6667
57048 133683 68.1818
57048 677504 83.7209
57048 31539 62.2222
57048 371717 80.9524
57048 353871 62.8571
57048 658787 61.2903
57048 149965 68.2927
57048 678398 82.9268
57048 619072 61.0169
57048 372360 63.6364
57048 677501 74.4186
57048 98696 65.1163
57048 76010 80.9524
57048 344521 86.3636
57048 602889 76.1905
57048 643485 84.2105
57048 629374 75.5556
57048 115006 61.9048
57048 626923 63.8298
57048 66489 71.4286
57048 658501 68.1818
57048 650037 72.7273
57048 663921 61.5385
57048 345650 63.6364
57048 659122 75.5556
57048 685117 60.4651
57048 643468 75
57048 1390 80.9524
57048 677503 83.7209
57048 266126 73.1707
57048 680828 77.2727
57048 675279 90.9091
57048 193513 73.6842
57048 163508 87.8049
57048 684033 74.4186
57048 679482 75.6757
57048 87059 69.7674
57048 67609 83.7209
57048 4926 61.5385
57048 641764 73.6842
57048 667944 79.0698
57048 66068 73.1707
57048 658309 71.4286
57048 370399 85.7143
57048 164774 66.6667
57048 656084 60.4651
57048 677554 88.3721
57048 177950 81.8182
57048 4120 62.8571
57048 643475 73.6842
57048 650753 66.6667
57048 667760 68.2927
57048 634219 72.7273
57048 667851 78.0488
57048 690579 77.2727
57048 674553 81.8182
57048 664551 76.9231
57048 36603 60
57048 634616 65
57048 9659 63.4146
57048 193521 61.5385
57048 56338 65.1163
57048 372155 76.1905
57048 229540 74.4186
57048 66296 65
57048 690415 60.4651
57048 686465 71.4286
57048 53376 84.2105
57048 26346 69.7674
57048 33377 61.9048
57048 646645 60.8696
57048 121770 82.9268
57048 116523 68.1818
57048 643467 72.2222
57048 690578 86.3636
57048 4436 72.3404
57048 675585 90.4762
57048 686662 61.5385
57048 158910 61.9048
57048 615123 78.2609
57048 685298 63.4146
57048 611347 66.6667
57048 103776 66.6667
57048 625015 69.7674
57048 681072 68.2927
57048 68888 73.6842
57048 622659 71.4286
57048 622695 78.9474
57048 12463 63.6364
57048 695625 60.3774
57048 130085 69.7674
57048 625421 63.6364
57048 683879 68.2927
57048 76699 70.5882
57048 642896 63.4146
57048 643493 68.4211
57048 671880 86.3636
57048 67476 69.7674
57048 658980 60.4651
57048 38074 68.2927
57048 150501 63.1579
57048 646441 61.7647
57048 674552 85.7143
57048 602890 78.0488
57048 7528 81.8182
57048 100467 61.5385
57048 682813 68.4211
57048 79447 74.4186
57048 663620 68.1818
57048 82806 81.8182
57048 643478 76.9231
57048 684032 61.5385
57048 193517 66.6667
57048 60734 68.1818
57048 60530 95.4545
57048 624856 64.8649
57048 225122 86.3636
57048 690590 77.2727
57048 141014 84.2105
57048 643480 84.2105
57048 252044 71.7949
57048 634614 66.6667
57048 361456 82.0513
57048 19055 76.9231
57048 57547 63.4146
57048 662156 79.0698
57048 57548 62.2222
57048 755 80.9524
57048 62857 66.6667
57048 609818 60.8696
57048 113665 85.7143
57048 671881 76.1905
57048 686665 76.1905
57048 675215 71.4286
57048 664970 61.1111
57048 263770 73.1707
57048 685799 77.2727
57048 82804 80.9524
57048 15130 71.4286
57048 690586 81.8182
57048 616811 68.1818
57048 64800 73.913
57048 680708 68.4211
57048 676172 81.8182
57048 69587 66.6667
57048 58511 78.9474
57048 326651 72.7273
57048 680831 82.0513
57048 98431 60
57048 122381 78.9474
57048 154880 66.6667
57048 55456 75.5556
57048 752 81.8182
57048 45410 64.5161
57048 622644 62.2222
57048 8151 61.9048
57048 282064 68.5714
57048 692011 72.7273
57048 680466 73.1707
57048 102623 61.9048
57048 75516 71.4286
57048 686664 69.7674
57048 683722 64.8649
57048 686663 69.7674
57048 59727 68.4211
57048 674349 64.8649
57048 7967 61.9048
57048 364989 60
57048 6396 66.6667
57048 71439 62.2222
57048 625027 70
57048 40593 61.5385
57048 690574 95.4545
57048 680482 61.9048
57048 113444 85.7143
57048 663927 68.1818
57048 207835 79.0698
57048 409127 65.1163
57048 125185 62.8571
57048 627222 61.9048
57048 675278 81.8182
57048 649096 63.6364
57048 684035 73.1707
57048 658818 75.5556
57048 670237 85
57048 683725 66.6667
57048 681101 76.9231
57048 648928 71.4286
57048 97327 74.4186
57048 632917 68.2927
57048 667941 74.4186
57048 617627 68.75
57048 611783 69.5652
57048 663549 72.7273
57048 48226 83.3333
57048 643484 73.1707
57048 282037 87.1795
57048 160451 72.7273
57048 78998 80
57048 58978 71.7949
57048 70868 63.6364
57048 634220 68.1818
57048 634775 63.6364
57048 82807 90.4762
57048 683723 68.2927
57048 60549 81.8182
57048 79016 68.1818
57048 670091 80
57048 667246 65.1163
57048 643487 77.2727
57048 180816 70
57048 619147 60.8696
57048 622661 72.7273
57048 79006 78.0488
57048 264039 68.1818
57048 66688 65.1163
57048 684038 74.4186
57048 634581 60.8696
57048 34765 68.1818
57048 56285 73.1707
57048 100139 73.6842
57048 627011 68.2927
57048 634156 68.2927
57048 65007 77.2727
57048 625239 62.2222
57048 685783 69.7674
57048 686667 74.4186
57048 749 95.4545
57048 55459 75.5556
57048 634615 61.9048
57048 632913 62.2222
57048 65987 92.3077
57048 51337 65
57048 647527 61.1111
57048 57884 63.6364
57048 75518 65
57048 632918 65.1163
57048 663947 63.6364
57048 270531 76.9231
57048 25413 73.913
57048 665282 68.1818
57048 60188 68.5714
57048 602913 81.8182
57048 79008 77.2727
57048 33671 69.7674
57048 1895 80
57048 177951 80.9524
57048 625813 62.2222
57048 192626 63.1579
57048 653051 61.9048
57048 630639 71.7949
0 8
1 0
2 0
3 0
4 0
5 1
6 1
7 4
8 3
9 0
10 8
11 6
12 0
13 1
14 5
15 8
16 8
17 3
18 7
19 2
20 4
21 4
22 1
23 5
24 13
25 7
26 9
27 59
28 68
29 46
30 34
31 23
32 24
33 17
34 15
35 12
36 17
37 13
38 17
39 21
40 44
41 14
42 22
43 28
44 20
45 20
46 11
47 26
48 26
49 27
50 22
51 3
52 13
53 12
54 23
55 20
56 20
57 8
58 16
59 11
60 17
61 9
62 22
63 10
64 16
65 8
66 6
67 12
68 0
69 28
70 12
71 1
72 11
73 9
74 14
75 9
76 6
77 10
78 7
79 7
80 6
81 6
82 10
83 4
84 4
85 5
86 4
87 4
88 2
89 1
90 0
91 3
92 0
93 1
94 0
95 0
96 3
97 0
98 0
99 0
100 0
101 0
12
7552
