0
0 0
1 0
2 0
3 0
4 0
5 0
6 0
7 0
8 0
9 0
10 0
11 0
12 0
13 0
14 0
15 0
16 0
17 0
18 0
19 0
20 1
21 1
22 0
23 0
24 0
25 1
26 1
27 0
28 1
29 0
30 1
31 1
32 1
33 0
34 1
35 2
36 0
37 6
38 5
39 2
40 2
41 5
42 4
43 3
44 8
45 6
46 5
47 4
48 12
49 15
50 18
51 11
52 23
53 13
54 26
55 23
56 17
57 28
58 25
59 27
60 37
61 33
62 33
63 40
64 49
65 44
66 36
67 28
68 31
69 36
70 53
71 42
72 45
73 45
74 50
75 63
76 34
77 50
78 33
79 30
80 36
81 12
82 23
83 17
84 14
85 10
86 12
87 6
88 7
89 1
90 1
91 0
92 0
93 1
94 0
95 0
96 0
97 0
98 0
99 0
100 0
101 0
11
6937
