0
0 0
1 0
2 0
3 0
4 0
5 0
6 0
7 0
8 0
9 0
10 0
11 0
12 0
13 0
14 0
15 0
16 0
17 0
18 0
19 0
20 0
21 0
22 0
23 1
24 0
25 0
26 0
27 1
28 0
29 0
30 1
31 1
32 1
33 1
34 0
35 3
36 2
37 4
38 6
39 4
40 1
41 5
42 8
43 14
44 13
45 12
46 15
47 20
48 16
49 31
50 37
51 17
52 30
53 39
54 37
55 39
56 42
57 41
58 60
59 43
60 54
61 46
62 64
63 43
64 59
65 42
66 56
67 37
68 44
69 34
70 30
71 27
72 26
73 23
74 19
75 22
76 9
77 7
78 7
79 5
80 4
81 0
82 0
83 4
84 0
85 0
86 0
87 0
88 0
89 0
90 0
91 0
92 0
93 0
94 0
95 0
96 0
97 0
98 0
99 0
100 0
101 0
10
6414
