0
0 0
1 0
2 0
3 0
4 0
5 0
6 0
7 0
8 0
9 0
10 0
11 0
12 0
13 0
14 0
15 0
16 0
17 0
18 0
19 0
20 0
21 0
22 0
23 0
24 0
25 1
26 0
27 0
28 0
29 0
30 0
31 1
32 0
33 0
34 1
35 0
36 0
37 0
38 0
39 0
40 0
41 0
42 0
43 1
44 1
45 1
46 1
47 1
48 1
49 2
50 1
51 2
52 3
53 3
54 2
55 2
56 1
57 4
58 3
59 7
60 7
61 4
62 3
63 7
64 6
65 6
66 9
67 1
68 3
69 4
70 5
71 1
72 5
73 0
74 5
75 2
76 1
77 1
78 1
79 3
80 2
81 2
82 3
83 0
84 1
85 1
86 0
87 0
88 1
89 0
90 0
91 0
92 0
93 0
94 0
95 0
96 0
97 0
98 0
99 0
100 0
101 0
1
18
