67
656986 626539 72.2222
656986 625186 73.1707
656986 647530 75.8621
656986 57456 68.4211
656986 623233 70.2703
656986 185355 87.5
656986 623021 71.7949
656986 629038 80
656986 4646 81.4815
656986 71999 68.75
656986 630688 68.2927
656986 640439 68.4211
656986 76031 66.6667
656986 139471 66.6667
656986 650624 80
656986 96448 72.2222
656986 650648 66.6667
656986 81549 72.7273
656986 202537 71.4286
656986 301199 70.2703
656986 42903 68.75
656986 71381 83.3333
656986 6746 71.4286
656986 14787 68.75
656986 672208 68.4211
656986 54128 70
656986 1899 66.6667
656986 161621 70.2703
656986 638603 78.7879
656986 650642 77.7778
656986 609696 75.8621
656986 603977 75.6757
656986 163335 66.6667
656986 54088 80
656986 9076 66.6667
656986 161622 70.2703
656986 43395 66.6667
656986 72272 73.6842
656986 640645 70.2703
656986 109825 82.3529
656986 378242 72.2222
656986 684074 66.6667
656986 22947 66.6667
656986 60548 68.4211
656986 3609 70.5882
656986 650786 70
656986 1088 80
656986 64884 66.6667
656986 119877 68.4211
656986 627066 70.2703
656986 29227 73.3333
656986 66415 68.75
656986 71873 66.6667
656986 528168 68.5714
656986 660640 66.6667
656986 696224 68.5714
656986 69607 73.6842
656986 626947 78.7879
656986 641086 74.2857
656986 650634 81.0811
656986 667068 68.5714
656986 655039 87.5
656986 301197 70.2703
656986 43634 68.4211
656986 667524 66.6667
656986 689429 75.6757
656986 51697 70.2703
0 12
1 0
2 0
3 0
4 0
5 0
6 0
7 1
8 0
9 1
10 0
11 4
12 5
13 1
14 3
15 5
16 9
17 10
18 14
19 7
20 10
21 8
22 23
23 20
24 14
25 25
26 7
27 2
28 16
29 8
30 29
31 23
32 28
33 28
34 12
35 27
36 35
37 21
38 18
39 20
40 58
41 7
42 54
43 38
44 47
45 45
46 15
47 37
48 41
49 44
50 59
51 0
52 58
53 39
54 10
55 41
56 25
57 10
58 28
59 23
60 19
61 13
62 8
63 21
64 6
65 21
66 0
67 13
68 0
69 14
70 2
71 9
72 3
73 4
74 4
75 1
76 4
77 0
78 1
79 2
80 4
81 0
82 2
83 1
84 1
85 0
86 0
87 0
88 2
89 0
90 0
91 0
92 0
93 0
94 0
95 0
96 0
97 0
98 0
99 0
100 0
101 0
13
9418
