0
0 0
1 0
2 0
3 0
4 0
5 0
6 0
7 0
8 0
9 0
10 0
11 0
12 0
13 0
14 0
15 0
16 0
17 0
18 0
19 0
20 1
21 0
22 0
23 0
24 1
25 1
26 0
27 1
28 1
29 0
30 2
31 1
32 0
33 0
34 0
35 6
36 4
37 2
38 1
39 10
40 7
41 5
42 12
43 8
44 9
45 9
46 6
47 17
48 19
49 13
50 32
51 9
52 24
53 26
54 25
55 29
56 29
57 27
58 46
59 44
60 50
61 37
62 47
63 39
64 50
65 48
66 47
67 39
68 39
69 44
70 54
71 33
72 38
73 34
74 31
75 31
76 24
77 28
78 12
79 19
80 14
81 6
82 7
83 3
84 4
85 8
86 3
87 4
88 1
89 0
90 0
91 1
92 1
93 0
94 0
95 0
96 0
97 0
98 0
99 0
100 0
101 0
12
6599
