426
72089 624349 66.6667
72089 295435 84.4444
72089 348404 70.2703
72089 619147 73.4694
72089 626100 73.913
72089 55459 70.8333
72089 685117 78.2609
72089 686264 72.7273
72089 160451 68.0851
72089 153353 69.7674
72089 677916 79.0698
72089 299385 68.0851
72089 679577 68.0851
72089 635171 72.3404
72089 677506 71.4286
72089 57456 73.913
72089 617316 80.9524
72089 174655 66.6667
72089 623661 72.7273
72089 640191 69.5652
72089 688342 68.1818
72089 658772 76.5957
72089 667246 73.913
72089 646437 67.6923
72089 136014 68.1818
72089 610998 77.193
72089 62778 69.7674
72089 109884 82.6087
72089 658776 76.5957
72089 658501 72.3404
72089 664269 86.3636
72089 68347 66.6667
72089 31539 70.8333
72089 629038 66.6667
72089 646165 66.6667
72089 68955 86.3636
72089 42443 69.3878
72089 626544 76.5957
72089 404698 72.7273
72089 18894 68.4211
72089 667760 77.2727
72089 56338 78.2609
72089 55887 68.1818
72089 683715 71.1111
72089 677513 68.1818
72089 58979 71.4286
72089 641764 73.1707
72089 625813 75
72089 2775 69.5652
72089 643468 69.7674
72089 626433 77.2727
72089 643471 75.5556
72089 638686 75.5556
72089 102619 66.6667
72089 677915 75
72089 680519 68.1818
72089 38250 68.4211
72089 96461 66.6667
72089 660227 75
72089 3846 81.6327
72089 611347 80
72089 138305 76.1905
72089 97219 68.0851
72089 279497 75
72089 87253 74.4186
72089 677555 68.1818
72089 56470 76.5957
72089 601362 69.3878
72089 700123 75
72089 692226 71.7949
72089 640439 73.913
72089 618260 79.0698
72089 34765 80.8511
72089 620337 83.7209
72089 348706 69.5652
72089 623657 69.5652
72089 640230 75
72089 662156 69.5652
72089 655264 82.6087
72089 663549 72.3404
72089 634219 68.0851
72089 128701 78.4314
72089 629718 79.0698
72089 629474 75.5556
72089 634220 68.0851
72089 638636 71.4286
72089 664941 67.6471
72089 21412 80.9524
72089 607167 72.3404
72089 113665 66.6667
72089 96448 68.1818
72089 634156 68.1818
72089 86939 72.7273
72089 158910 66.6667
72089 646444 70.7692
72089 617607 75.5556
72089 294110 66.6667
72089 658309 66.6667
72089 81549 68.2927
72089 636326 66.6667
72089 100467 71.4286
72089 56426 76.5957
72089 401553 71.1111
72089 643469 68.0851
72089 676737 71.1111
72089 33377 75.5556
72089 611078 74.4186
72089 670248 73.913
72089 624960 76.5957
72089 667851 72.7273
72089 645038 77.2727
72089 619072 67.7419
72089 29232 86.3636
72089 63055 72.7273
72089 645037 86.3636
72089 653050 72.3404
72089 110344 79.0698
72089 623991 75.5556
72089 655263 77.2727
72089 301199 66.6667
72089 372154 69.7674
72089 634175 66.6667
72089 257830 68.0851
72089 116523 68.0851
72089 628296 76.1905
72089 328442 69.7674
72089 690589 76.5957
72089 114022 80
72089 638593 76.5957
72089 51867 69.7674
72089 609819 69.7674
72089 694105 72.3404
72089 602670 73.0159
72089 24711 80
72089 41356 84.4444
72089 658980 78.2609
72089 646645 69.3878
72089 4120 68.4211
72089 647645 67.6923
72089 84227 80
72089 369774 68.0851
72089 676713 81.8182
72089 646158 68.4211
72089 658787 70.7692
72089 697384 66.6667
72089 679281 74.4186
72089 681101 66.6667
72089 667247 86.9565
72089 118613 75.5556
72089 646164 69.5652
72089 658487 80.8511
72089 650037 72.3404
72089 660053 80.8511
72089 632917 68.1818
72089 252048 68.1818
72089 48911 80
72089 637434 66.6667
72089 672208 78.2609
72089 54128 70.8333
72089 690590 68.0851
72089 602880 87.5
72089 688887 77.2727
72089 364202 80
72089 612765 70.8333
72089 623636 73.913
72089 637189 73.913
72089 650741 66.6667
72089 382319 86.3636
72089 634470 83.3333
72089 664001 85.7143
72089 680857 71.4286
72089 657841 73.1707
72089 45914 70.8333
72089 663589 76.5957
72089 601821 66.6667
72089 649044 66.6667
72089 657731 69.5652
72089 661465 69.5652
72089 70716 66.6667
72089 26245 74.4186
72089 639710 75
72089 614939 66.6667
72089 644433 66.6667
72089 177951 66.6667
72089 639963 66.6667
72089 161621 80
72089 683892 76.5957
72089 55456 75
72089 689418 68.1818
72089 136135 69.5652
72089 662771 66.6667
72089 627073 80
72089 664977 84.4444
72089 657815 69.7674
72089 611545 83.3333
72089 663921 71.4286
72089 616278 66.6667
72089 638603 68.2927
72089 4926 71.4286
72089 92220 66.6667
72089 625027 74.4186
72089 634303 73.4694
72089 382814 80
72089 657809 69.3878
72089 627074 80
72089 64013 72.7273
72089 25952 72.3404
72089 38231 78.2609
72089 693427 72.7273
72089 657833 78.0488
72089 44675 66.6667
72089 79447 69.5652
72089 693424 66.6667
72089 634193 80
72089 659975 80.8511
72089 122751 75.5556
72089 651218 79.1667
72089 4771 72.7273
72089 71320 71.1111
72089 116363 80.8511
72089 663585 66.6667
72089 657843 73.4694
72089 646439 67.6923
72089 58895 78.2609
72089 30723 81.8182
72089 102624 80
72089 628495 77.193
72089 665667 68.2927
72089 1168 79.0698
72089 649441 83.3333
72089 644273 71.4286
72089 58030 72
72089 10549 76.5957
72089 161622 80
72089 512913 73.913
72089 42080 68.2927
72089 69587 79.1667
72089 643489 73.1707
72089 663914 69.5652
72089 16634 69.5652
72089 62597 69.5652
72089 43030 66.6667
72089 405968 69.3878
72089 625648 67.6923
72089 625659 77.551
72089 665282 68.0851
72089 169105 69.5652
72089 677276 73.913
72089 695625 71.4286
72089 648928 71.1111
72089 43395 68.1818
72089 72272 69.5652
72089 659185 71.1111
72089 75518 69.7674
72089 12463 72.3404
72089 382815 80.8511
72089 133683 80.8511
72089 633868 66.6667
72089 15193 71.1111
72089 27419 78.2609
72089 640645 66.6667
72089 603719 80.8511
72089 174620 69.7674
72089 624961 76.5957
72089 617629 80.8511
72089 636095 79.1667
72089 625421 76.5957
72089 98436 73.913
72089 670091 69.7674
72089 164614 72.7273
72089 227902 83.7209
72089 684074 72.3404
72089 602889 66.6667
72089 651739 77.551
72089 686466 72.7273
72089 167881 66.6667
72089 622145 66.6667
72089 60548 82.6087
72089 345650 89.3617
72089 626945 80
72089 608710 73.913
72089 693097 66.6667
72089 613239 76.5957
72089 97327 73.913
72089 623648 76.1905
72089 646168 80.8511
72089 658774 80.8511
72089 19911 73.913
72089 605469 66.6667
72089 635968 77.2727
72089 73819 86.3636
72089 626946 78.0488
72089 657812 69.3878
72089 38255 85.7143
72089 666530 68.1818
72089 630915 78.2609
72089 36283 69.5652
72089 38468 73.913
72089 651590 76.1905
72089 648327 72.3404
72089 694951 77.2727
72089 641165 69.3878
72089 119877 82.6087
72089 328820 75
72089 667849 82.6087
72089 627066 75.5556
72089 676712 81.8182
72089 371727 73.913
72089 33832 70.8333
72089 617409 80.8511
72089 149987 73.913
72089 62009 75
72089 56148 80.8511
72089 101655 71.1111
72089 664853 81.8182
72089 609820 69.7674
72089 629118 69.3878
72089 278461 76.5957
72089 40725 66.6667
72089 620248 80.9524
72089 640743 75
72089 634171 73.4694
72089 635034 74.5763
72089 57598 80.9524
72089 691613 72.7273
72089 696224 74.4186
72089 688343 77.2727
72089 7636 68.1818
72089 601307 66.6667
72089 57548 87.5
72089 644432 66.6667
72089 632231 70.2703
72089 681072 81.8182
72089 30152 85.7143
72089 209084 71.1111
72089 647334 66.6667
72089 99871 71.4286
72089 617398 70.8333
72089 306735 77.2727
72089 668362 80.9524
72089 677500 73.913
72089 339497 82.9268
72089 643470 76.5957
72089 626947 68.2927
72089 297577 76.5957
72089 620336 82.9268
72089 666432 66.6667
72089 644871 70.8333
72089 685303 86.9565
72089 1163 79.0698
72089 347504 72.7273
72089 695218 78.2609
72089 677917 77.2727
72089 649690 77.2727
72089 637646 73.0159
72089 102851 72.3404
72089 698558 80
72089 263770 68.1818
72089 266126 68.1818
72089 43870 66.6667
72089 629424 81.6327
72089 44217 69.3878
72089 631634 80
72089 699206 78.2609
72089 25397 68.0851
72089 19055 66.6667
72089 56285 77.2727
72089 120309 69.7674
72089 33077 68.0851
72089 8120 72.3404
72089 642788 75
72089 5553 77.2727
72089 41355 84.4444
72089 663935 68.1818
72089 81756 73.1707
72089 650211 77.551
72089 56869 69.3878
72089 680466 72.7273
72089 26154 73.1707
72089 663951 72.3404
72089 60549 68.0851
72089 600388 68.1818
72089 667068 69.7674
72089 5220 76.5957
72089 626865 76.1905
72089 627080 70.8333
72089 294868 73.913
72089 624987 78.2609
72089 643487 76.5957
72089 620753 80
72089 623832 72.3404
72089 71439 70.8333
72089 634306 77.551
72089 629494 73.913
72089 142693 80
72089 646438 67.6923
72089 632227 78.0488
72089 675215 75.5556
72089 301197 66.6667
72089 84552 69.5652
72089 43634 82.6087
72089 667524 68.1818
72089 625109 76.5957
72089 362133 71.7949
72089 163661 80.7018
72089 118151 66.6667
72089 631956 68.0851
72089 683369 80.9524
72089 38248 79.0698
72089 639709 73.913
72089 66688 78.2609
72089 20121 68.0851
72089 98431 79.0698
72089 344522 72.3404
72089 3427 70.8333
72089 131312 71.7949
72089 689429 71.1111
72089 690691 70
72089 622636 68.0851
72089 102623 80
72089 405554 85.1064
72089 51143 68.2927
72089 645089 76.5957
72089 644333 85.1064
72089 371717 71.1111
72089 193514 75
0 4
1 0
2 0
3 0
4 0
5 0
6 0
7 0
8 0
9 1
10 3
11 5
12 0
13 0
14 1
15 0
16 0
17 1
18 0
19 3
20 1
21 6
22 2
23 8
24 3
25 6
26 7
27 3
28 7
29 9
30 13
31 9
32 6
33 8
34 8
35 6
36 5
37 3
38 5
39 10
40 17
41 8
42 16
43 8
44 13
45 23
46 15
47 26
48 17
49 18
50 36
51 10
52 37
53 28
54 40
55 37
56 28
57 13
58 37
59 27
60 29
61 24
62 33
63 42
64 50
65 8
66 49
67 48
68 7
69 47
70 42
71 15
72 25
73 30
74 31
75 20
76 10
77 26
78 19
79 16
80 30
81 20
82 7
83 8
84 5
85 4
86 5
87 8
88 2
89 0
90 1
91 0
92 0
93 0
94 0
95 0
96 0
97 0
98 0
99 0
100 0
101 0
14
9100
