0
0 0
1 0
2 0
3 0
4 0
5 0
6 0
7 0
8 0
9 0
10 0
11 0
12 0
13 0
14 0
15 0
16 0
17 0
18 0
19 0
20 0
21 0
22 0
23 0
24 0
25 1
26 0
27 0
28 0
29 1
30 1
31 1
32 1
33 1
34 0
35 1
36 2
37 0
38 1
39 0
40 2
41 1
42 5
43 4
44 7
45 7
46 7
47 6
48 9
49 7
50 16
51 12
52 23
53 25
54 17
55 22
56 14
57 38
58 42
59 43
60 49
61 37
62 51
63 53
64 60
65 51
66 70
67 60
68 54
69 52
70 44
71 56
72 55
73 29
74 35
75 27
76 23
77 26
78 14
79 7
80 8
81 4
82 7
83 7
84 4
85 0
86 0
87 0
88 0
89 0
90 0
91 0
92 0
93 0
94 0
95 0
96 0
97 0
98 0
99 0
100 0
101 0
11
6335
