681
127964 269613 66.6667
127964 644325 69.7674
127964 2743 73.913
127964 638641 78.2609
127964 646164 84.4444
127964 636941 66.6667
127964 626865 82.9268
127964 382814 95.4545
127964 629118 62.5
127964 7760 74.4186
127964 160497 84.4444
127964 644432 85.1064
127964 679577 82.6087
127964 658774 69.5652
127964 601307 72.7273
127964 4140 75
127964 51867 61.9048
127964 643472 63.8298
127964 677510 80
127964 600388 83.7209
127964 241173 87.8049
127964 625063 68.1818
127964 522408 88.8889
127964 625465 82.6087
127964 690691 61.5385
127964 626947 70
127964 59679 88.8889
127964 656392 75
127964 659234 72.3404
127964 684792 80
127964 647014 61.7647
127964 140665 79.0698
127964 160588 63.4146
127964 654113 78.2609
127964 118993 82.0513
127964 453 60
127964 341865 63.8298
127964 120309 80.9524
127964 663946 73.913
127964 623992 63.8298
127964 628999 79.0698
127964 629009 86.9565
127964 661463 63.1579
127964 640286 65.625
127964 697943 73.913
127964 658397 68.0851
127964 643729 66.6667
127964 620248 87.8049
127964 636790 64.5161
127964 670183 78.2609
127964 36283 84.4444
127964 20122 69.5652
127964 133683 73.913
127964 6957 68.2927
127964 641661 65.7143
127964 650981 69.7674
127964 5220 78.2609
127964 625471 68.1818
127964 645335 77.551
127964 38250 64.8649
127964 646436 71.875
127964 627725 77.2727
127964 631597 73.6842
127964 700123 85.1064
127964 617683 83.3333
127964 667849 75.5556
127964 658787 71.875
127964 220327 75.5556
127964 54855 75
127964 619072 75.4098
127964 633868 77.2727
127964 1112 68.5714
127964 92221 60
127964 625412 62.5
127964 622636 82.6087
127964 294110 90.9091
127964 641165 83.3333
127964 607167 65.2174
127964 624842 71.1111
127964 637641 67.6471
127964 677501 62.2222
127964 666530 93.0233
127964 30798 86.9565
127964 634135 65.2174
127964 84223 72.2222
127964 37752 87.5
127964 657562 69.7674
127964 633890 85.1064
127964 42443 79.1667
127964 636921 66.6667
127964 83398 77.2727
127964 142693 76.9231
127964 626923 77.551
127964 30131 89.7959
127964 66489 63.6364
127964 16634 84.4444
127964 62778 66.6667
127964 658698 68.0851
127964 629718 90.4762
127964 404000 65.2174
127964 692599 81.8182
127964 656391 65.2174
127964 658501 65.2174
127964 169105 84.4444
127964 651739 83.3333
127964 617363 85.1064
127964 677555 83.7209
127964 637434 68.0851
127964 639682 75
127964 624349 80.8511
127964 660421 76.5957
127964 664853 83.7209
127964 650037 69.5652
127964 102318 77.2727
127964 663921 68.2927
127964 650211 83.3333
127964 66070 66.6667
127964 309708 72.2222
127964 651217 85.1064
127964 345650 78.2609
127964 659122 68.0851
127964 59628 85.1064
127964 74380 73.4694
127964 627383 87.5
127964 670181 71.4286
127964 685117 80
127964 670149 79.0698
127964 661128 75
127964 623701 76.1905
127964 81669 78.2609
127964 650625 68.1818
127964 67594 72.3404
127964 636993 66.6667
127964 54833 68.0851
127964 266126 60.4651
127964 30152 87.8049
127964 639472 65.7143
127964 634306 95.8333
127964 653050 73.913
127964 658487 73.913
127964 158037 68.1818
127964 64013 93.0233
127964 630692 79.1667
127964 40450 71.1111
127964 97219 78.2609
127964 639772 64.4068
127964 54829 81.8182
127964 650624 72.3404
127964 666677 60.4651
127964 647024 63.0137
127964 87059 71.1111
127964 43026 85.1064
127964 52350 68.0851
127964 4926 63.4146
127964 365560 71.1111
127964 641764 60
127964 186233 65.2174
127964 338205 80
127964 650064 69.697
127964 645542 64.6154
127964 48911 82.0513
127964 116805 72.7273
127964 179790 66.6667
127964 164774 68.1818
127964 23380 60
127964 60195 61.5385
127964 4120 64.8649
127964 646440 69.697
127964 7636 83.7209
127964 102851 91.3043
127964 43395 65.1163
127964 628265 77.2727
127964 25952 86.9565
127964 624987 93.3333
127964 624671 76.9231
127964 38253 80.9524
127964 639681 75
127964 645129 60
127964 638534 64.7887
127964 55342 80
127964 657817 84.4444
127964 647645 71.875
127964 656390 66.6667
127964 667760 69.7674
127964 633174 73.4694
127964 672208 80
127964 632920 68.2927
127964 634219 60.8696
127964 667851 60.4651
127964 623233 63.6364
127964 657811 75
127964 634171 83.3333
127964 611078 85.7143
127964 96461 81.8182
127964 626100 84.4444
127964 400230 85
127964 625795 70.8333
127964 36603 61.9048
127964 634616 61.9048
127964 9659 74.4186
127964 660640 79.0698
127964 625469 65.2174
127964 675282 60
127964 668523 65.1163
127964 657840 70.8333
127964 625042 66.6667
127964 56338 66.6667
127964 651220 89.3617
127964 372155 63.6364
127964 692226 78.9474
127964 679281 71.4286
127964 128160 77.2727
127964 641699 67.6471
127964 43870 81.8182
127964 180 88.3721
127964 690415 71.1111
127964 633011 66.6667
127964 382815 95.6522
127964 656386 65.2174
127964 116539 68.1818
127964 33377 63.6364
127964 646645 70.8333
127964 634714 70.8333
127964 67668 70
127964 116523 65.2174
127964 646707 87.5
127964 635960 75.5556
127964 658776 91.3043
127964 369774 82.6087
127964 609067 82.1429
127964 92220 63.1579
127964 1986 90.9091
127964 694105 78.2609
127964 677512 78.0488
127964 627435 82.0513
127964 2750 61.9048
127964 116363 95.6522
127964 47695 80
127964 136014 65.1163
127964 72089 85.1064
127964 651737 83.3333
127964 650609 85.1064
127964 158910 63.6364
127964 686466 79.0698
127964 644273 78.0488
127964 615123 66.6667
127964 297577 69.5652
127964 685298 74.4186
127964 646910 63.8889
127964 291305 84.4444
127964 691610 73.1707
127964 611347 68.1818
127964 639709 71.1111
127964 636784 63.8298
127964 625015 71.1111
127964 681072 69.7674
127964 647068 75
127964 677920 85.7143
127964 148519 64.8649
127964 12463 78.2609
127964 309699 68.1818
127964 617368 61.9048
127964 209084 86.3636
127964 631315 81.8182
127964 164614 74.4186
127964 675186 64.7059
127964 659342 62.5
127964 695625 72.7273
127964 680715 79.0698
127964 625421 73.913
127964 646165 80.8511
127964 138305 87.8049
127964 616232 78.2609
127964 642896 74.4186
127964 627368 65.2174
127964 647643 65.7143
127964 658533 62.5
127964 666665 73.913
127964 656387 62.5
127964 638640 75.5556
127964 73166 76.1905
127964 40484 63.8298
127964 624535 83.3333
127964 667850 66.6667
127964 617316 87.8049
127964 672018 66.6667
127964 8512 88.8889
127964 636935 68.0851
127964 67476 71.1111
127964 53183 75
127964 658980 80
127964 31976 72.7273
127964 649428 68.0851
127964 404827 73.1707
127964 160587 71.1111
127964 679825 74.5763
127964 646441 65.7143
127964 654114 65.2174
127964 670182 72.7273
127964 7528 60.8696
127964 84227 76.9231
127964 72288 75
127964 342024 60
127964 31592 61.5385
127964 636095 89.3617
127964 665553 69.5652
127964 641086 66.6667
127964 68955 93.0233
127964 659015 63.8889
127964 617409 91.3043
127964 100467 63.4146
127964 79447 66.6667
127964 631128 70.8333
127964 161601 68.1818
127964 663620 69.5652
127964 636943 76.5957
127964 34632 72.3404
127964 294731 74.4186
127964 631648 76.5957
127964 623636 88.8889
127964 663571 89.3617
127964 45164 80
127964 326172 77.2727
127964 8774 78.2609
127964 646001 76.5957
127964 697384 81.8182
127964 691995 62.5
127964 328820 66.6667
127964 193517 68.2927
127964 637493 65.7143
127964 689210 72.3404
127964 60734 69.5652
127964 627226 74.4186
127964 657803 73.913
127964 629474 90.9091
127964 67800 63.1579
127964 136135 80
127964 667247 84.4444
127964 637821 66.6667
127964 43798 68.0851
127964 634293 65.2174
127964 631630 80.8511
127964 191990 75.5556
127964 139785 68.1818
127964 63862 86.9565
127964 670179 71.4286
127964 637642 67.6471
127964 634151 78.9474
127964 676713 79.0698
127964 63055 79.0698
127964 672441 77.2727
127964 624961 78.2609
127964 20985 73.1707
127964 650616 82.6087
127964 633879 86.9565
127964 6365 78.9474
127964 601362 75
127964 666432 85.1064
127964 663915 76.5957
127964 57547 69.7674
127964 364202 95.4545
127964 662187 84.4444
127964 627436 79.0698
127964 73248 66.6667
127964 628244 69.3878
127964 677516 80
127964 647644 65.7143
127964 57548 76.5957
127964 30724 79.0698
127964 29851 77.2727
127964 644297 85.7143
127964 650608 61.5385
127964 278461 91.3043
127964 624163 60.8696
127964 693434 81.8182
127964 8120 86.9565
127964 690393 75.4098
127964 668362 87.8049
127964 663585 85.1064
127964 623832 82.6087
127964 687813 66.6667
127964 231338 68.1818
127964 624231 60
127964 609818 66.6667
127964 657836 65.2174
127964 696224 80.9524
127964 651218 85.1064
127964 650610 88.8889
127964 657805 71.4286
127964 130895 69.7674
127964 650611 69.7674
127964 675215 68.1818
127964 629037 80
127964 38243 80.9524
127964 326397 69.5652
127964 263770 60.4651
127964 616811 73.913
127964 174612 72.7273
127964 640230 89.3617
127964 634470 89.3617
127964 632227 85
127964 647646 71.875
127964 684074 65.2174
127964 672960 79.0698
127964 640890 66.6667
127964 628996 70.8333
127964 69587 68.0851
127964 650634 68.1818
127964 625028 73.6842
127964 670148 82.6087
127964 647530 61.1111
127964 628296 78.0488
127964 84552 84.4444
127964 629038 63.8298
127964 651324 89.3617
127964 98431 76.1905
127964 664941 68.6567
127964 154880 68.1818
127964 311941 69.7674
127964 57598 82.9268
127964 694557 62.1622
127964 625186 70.8333
127964 641698 67.6471
127964 39362 66.6667
127964 637646 74.1935
127964 122640 66.6667
127964 661471 80.8511
127964 683892 82.6087
127964 118613 72.7273
127964 83653 63.8298
127964 55456 68.0851
127964 625464 68.1818
127964 135284 68.2927
127964 651735 83.3333
127964 174620 85.7143
127964 38255 75
127964 677915 82.0513
127964 131312 78.9474
127964 56148 86.9565
127964 295156 82.9268
127964 638129 75
127964 677916 80.9524
127964 622644 76.5957
127964 669986 65.1163
127964 656393 66.6667
127964 663952 80.8511
127964 632919 68.2927
127964 645124 64.7059
127964 602880 80.8511
127964 646162 63.1579
127964 680466 65.1163
127964 102623 68.1818
127964 75516 68.1818
127964 660053 73.913
127964 71320 86.3636
127964 63911 78.2609
127964 58895 88.8889
127964 26154 85
127964 649441 93.617
127964 59727 65
127964 66479 76.9231
127964 695218 93.3333
127964 25855 66.6667
127964 640902 69.2308
127964 641654 60
127964 30723 79.0698
127964 638174 63.8298
127964 664269 83.7209
127964 694951 74.4186
127964 663936 72.3404
127964 667749 69.7674
127964 677545 63.4146
127964 636946 68.0851
127964 630076 65.3061
127964 63599 63.8298
127964 693424 87.8049
127964 348404 72.2222
127964 71439 76.5957
127964 405084 66.6667
127964 19911 66.6667
127964 663576 68.0851
127964 339497 75
127964 625027 66.6667
127964 174655 63.6364
127964 645098 69.8413
127964 638851 93.0233
127964 628102 66.6667
127964 29232 79.0698
127964 13687 88.8889
127964 109999 68.1818
127964 680482 72.7273
127964 666436 80.8511
127964 82166 69.7674
127964 609819 85.7143
127964 613239 91.3043
127964 301196 71.4286
127964 625064 65.2174
127964 628495 82.1429
127964 667470 66.6667
127964 103998 71.1111
127964 631634 82.0513
127964 86939 74.4186
127964 18894 75.6757
127964 278175 79.0698
127964 663927 60.8696
127964 691259 60.3175
127964 614939 64.7887
127964 40725 81.8182
127964 662782 78.0488
127964 18255 82.0513
127964 409127 62.2222
127964 624960 78.2609
127964 125185 64.8649
127964 624006 66.6667
127964 636118 62.5
127964 626433 69.7674
127964 634163 95.4545
127964 627222 68.1818
127964 34551 85.1064
127964 639683 75
127964 649096 73.913
127964 642604 85.1064
127964 676712 79.0698
127964 147625 66.6667
127964 642788 82.0513
127964 105373 83.7209
127964 694315 72.7273
127964 1026 87.8049
127964 624331 66.6667
127964 627082 78.2609
127964 646232 69.5652
127964 95102 84.4444
127964 10121 78.2609
127964 4867 79.1667
127964 58104 78.2609
127964 240408 60
127964 667276 66.6667
127964 636942 76.5957
127964 625468 70.8333
127964 23609 77.2727
127964 630262 83.3333
127964 662773 75
127964 646166 85.7143
127964 521887 88.3721
127964 648928 68.1818
127964 666115 67.6923
127964 1118 65
127964 97327 62.2222
127964 644932 75.5556
127964 632917 60.4651
127964 55876 82.6087
127964 611783 66.6667
127964 674195 84.4444
127964 647355 83.3333
127964 663549 69.5652
127964 648929 73.913
127964 635820 68.0851
127964 348706 84.4444
127964 202930 73.1707
127964 3124 82.9268
127964 160451 65.2174
127964 62009 80.8511
127964 636929 66.6667
127964 4771 79.0698
127964 644333 78.2609
127964 295435 90.9091
127964 19984 72.7273
127964 603977 68.1818
127964 70868 69.5652
127964 327982 60
127964 634220 65.2174
127964 616278 90.9091
127964 624051 65.3061
127964 634775 73.913
127964 60698 63.4146
127964 27116 75
127964 633900 83.3333
127964 79016 69.5652
127964 617633 71.1111
127964 2775 75.5556
127964 646159 75.5556
127964 609820 85.7143
127964 667524 65.1163
127964 54128 76.5957
127964 667246 66.6667
127964 643487 65.2174
127964 631808 86.3636
127964 619147 75
127964 636326 86.3636
127964 672019 66.6667
127964 657843 87.5
127964 294107 80
127964 331770 88.8889
127964 639767 63.1579
127964 646207 73.913
127964 10014 60
127964 617398 80.8511
127964 66688 75.5556
127964 285113 74.4186
127964 634581 66.6667
127964 34765 73.913
127964 649097 66.6667
127964 680494 69.5652
127964 13009 66.6667
127964 301199 68.1818
127964 56285 65.1163
127964 157913 63.4146
127964 649092 62.2222
127964 147110 76.5957
127964 58580 80
127964 634156 60.4651
127964 699206 75.5556
127964 636947 68.0851
127964 638603 70
127964 609248 75.5556
127964 87254 86.3636
127964 649427 68.0851
127964 72982 63.1579
127964 624575 63.8889
127964 615011 78.2609
127964 638636 73.1707
127964 625239 68.0851
127964 627367 65.2174
127964 119877 71.1111
127964 685783 71.1111
127964 615299 76.5957
127964 637643 67.6471
127964 677917 83.7209
127964 291534 69.5652
127964 56357 74.5098
127964 163501 80
127964 624003 80.8511
127964 327445 66.6667
127964 58030 81.6327
127964 66069 75
127964 634615 68.1818
127964 632913 63.8298
127964 81549 75
127964 644871 93.617
127964 79707 85.7143
127964 649424 76.5957
127964 681679 60.8696
127964 2741 68.1818
127964 697598 62.1622
127964 663914 75.5556
127964 57884 73.913
127964 56470 95.6522
127964 632386 91.6667
127964 638521 65.7143
127964 627370 68.1818
127964 75707 66.6667
127964 75518 61.9048
127964 632918 66.6667
127964 612049 77.9661
127964 140121 78.2609
127964 25397 78.2609
127964 41355 90.9091
127964 649044 85.1064
127964 663947 69.5652
127964 25413 66.6667
127964 636086 68.0851
127964 665282 73.913
127964 630691 82.6087
127964 131090 78.2609
127964 646438 71.875
127964 659301 83.3333
127964 625813 63.8298
127964 15193 81.8182
127964 615985 65.7143
127964 627066 81.8182
127964 641697 67.6471
127964 620336 80
127964 679283 68.1818
127964 617628 68.0851
127964 653051 68.1818
127964 617406 68.0851
127964 628979 85.1064
127964 663935 74.4186
127964 634241 90.9091
127964 404698 79.0698
127964 635811 60.8696
0 5
1 0
2 0
3 0
4 0
5 3
6 2
7 1
8 0
9 0
10 0
11 0
12 0
13 0
14 0
15 1
16 0
17 1
18 0
19 3
20 2
21 3
22 6
23 5
24 3
25 4
26 11
27 4
28 6
29 10
30 15
31 5
32 20
33 8
34 18
35 11
36 9
37 5
38 2
39 5
40 14
41 11
42 7
43 11
44 16
45 15
46 9
47 13
48 22
49 28
50 28
51 0
52 23
53 23
54 20
55 25
56 12
57 18
58 20
59 16
60 36
61 13
62 12
63 13
64 33
65 13
66 37
67 47
68 7
69 55
70 35
71 8
72 23
73 19
74 27
75 34
76 15
77 20
78 13
79 30
80 36
81 15
82 11
83 23
84 19
85 17
86 24
87 12
88 12
89 10
90 7
91 8
92 6
93 0
94 8
95 0
96 7
97 0
98 0
99 0
100 0
101 0
12
8550
