227
701202 667951 64.2857
701202 674897 81.8182
701202 645548 78.6885
701202 701203 94.5205
701202 663416 86.3636
701202 654956 84.058
701202 699329 83.4646
701202 78742 63.7838
701202 642663 60.733
701202 70807 89.8551
701202 638478 67.4556
701202 645547 72.4138
701202 699058 82.5806
701202 647975 60.6383
701202 664208 85.2941
701202 45617 65.5367
701202 645789 64.9573
701202 638355 65.896
701202 665527 66.6667
701202 698601 72.5664
701202 671056 86.7647
701202 694553 76.9231
701202 646444 60
701202 641660 70.1754
701202 346230 71.0744
701202 633425 70.303
701202 664894 69.8925
701202 698553 76.0563
701202 633001 60.7143
701202 73283 68.9655
701202 701595 78.4091
701202 647014 70.1754
701202 675187 66.6667
701202 701718 83.3333
701202 682338 75.5906
701202 645540 67.2414
701202 693165 77.9661
701202 675268 61.7801
701202 640286 65.4545
701202 687376 75.8242
701202 685584 85.4839
701202 636790 72.2222
701202 667948 70.0855
701202 665158 82.5397
701202 641661 74.1379
701202 700284 66.6667
701202 646436 67.2727
701202 658787 63.6364
701202 638361 66.2857
701202 677761 76.5625
701202 667952 60.7143
701202 637641 64.9123
701202 616791 73.4375
701202 663606 85.2941
701202 20625 60.1626
701202 47745 71.25
701202 665964 81.8792
701202 700287 67.4556
701202 633031 64.2857
701202 60342 69.9301
701202 648360 73.7705
701202 79594 62.5698
701202 680414 75.8242
701202 58057 60.1036
701202 650898 65.9574
701202 639472 68.9655
701202 78747 62.3656
701202 639772 60.9524
701202 647024 77.3109
701202 695574 80
701202 693166 84.9315
701202 701596 87.3418
701202 660371 88.4058
701202 651687 60.9626
701202 650064 73.2143
701202 645542 66.6667
701202 665963 81.1189
701202 645129 72.4138
701202 638534 75.2137
701202 647645 67.2727
701202 668532 74.3243
701202 675451 82.5397
701202 678323 82.5397
701202 654077 69.7368
701202 699499 77.5281
701202 664209 85.2941
701202 675282 77.5862
701202 643408 78.75
701202 661122 82.5397
701202 695836 72.5926
701202 665536 73.5043
701202 33668 61.3636
701202 641699 64.9123
701202 664891 71.4286
701202 700283 68.2635
701202 701196 66.6667
701202 665539 80.5556
701202 646910 83.0508
701202 665358 85.2941
701202 664737 82.5397
701202 701777 82.5397
701202 675186 71.9298
701202 638352 60.9626
701202 661755 64.6154
701202 108408 64.2202
701202 647643 67.2414
701202 697445 80
701202 700286 67.4556
701202 699340 83.4646
701202 700285 67.4556
701202 78738 67.0659
701202 679825 64.7619
701202 645115 78.6207
701202 63689 70.922
701202 661123 82.5397
701202 659015 69.4915
701202 661186 72.8814
701202 671292 60.7143
701202 650061 75.6303
701202 700282 68.2635
701202 691995 65.4545
701202 637493 74.1379
701202 625487 64.2857
701202 9168 80.292
701202 671055 84.2857
701202 7231 65.0602
701202 651018 76.1905
701202 637642 64.9123
701202 673654 62.069
701202 670365 82.5397
701202 648400 78.0488
701202 50848 68.4685
701202 5015 61.1765
701202 676419 77.9661
701202 641039 76.5432
701202 647644 67.2414
701202 698554 70.5882
701202 687813 66.087
701202 9617 62.8866
701202 662831 78.9116
701202 657733 82.8571
701202 665357 85.2941
701202 34934 65.9341
701202 70804 85.2941
701202 699349 80.916
701202 660373 82.8571
701202 47764 63.8298
701202 647976 60.6383
701202 647019 64.9123
701202 662830 87.8788
701202 58056 60.1036
701202 647646 67.2727
701202 625483 64.2857
701202 666386 64.8649
701202 682699 92.6471
701202 648352 72.2689
701202 78748 64.2105
701202 664941 70.7965
701202 694557 73.3333
701202 626496 70
701202 641698 64.9123
701202 685583 92.8571
701202 637646 68.5185
701202 673997 64.5161
701202 642654 60.9626
701202 645124 71.9298
701202 676949 64.2857
701202 665356 81.8792
701202 641530 66.0714
701202 58058 60.3015
701202 662427 82.8571
701202 673653 63.3166
701202 641654 74.1379
701202 697671 77.5758
701202 623310 81.25
701202 645098 66.055
701202 681170 69.9187
701202 631567 62.5641
701202 668859 67.2414
701202 79589 70.3704
701202 614939 76.9231
701202 636661 63.7168
701202 700288 67.4556
701202 665535 80.5556
701202 318534 83.5616
701202 680411 78.4091
701202 625482 64.2857
701202 666115 68.4685
701202 648540 66.6667
701202 694755 78.3333
701202 638581 63.7168
701202 34929 64.7059
701202 673317 66.6667
701202 684694 88.7324
701202 632485 61.7801
701202 663417 89.6104
701202 619377 72.8682
701202 295302 63.0631
701202 664893 69.8925
701202 78743 63.7838
701202 78741 61.8785
701202 638583 73.3728
701202 639767 60.1942
701202 641626 75.4098
701202 667950 61.8182
701202 634555 61.0526
701202 638365 65.4971
701202 680416 80.2326
701202 624575 79.661
701202 668856 64.9123
701202 664892 71.4286
701202 701201 93.2432
701202 637643 64.9123
701202 65849 60
701202 639779 70
701202 681679 78.2609
701202 697598 85
701202 682700 92.3077
701202 638521 68.9655
701202 633810 64.8649
701202 34931 60.2151
701202 646438 67.2727
701202 615985 72.4138
701202 700290 66.6667
701202 649971 82.1705
701202 641697 64.9123
701202 64057 67.7966
0 5
1 0
2 0
3 0
4 0
5 8
6 2
7 0
8 1
9 0
10 3
11 4
12 4
13 0
14 3
15 8
16 3
17 1
18 6
19 10
20 8
21 11
22 6
23 12
24 19
25 11
26 18
27 20
28 38
29 32
30 18
31 22
32 30
33 33
34 21
35 28
36 58
37 31
38 42
39 23
40 46
41 43
42 49
43 39
44 54
45 40
46 16
47 66
48 31
49 38
50 49
51 2
52 54
53 8
54 30
55 7
56 4
57 9
58 8
59 6
60 12
61 16
62 7
63 5
64 8
65 23
66 8
67 12
68 15
69 8
70 8
71 8
72 6
73 9
74 6
75 4
76 6
77 6
78 6
79 9
80 3
81 5
82 5
83 13
84 5
85 4
86 7
87 2
88 2
89 2
90 2
91 0
92 0
93 3
94 1
95 1
96 0
97 0
98 0
99 0
100 0
101 0
24
11208
