512
622652 33610 64
622652 681316 68.0851
622652 24711 60.8696
622652 656987 60.8696
622652 639840 82.3529
622652 641997 68
622652 664276 63.8298
622652 194315 76.5957
622652 655264 68.0851
622652 677514 71.1111
622652 630911 62.2222
622652 638686 78.2609
622652 56501 68.0851
622652 638702 79.1667
622652 358737 65.1163
622652 664543 73.913
622652 405968 68
622652 670248 68.0851
622652 66476 60
622652 133865 65.2174
622652 658498 77.2727
622652 624942 68
622652 621888 65.2174
622652 38468 63.8298
622652 161609 80.9524
622652 255115 76.5957
622652 77845 74.4186
622652 664977 78.2609
622652 149987 76.5957
622652 72286 60
622652 73819 62.2222
622652 677434 72.7273
622652 663780 85.7143
622652 56869 60
622652 645038 80
622652 193514 68.2927
622652 49210 70.8333
622652 643470 70.8333
622652 257830 70.8333
622652 215138 69.5652
622652 635034 60
622652 137470 66.6667
622652 650709 71.4286
622652 4419 62.2222
622652 76006 72
622652 43871 65.2174
622652 81656 74.4186
622652 87081 68.0851
622652 26707 62.5
622652 269613 85.1064
622652 638641 62.5
622652 45914 69.3878
622652 42030 83.7209
622652 622694 63.6364
622652 382814 60.8696
622652 13506 83.7209
622652 667940 68.0851
622652 7760 75.5556
622652 658774 79.1667
622652 690569 65.2174
622652 601307 73.913
622652 51867 72.7273
622652 600388 62.2222
622652 241173 60.4651
622652 522408 63.8298
622652 103805 60.4651
622652 626947 61.9048
622652 372154 63.6364
622652 229 60
622652 59679 63.8298
622652 659234 73.4694
622652 626539 62.2222
622652 684792 68.0851
622652 118993 68.2927
622652 101655 65.2174
622652 120309 63.6364
622652 202965 74.4186
622652 663946 62.5
622652 79007 73.913
622652 658397 73.4694
622652 643729 60
622652 620248 60.4651
622652 670183 62.5
622652 20122 70.8333
622652 133683 66.6667
622652 6957 65.1163
622652 31539 69.3878
622652 617683 64
622652 680 64.8649
622652 149965 66.6667
622652 678398 62.2222
622652 633868 78.2609
622652 372360 83.3333
622652 641165 68
622652 607167 70.8333
622652 624842 68.0851
622652 49348 78.0488
622652 98696 68.0851
622652 76010 73.913
622652 37752 60
622652 42443 60
622652 602889 65.2174
622652 643485 66.6667
622652 20625 60.7595
622652 83398 73.913
622652 629374 73.4694
622652 115006 69.5652
622652 142693 68.2927
622652 626923 70.5882
622652 30131 66.6667
622652 66489 65.2174
622652 658501 70.8333
622652 617363 61.2245
622652 637434 69.3878
622652 639682 64
622652 2858 61.5385
622652 660421 61.2245
622652 664853 66.6667
622652 663921 74.4186
622652 66070 76
622652 309708 63.1579
622652 651217 65.3061
622652 645924 63.6364
622652 345650 66.6667
622652 659122 73.4694
622652 59628 65.3061
622652 670181 63.6364
622652 76031 61.9048
622652 685117 72.3404
622652 59637 83.3333
622652 81669 62.5
622652 1390 65.2174
622652 650625 69.5652
622652 67594 61.2245
622652 636993 68
622652 266126 71.1111
622652 680828 66.6667
622652 634306 60
622652 675279 62.5
622652 193513 71.4286
622652 658487 75
622652 158037 69.5652
622652 64013 62.2222
622652 40450 68.0851
622652 97219 62.5
622652 54829 73.913
622652 687618 82.6087
622652 650624 65.3061
622652 193502 68.0851
622652 87059 68.0851
622652 43026 65.3061
622652 67609 72.3404
622652 4926 65.1163
622652 365560 85.1064
622652 641764 76.1905
622652 667944 76.5957
622652 116805 65.2174
622652 179790 68.2927
622652 658309 73.913
622652 370399 60.8696
622652 164774 60.8696
622652 656084 93.617
622652 7636 62.2222
622652 102851 62.5
622652 14549 85.1064
622652 43395 80
622652 4767 82.6087
622652 38253 63.6364
622652 639681 64
622652 667760 66.6667
622652 633174 66.6667
622652 634219 62.5
622652 690579 79.1667
622652 657811 68
622652 49494 61.2245
622652 634171 68
622652 674553 70.8333
622652 96461 65.2174
622652 664551 74.4186
622652 36603 77.2727
622652 9659 66.6667
622652 193521 83.7209
622652 668523 66.6667
622652 372155 69.5652
622652 229540 63.8298
622652 43870 65.2174
622652 690415 76.5957
622652 686465 65.2174
622652 633011 60.7143
622652 116539 60.8696
622652 33377 82.6087
622652 646645 72
622652 116523 83.3333
622652 635960 63.8298
622652 609067 62.069
622652 694105 66.6667
622652 677512 60.4651
622652 47695 63.8298
622652 42903 68.2927
622652 4436 62.7451
622652 136014 71.1111
622652 72089 65.3061
622652 675585 65.2174
622652 158910 65.2174
622652 615123 68
622652 297577 87.5
622652 685298 71.1111
622652 650639 73.913
622652 691610 65.1163
622652 611347 73.913
622652 103776 65.2174
622652 681072 62.2222
622652 1126 66.6667
622652 647068 60
622652 68888 76.1905
622652 622659 65.2174
622652 622695 61.9048
622652 12463 66.6667
622652 309699 60.8696
622652 209084 69.5652
622652 164614 75.5556
622652 695625 63.1579
622652 625421 70.8333
622652 683879 71.1111
622652 697780 62.1622
622652 74517 78.0488
622652 76699 63.1579
622652 642896 75.5556
622652 264045 66.6667
622652 658533 88
622652 638640 72.3404
622652 40484 65.3061
622652 667850 76.5957
622652 617316 60.4651
622652 672018 85.1064
622652 671880 62.5
622652 636935 61.2245
622652 111920 78.2609
622652 67476 72.3404
622652 658980 63.8298
622652 649428 65.3061
622652 38074 62.2222
622652 674552 65.2174
622652 602890 66.6667
622652 670182 60.8696
622652 7528 66.6667
622652 72288 60
622652 342024 80.9524
622652 31592 68.2927
622652 636095 69.3878
622652 617409 62.5
622652 100467 74.4186
622652 79447 72.3404
622652 651936 76.1905
622652 161601 73.913
622652 663620 75
622652 34632 65.3061
622652 663571 61.2245
622652 650783 66.6667
622652 45164 63.8298
622652 646001 61.2245
622652 697384 65.2174
622652 193517 74.4186
622652 60892 65.1163
622652 625487 61.7647
622652 43285 84.4444
622652 60734 66.6667
622652 67800 65
622652 15250 73.913
622652 667247 68.0851
622652 624856 78.0488
622652 43798 61.2245
622652 139785 65.2174
622652 670179 63.6364
622652 690590 79.1667
622652 650798 69.7674
622652 63055 71.1111
622652 187538 65.2174
622652 672441 73.913
622652 643480 66.6667
622652 20985 60.4651
622652 361456 60.4651
622652 292598 68.1818
622652 601362 68
622652 19055 69.7674
622652 663915 69.3878
622652 73248 72
622652 57548 61.2245
622652 30724 62.2222
622652 755 69.5652
622652 29851 78.2609
622652 278461 62.5
622652 624163 66.6667
622652 45463 61.1111
622652 668362 60.4651
622652 623832 70.8333
622652 62857 70
622652 609818 72
622652 113665 69.5652
622652 696224 68.1818
622652 671881 65.2174
622652 651218 65.3061
622652 130895 62.2222
622652 675215 73.913
622652 664970 65
622652 38243 63.6364
622652 326397 70.8333
622652 263770 71.1111
622652 685799 75
622652 82804 65.2174
622652 15130 73.913
622652 647019 60
622652 690586 75
622652 616811 75
622652 640230 69.3878
622652 64800 76
622652 634470 65.3061
622652 625483 61.7647
622652 684074 79.1667
622652 3110 64.8649
622652 676172 62.5
622652 69587 65.3061
622652 650634 69.5652
622652 625028 65
622652 624162 68
622652 84552 72.3404
622652 326651 79.1667
622652 633553 77.551
622652 680831 69.7674
622652 98431 68.1818
622652 154880 73.913
622652 311941 62.2222
622652 625186 64
622652 39362 72
622652 122640 80.8511
622652 661471 69.3878
622652 683892 70.8333
622652 174620 63.6364
622652 131312 65
622652 56148 66.6667
622652 752 66.6667
622652 677916 63.6364
622652 622644 73.4694
622652 663952 61.2245
622652 676949 61.7647
622652 602880 61.2245
622652 692011 79.1667
622652 646162 65
622652 102623 69.5652
622652 75516 60.8696
622652 660053 75
622652 71320 60.8696
622652 683722 68.2927
622652 58895 63.8298
622652 649441 61.2245
622652 59727 76.1905
622652 640902 62.963
622652 30723 62.2222
622652 663936 69.3878
622652 667749 62.2222
622652 677545 74.4186
622652 636946 61.2245
622652 630076 74.5098
622652 364989 68.1818
622652 63599 61.2245
622652 6396 69.3878
622652 71439 73.4694
622652 405084 64
622652 663576 65.3061
622652 339497 61.9048
622652 625027 72.7273
622652 690574 62.5
622652 628102 72
622652 13687 63.8298
622652 680482 73.913
622652 628495 62.069
622652 103998 63.8298
622652 86939 66.6667
622652 18894 61.5385
622652 41554 72
622652 278175 71.1111
622652 65248 71.7949
622652 663927 75
622652 691259 64.6154
622652 187521 68.0851
622652 662782 74.4186
622652 207835 76.5957
622652 18255 68.2927
622652 700591 62.6866
622652 409127 80.8511
622652 125185 61.5385
622652 86080 62.5
622652 634163 60.8696
622652 627222 78.2609
622652 675278 62.5
622652 639683 60
622652 649096 70.8333
622652 642604 69.3878
622652 684035 71.1111
622652 658818 81.6327
622652 670237 68.1818
622652 694315 65.2174
622652 646232 70.8333
622652 4867 60
622652 683725 70
622652 49512 83.3333
622652 609694 68.1818
622652 646166 63.6364
622652 681101 74.4186
622652 625482 61.7647
622652 521887 66.6667
622652 648928 78.2609
622652 1118 66.6667
622652 632917 75.5556
622652 667941 72.3404
622652 617627 61.1111
622652 611783 72
622652 674195 63.8298
622652 663549 75
622652 648929 83.3333
622652 635820 73.4694
622652 160451 75
622652 62009 69.3878
622652 4771 62.2222
622652 14787 68.2927
622652 644333 70.8333
622652 19984 60.8696
622652 603977 69.5652
622652 58978 65.1163
622652 70868 66.6667
622652 327982 80.9524
622652 634220 62.5
622652 624051 82.3529
622652 634775 70.8333
622652 60698 60.4651
622652 27116 61.9048
622652 82807 65.2174
622652 683723 66.6667
622652 60549 62.5
622652 79016 75
622652 670091 72.7273
622652 2775 72.3404
622652 646159 68.0851
622652 54128 61.2245
622652 643487 62.5
622652 619147 68
622652 672019 85.1064
622652 657843 60
622652 79006 62.2222
622652 264039 70.8333
622652 66688 76.5957
622652 41551 66.6667
622652 684038 72.3404
622652 634581 72
622652 34765 70.8333
622652 649097 80
622652 680494 66.6667
622652 56285 62.2222
622652 100139 61.9048
622652 157913 74.4186
622652 649092 85.1064
622652 147110 65.3061
622652 627011 84.4444
622652 634156 71.1111
622652 699206 76.5957
622652 65007 66.6667
622652 636947 61.2245
622652 638603 61.9048
622652 649427 65.3061
622652 23272 63.4146
622652 638636 69.7674
622652 625239 73.4694
622652 609695 62.5
622652 668856 60
622652 119877 72.3404
622652 685783 68.0851
622652 686667 72.3404
622652 193341 60.4651
622652 677917 71.1111
622652 55459 65.3061
622652 327445 72.7273
622652 66069 60
622652 632913 73.4694
622652 81549 61.9048
622652 79707 68.1818
622652 65987 60.4651
622652 51337 86.3636
622652 650643 74.4186
622652 647527 75
622652 663914 72.3404
622652 655039 63.4146
622652 632386 60
622652 627370 65.2174
622652 75707 72
622652 75518 68.1818
622652 632918 80.8511
622652 25397 62.5
622652 663947 62.5
622652 25413 68
622652 636086 73.4694
622652 665282 75
622652 26540 62.2222
622652 602913 70.8333
622652 79008 79.1667
622652 131090 62.5
622652 627066 65.2174
622652 64057 62.1622
622652 3609 79.0698
622652 617628 65.3061
622652 45956 61.5385
622652 663935 75.5556
622652 404698 62.2222
0 8
1 0
2 0
3 0
4 0
5 0
6 1
7 3
8 0
9 2
10 2
11 3
12 2
13 2
14 3
15 1
16 0
17 4
18 13
19 4
20 1
21 1
22 4
23 4
24 7
25 4
26 9
27 14
28 5
29 4
30 6
31 11
32 12
33 17
34 16
35 21
36 8
37 15
38 12
39 9
40 18
41 7
42 14
43 20
44 43
45 40
46 35
47 26
48 27
49 25
50 25
51 2
52 35
53 43
54 29
55 36
56 57
57 20
58 46
59 35
60 44
61 25
62 34
63 50
64 35
65 8
66 48
67 32
68 12
69 33
70 28
71 19
72 24
73 17
74 26
75 25
76 7
77 13
78 3
79 10
80 12
81 6
82 1
83 5
84 8
85 2
86 7
87 1
88 2
89 0
90 0
91 0
92 0
93 0
94 1
95 0
96 0
97 0
98 0
99 0
100 0
101 0
15
10800
