635
602908 625462 81.8182
602908 611545 71.1111
602908 683369 71.7949
602908 667068 65
602908 301197 61.9048
602908 657806 90
602908 616256 78.0488
602908 33610 78.2609
602908 681316 65.1163
602908 24711 71.4286
602908 623700 73.913
602908 626544 63.6364
602908 641997 78.2609
602908 664276 60.4651
602908 194315 69.7674
602908 655264 74.4186
602908 677514 68.2927
602908 630911 68.2927
602908 677513 82.9268
602908 617395 74.4186
602908 638686 66.6667
602908 628867 97.6744
602908 111180 65
602908 56501 69.7674
602908 679275 66.6667
602908 58579 70
602908 679579 88.3721
602908 405968 73.913
602908 66476 60.8696
602908 161621 71.4286
602908 124997 80
602908 624942 60.8696
602908 623635 80
602908 621888 76.1905
602908 652546 62.2222
602908 38468 74.4186
602908 656400 78.2609
602908 41356 76.1905
602908 623650 71.1111
602908 255115 69.7674
602908 664977 66.6667
602908 1163 80
602908 149987 60.4651
602908 625144 72.7273
602908 627074 66.6667
602908 646210 86.9565
602908 72286 78.2609
602908 73819 68.2927
602908 677434 70
602908 664284 81.8182
602908 56869 78.2609
602908 645038 63.4146
602908 688887 73.1707
602908 688343 73.1707
602908 256 80
602908 677507 73.1707
602908 55548 75.5556
602908 49210 77.2727
602908 646444 64.5161
602908 646203 78.2609
602908 641660 63.6364
602908 630915 74.4186
602908 257830 72.7273
602908 645978 91.3043
602908 215138 71.4286
602908 626954 95.2381
602908 630690 86.4865
602908 632952 87.8049
602908 658464 68.2927
602908 1168 80
602908 635034 67.8571
602908 364093 60.4651
602908 76006 69.5652
602908 43871 80.9524
602908 669273 68.2927
602908 649436 93.3333
602908 623991 80.9524
602908 87081 74.4186
602908 127964 81.8182
602908 644325 87.8049
602908 2743 72.7273
602908 638641 77.2727
602908 646164 83.7209
602908 636941 74.4186
602908 626865 76.9231
602908 382814 85.7143
602908 7760 63.4146
602908 160497 79.0698
602908 644432 93.3333
602908 679577 77.2727
602908 601307 66.6667
602908 4140 91.3043
602908 677510 79.0698
602908 600388 82.9268
602908 241173 76.9231
602908 625063 85.7143
602908 522408 83.7209
602908 625465 95.4545
602908 626947 63.1579
602908 229 69.5652
602908 59679 79.0698
602908 656392 78.2609
602908 659234 66.6667
602908 684792 69.7674
602908 647014 63.6364
602908 140665 97.561
602908 654113 95.4545
602908 118993 70.2703
602908 341865 71.1111
602908 629267 60
602908 120309 70
602908 663946 63.6364
602908 623992 80
602908 628999 97.561
602908 629009 95.4545
602908 640286 67.7419
602908 697943 90.9091
602908 658397 62.2222
602908 643729 69.5652
602908 620248 76.9231
602908 636790 70
602908 670183 81.8182
602908 36283 97.6744
602908 20122 63.6364
602908 133683 63.6364
602908 6957 61.5385
602908 641661 61.7647
602908 650981 87.8049
602908 5220 63.6364
602908 625471 85.7143
602908 645335 80.8511
602908 646436 64.5161
602908 627725 71.4286
602908 631597 66.6667
602908 700123 84.4444
602908 617683 65.2174
602908 667849 60.4651
602908 658787 64.5161
602908 220327 65.1163
602908 54855 91.3043
602908 619072 64.4068
602908 633868 66.6667
602908 1112 72.7273
602908 625412 78.2609
602908 622636 90.9091
602908 294110 90.4762
602908 641165 82.6087
602908 624842 65.1163
602908 637641 60.6061
602908 666530 87.8049
602908 30798 95.4545
602908 634135 72.7273
602908 84223 70.5882
602908 37752 86.9565
602908 657562 78.0488
602908 633890 93.3333
602908 42443 82.6087
602908 636921 74.4186
602908 83398 66.6667
602908 142693 64.8649
602908 626923 72.3404
602908 30131 80.8511
602908 16634 97.6744
602908 62778 60
602908 658698 84.4444
602908 629718 80
602908 404000 81.8182
602908 692599 76.1905
602908 656391 72.7273
602908 169105 93.0233
602908 651739 65.2174
602908 617363 84.4444
602908 677555 82.9268
602908 637434 71.1111
602908 639682 78.2609
602908 624349 80
602908 660421 80
602908 664853 73.1707
602908 102318 95.2381
602908 650211 65.2174
602908 66070 69.5652
602908 309708 64.7059
602908 651217 84.4444
602908 345650 68.1818
602908 59628 80
602908 74380 89.3617
602908 627383 91.3043
602908 670181 80
602908 685117 69.7674
602908 670149 82.9268
602908 661128 91.3043
602908 623701 70
602908 81669 81.8182
602908 650625 71.4286
602908 67594 75.5556
602908 636993 73.913
602908 54833 71.1111
602908 30152 66.6667
602908 639472 61.7647
602908 634306 82.6087
602908 658487 63.6364
602908 158037 76.1905
602908 64013 82.9268
602908 630692 78.2609
602908 97219 81.8182
602908 639772 66.6667
602908 54829 71.4286
602908 650624 80
602908 87059 60.4651
602908 43026 84.4444
602908 52350 75.5556
602908 365560 60.4651
602908 186233 72.7273
602908 338205 65.1163
602908 650064 65.625
602908 645542 66.6667
602908 48911 70.2703
602908 116805 61.9048
602908 627507 62.8571
602908 646440 62.5
602908 7636 82.9268
602908 102851 86.3636
602908 628265 95.2381
602908 25952 90.9091
602908 624987 74.4186
602908 624671 70.2703
602908 38253 70
602908 639681 78.2609
602908 645129 61.7647
602908 638534 60.8696
602908 55342 79.0698
602908 657817 93.0233
602908 647645 64.5161
602908 656390 73.913
602908 633174 76.5957
602908 672208 74.4186
602908 657811 78.2609
602908 634171 78.2609
602908 611078 75
602908 96461 80.9524
602908 626100 69.7674
602908 400230 78.9474
602908 625795 86.9565
602908 9659 63.4146
602908 660640 87.8049
602908 625469 81.8182
602908 675282 61.7647
602908 657840 86.9565
602908 625042 82.6087
602908 651220 88.8889
602908 665536 60.8696
602908 692226 66.6667
602908 679281 65
602908 128160 95.2381
602908 600059 61.1111
602908 641699 60.6061
602908 43870 80.9524
602908 180 92.6829
602908 690415 65.1163
602908 633011 69.2308
602908 382815 81.8182
602908 656386 81.8182
602908 116539 76.1905
602908 646645 65.2174
602908 634714 86.9565
602908 646707 91.3043
602908 635960 79.0698
602908 658776 72.7273
602908 369774 95.4545
602908 609067 70.3704
602908 1986 85.7143
602908 694105 77.2727
602908 677512 76.9231
602908 627435 86.4865
602908 2750 60
602908 116363 81.8182
602908 47695 83.7209
602908 72089 66.6667
602908 651737 65.2174
602908 650609 84.4444
602908 686466 63.4146
602908 644273 82.0513
602908 685298 63.4146
602908 646910 60
602908 291305 93.0233
602908 691610 61.5385
602908 636784 80
602908 625015 60.4651
602908 647068 78.2609
602908 677920 80
602908 148519 68.5714
602908 12463 68.1818
602908 309699 76.1905
602908 617368 70
602908 209084 76.1905
602908 631315 85.7143
602908 164614 63.4146
602908 675186 63.6364
602908 659342 78.2609
602908 695625 75.4717
602908 680715 87.8049
602908 625421 68.1818
602908 646165 84.4444
602908 138305 82.0513
602908 616232 72.7273
602908 642896 63.4146
602908 647643 61.7647
602908 666665 77.2727
602908 656387 78.2609
602908 638640 69.7674
602908 73166 80
602908 40484 66.6667
602908 624535 82.6087
602908 617316 76.9231
602908 672018 60.4651
602908 8512 88.3721
602908 636935 71.1111
602908 111920 66.6667
602908 67476 60.4651
602908 53183 78.2609
602908 658980 65.1163
602908 31976 76.1905
602908 649428 71.1111
602908 404827 66.6667
602908 160587 69.7674
602908 679825 73.6842
602908 654114 81.8182
602908 670182 80.9524
602908 84227 64.8649
602908 72288 78.2609
602908 636095 71.1111
602908 665553 86.3636
602908 68955 78.0488
602908 659015 60
602908 617409 86.3636
602908 631128 86.9565
602908 636943 84.4444
602908 34632 71.1111
602908 294731 78.0488
602908 631648 80
602908 623636 83.7209
602908 663571 71.1111
602908 650783 72.7273
602908 45164 83.7209
602908 326172 61.9048
602908 8774 95.4545
602908 646001 80
602908 697384 80.9524
602908 691995 64.5161
602908 637493 61.7647
602908 689210 88.8889
602908 627226 82.9268
602908 657803 90.9091
602908 629474 90.4762
602908 136135 79.0698
602908 667247 69.7674
602908 43798 71.1111
602908 634293 72.7273
602908 631630 88.8889
602908 191990 74.4186
602908 63862 90.9091
602908 670179 80
602908 637642 60.6061
602908 634151 83.3333
602908 63055 68.2927
602908 672441 71.4286
602908 624961 68.1818
602908 20985 82.0513
602908 650616 86.3636
602908 633879 95.4545
602908 6365 66.6667
602908 601362 73.913
602908 666432 93.3333
602908 676419 60
602908 663915 71.1111
602908 364202 80.9524
602908 662187 79.0698
602908 627436 97.561
602908 73248 69.5652
602908 628244 85.1064
602908 677516 88.3721
602908 647644 61.7647
602908 30724 63.4146
602908 29851 66.6667
602908 644297 70
602908 650608 64.8649
602908 278461 81.8182
602908 624163 77.2727
602908 693434 76.1905
602908 8120 81.8182
602908 690393 67.7966
602908 668362 76.9231
602908 663585 93.3333
602908 623832 72.7273
602908 687813 62.6866
602908 231338 66.6667
602908 624231 62.069
602908 609818 65.2174
602908 657836 81.8182
602908 696224 70
602908 651218 84.4444
602908 650610 88.3721
602908 657805 90
602908 650611 68.2927
602908 629037 74.4186
602908 38243 70
602908 634139 60
602908 627708 60
602908 616811 63.6364
602908 174612 71.4286
602908 640230 71.1111
602908 634470 75.5556
602908 632227 68.4211
602908 647646 64.5161
602908 672960 87.8049
602908 640890 81.6327
602908 628996 86.9565
602908 650634 71.4286
602908 625028 61.1111
602908 624162 73.913
602908 670148 95.4545
602908 628296 71.7949
602908 84552 74.4186
602908 651324 84.4444
602908 98431 65
602908 664941 64.6154
602908 311941 82.9268
602908 57598 61.5385
602908 625186 82.6087
602908 641698 60.6061
602908 39362 69.5652
602908 637646 66.6667
602908 122640 60.4651
602908 661471 66.6667
602908 683892 72.7273
602908 83653 71.1111
602908 625464 85.7143
602908 651735 65.2174
602908 174620 80
602908 677915 70.2703
602908 131312 66.6667
602908 56148 72.7273
602908 295156 92.3077
602908 638129 91.3043
602908 677916 70
602908 622644 71.1111
602908 656393 73.913
602908 663952 66.6667
602908 645124 63.6364
602908 602880 62.2222
602908 660053 63.6364
602908 71320 76.1905
602908 63911 81.8182
602908 58895 79.0698
602908 26154 78.9474
602908 649441 80
602908 66479 70.2703
602908 695218 74.4186
602908 640902 72
602908 641654 61.7647
602908 30723 63.4146
602908 638174 80
602908 664269 68.2927
602908 694951 63.4146
602908 663936 71.1111
602908 677545 66.6667
602908 636946 71.1111
602908 630076 68.0851
602908 693424 87.1795
602908 71439 71.1111
602908 405084 69.5652
602908 663576 71.1111
602908 339497 63.1579
602908 174655 61.9048
602908 645098 68.8525
602908 638851 87.8049
602908 628102 69.5652
602908 29232 63.4146
602908 13687 69.7674
602908 109999 66.6667
602908 680482 61.9048
602908 666436 93.3333
602908 82166 68.2927
602908 609819 80
602908 613239 72.7273
602908 301196 65
602908 625064 81.8182
602908 628495 70.3704
602908 667470 83.7209
602908 103998 60.4651
602908 86939 63.4146
602908 18894 62.8571
602908 41554 69.5652
602908 278175 68.2927
602908 691259 62.2951
602908 614939 60.8696
602908 40725 76.1905
602908 662782 66.6667
602908 18255 70.2703
602908 700591 60.3175
602908 624960 68.1818
602908 86080 72.7273
602908 624006 83.7209
602908 636118 78.2609
602908 634163 80.9524
602908 34551 88.8889
602908 639683 78.2609
602908 649096 68.1818
602908 642604 80
602908 642788 81.0811
602908 105373 82.9268
602908 694315 66.6667
602908 1026 82.0513
602908 624331 69.5652
602908 646232 68.1818
602908 95102 69.7674
602908 10121 95.4545
602908 4867 73.913
602908 58104 90.9091
602908 667276 83.7209
602908 636942 84.4444
602908 625468 86.9565
602908 23609 71.4286
602908 630262 86.9565
602908 662773 68.4211
602908 646166 75
602908 521887 78.0488
602908 666115 66.6667
602908 1118 68.4211
602908 644932 83.7209
602908 55876 95.4545
602908 674195 79.0698
602908 647355 86.9565
602908 648929 63.6364
602908 348706 79.0698
602908 202930 66.6667
602908 3124 76.9231
602908 62009 75.5556
602908 636929 74.4186
602908 4771 68.2927
602908 644333 72.7273
602908 295435 76.1905
602908 19984 76.1905
602908 603977 71.4286
602908 616278 90.4762
602908 624051 63.8298
602908 634775 63.6364
602908 60698 66.6667
602908 27116 78.9474
602908 633900 82.6087
602908 79016 63.6364
602908 617633 69.7674
602908 2775 69.7674
602908 646159 74.4186
602908 609820 80
602908 54128 71.1111
602908 631808 85.7143
602908 619147 65.2174
602908 636326 90.4762
602908 672019 60.4651
602908 657843 86.9565
602908 294107 73.6842
602908 331770 83.7209
602908 639767 65.4545
602908 646207 90.9091
602908 617398 75.5556
602908 66688 65.1163
602908 285113 82.9268
602908 634581 65.2174
602908 34765 63.6364
602908 649097 65.2174
602908 680494 72.7273
602908 13009 60.4651
602908 301199 61.9048
602908 157913 66.6667
602908 147110 80
602908 58580 79.0698
602908 699206 65.1163
602908 636947 71.1111
602908 638603 63.1579
602908 609248 93.0233
602908 87254 76.1905
602908 649427 71.1111
602908 624575 60
602908 615011 81.8182
602908 638636 61.5385
602908 625239 62.2222
602908 119877 60.4651
602908 685783 60.4651
602908 615299 75.5556
602908 193341 61.5385
602908 637643 60.6061
602908 677917 73.1707
602908 291534 68.1818
602908 56357 85.7143
602908 163501 65.1163
602908 624003 93.3333
602908 327445 60
602908 58030 89.3617
602908 66069 78.2609
602908 81549 68.4211
602908 644871 84.4444
602908 79707 75
602908 649424 80
602908 681679 62.6866
602908 2741 66.6667
602908 663914 69.7674
602908 626580 60
602908 56470 86.3636
602908 632386 86.9565
602908 638521 61.7647
602908 75707 65.2174
602908 612049 66.6667
602908 140121 77.2727
602908 25397 81.8182
602908 41355 76.1905
602908 649044 93.3333
602908 636086 66.6667
602908 665282 63.6364
602908 630691 81.8182
602908 131090 81.8182
602908 646438 64.5161
602908 659301 82.6087
602908 15193 76.1905
602908 615985 61.7647
602908 627066 71.4286
602908 641697 60.6061
602908 620336 63.1579
602908 679283 61.9048
602908 617628 71.1111
602908 617406 71.1111
602908 628979 93.3333
602908 663935 63.4146
602908 634241 90.4762
602908 404698 68.2927
0 13
1 0
2 0
3 0
4 0
5 0
6 1
7 0
8 0
9 0
10 3
11 5
12 2
13 3
14 2
15 10
16 3
17 5
18 0
19 4
20 9
21 1
22 9
23 8
24 11
25 12
26 7
27 2
28 16
29 21
30 18
31 15
32 21
33 18
34 13
35 15
36 19
37 21
38 11
39 16
40 18
41 11
42 21
43 24
44 16
45 19
46 17
47 20
48 34
49 16
50 30
51 3
52 17
53 24
54 30
55 27
56 13
57 21
58 28
59 13
60 33
61 27
62 24
63 11
64 35
65 18
66 22
67 35
68 3
69 27
70 36
71 9
72 39
73 19
74 15
75 18
76 8
77 24
78 7
79 29
80 37
81 10
82 23
83 22
84 11
85 12
86 9
87 19
88 9
89 8
90 4
91 12
92 7
93 2
94 13
95 0
96 14
97 0
98 6
99 0
100 0
101 0
11
11166
