404
116805 70868 86.3636
116805 634775 77.2727
116805 79707 75
116805 649096 81.8182
116805 685298 68.2927
116805 672441 76.1905
116805 627370 66.6667
116805 7760 73.1707
116805 617683 73.913
116805 651217 75.5556
116805 659234 75.5556
116805 215132 71.4286
116805 658397 75.5556
116805 215138 71.4286
116805 172262 79.0698
116805 27116 68.4211
116805 638702 72.7273
116805 634614 71.7949
116805 30131 72.3404
116805 663946 77.2727
116805 207835 69.7674
116805 617363 75.5556
116805 677514 78.0488
116805 632913 71.1111
116805 1026 76.9231
116805 674195 79.0698
116805 7528 68.1818
116805 130895 73.1707
116805 678398 68.2927
116805 521887 68.2927
116805 338235 79.0698
116805 621888 76.1905
116805 663571 71.1111
116805 66489 76.1905
116805 626923 68.0851
116805 370393 71.4286
116805 625196 66.6667
116805 125185 68.5714
116805 72089 71.1111
116805 295435 71.4286
116805 619147 78.2609
116805 55459 66.6667
116805 685117 69.7674
116805 686264 68.2927
116805 160451 72.7273
116805 153353 70
116805 677916 80
116805 299385 68.1818
116805 630689 70.2703
116805 635171 68.1818
116805 677506 76.9231
116805 617316 76.9231
116805 640191 74.4186
116805 688342 73.1707
116805 658772 72.7273
116805 667246 69.7674
116805 38074 68.2927
116805 629036 70
116805 16448 74.4186
116805 649422 66.6667
116805 136014 68.2927
116805 610998 70.3704
116805 660421 80
116805 658776 72.7273
116805 658501 68.1818
116805 664269 78.0488
116805 68347 77.7778
116805 31539 71.1111
116805 646165 75.5556
116805 68955 68.2927
116805 42443 69.5652
116805 349946 66.6667
116805 626544 68.1818
116805 404698 78.0488
116805 18894 74.2857
116805 667760 68.2927
116805 56338 69.7674
116805 55887 78.0488
116805 683715 71.4286
116805 677513 73.1707
116805 58979 66.6667
116805 641764 78.9474
116805 625813 66.6667
116805 54256 66.6667
116805 252044 66.6667
116805 2775 74.4186
116805 133865 66.6667
116805 643471 71.4286
116805 638686 76.1905
116805 102619 66.6667
116805 677915 75.6757
116805 680519 68.2927
116805 96461 76.1905
116805 660227 75.5556
116805 3846 73.913
116805 611347 76.1905
116805 97219 72.7273
116805 663947 72.7273
116805 677555 73.1707
116805 56470 72.7273
116805 692226 66.6667
116805 87081 74.4186
116805 34765 72.7273
116805 662156 69.7674
116805 655264 74.4186
116805 663549 68.1818
116805 634219 86.3636
116805 160497 79.0698
116805 128701 75
116805 629718 70
116805 634220 90.9091
116805 638636 71.7949
116805 131090 68.1818
116805 609818 69.5652
116805 21412 71.7949
116805 5729 76.1905
116805 607167 68.1818
116805 113665 71.4286
116805 634156 73.1707
116805 86939 78.0488
116805 6396 66.6667
116805 158910 71.4286
116805 658309 66.6667
116805 81549 68.4211
116805 636326 66.6667
116805 100467 71.7949
116805 680482 80.9524
116805 676737 66.6667
116805 670183 72.7273
116805 33377 71.4286
116805 611078 80
116805 670248 69.7674
116805 667851 68.2927
116805 643485 68.4211
116805 645038 73.1707
116805 641763 69.7674
116805 29232 68.2927
116805 63055 78.0488
116805 645037 73.1707
116805 154741 71.4286
116805 653050 77.2727
116805 110344 75
116805 655263 78.0488
116805 643480 68.4211
116805 285113 73.1707
116805 634175 75.5556
116805 257830 68.1818
116805 116523 72.7273
116805 328442 70
116805 690589 72.7273
116805 114022 75.6757
116805 51867 70
116805 631315 71.4286
116805 609819 75
116805 694105 72.7273
116805 680494 72.7273
116805 24711 80.9524
116805 41356 71.4286
116805 663927 77.2727
116805 658980 69.7674
116805 150952 74.4186
116805 84227 75.6757
116805 697384 76.1905
116805 681101 76.9231
116805 667247 69.7674
116805 646164 74.4186
116805 361456 66.6667
116805 623635 71.1111
116805 658487 77.2727
116805 646159 69.7674
116805 650037 68.1818
116805 677512 71.7949
116805 660053 77.2727
116805 632917 68.2927
116805 252048 73.1707
116805 48911 70.2703
116805 637434 71.1111
116805 194296 68.5714
116805 690590 68.1818
116805 364202 76.1905
116805 612765 66.6667
116805 634470 75.5556
116805 409962 72.7273
116805 664001 71.7949
116805 680857 76.9231
116805 669986 78.0488
116805 64118 71.4286
116805 45914 71.1111
116805 625028 66.6667
116805 662876 66.6667
116805 663589 77.2727
116805 601821 66.6667
116805 661465 93.0233
116805 100649 75
116805 70716 66.6667
116805 26245 70
116805 20985 66.6667
116805 202930 66.6667
116805 631648 66.6667
116805 639963 71.7949
116805 683892 77.2727
116805 73166 70
116805 645335 72.3404
116805 55456 66.6667
116805 66479 70.2703
116805 664977 71.4286
116805 617628 66.6667
116805 611545 75.5556
116805 663921 82.0513
116805 56497 69.5652
116805 625027 80
116805 634303 73.913
116805 286680 66.6667
116805 672018 74.4186
116805 382814 66.6667
116805 657809 73.913
116805 634616 75
116805 64013 78.0488
116805 38231 79.0698
116805 44675 71.4286
116805 270531 66.6667
116805 630690 70.2703
116805 79447 74.4186
116805 634193 80.9524
116805 67437 73.913
116805 659975 77.2727
116805 122751 80.9524
116805 653048 76.1905
116805 651218 75.5556
116805 4771 78.0488
116805 116363 68.1818
116805 635960 69.7674
116805 371296 70
116805 657843 73.913
116805 58895 83.7209
116805 102624 76.1905
116805 636086 66.6667
116805 628495 70.3704
116805 649441 75.5556
116805 10549 72.7273
116805 512913 74.4186
116805 42080 73.6842
116805 69587 80
116805 663914 83.7209
116805 405968 78.2609
116805 625659 69.5652
116805 665282 81.8182
116805 169105 69.7674
116805 103998 74.4186
116805 695625 71.6981
116805 648928 71.4286
116805 633174 76.5957
116805 75518 70
116805 12463 72.7273
116805 382815 68.1818
116805 63911 68.1818
116805 133683 72.7273
116805 633868 76.1905
116805 220327 69.7674
116805 640645 66.6667
116805 663936 80
116805 174620 75
116805 617629 72.7273
116805 636095 66.6667
116805 625421 72.7273
116805 670091 75
116805 164614 73.1707
116805 602889 71.4286
116805 686466 68.2927
116805 167881 66.6667
116805 622145 66.6667
116805 345650 77.2727
116805 625239 66.6667
116805 613239 72.7273
116805 97327 69.7674
116805 646168 72.7273
116805 658774 68.1818
116805 284701 72.7273
116805 605469 66.6667
116805 635968 73.1707
116805 73819 68.2927
116805 52350 66.6667
116805 657812 73.913
116805 646162 72.2222
116805 666530 68.2927
116805 630915 74.4186
116805 651590 82.0513
116805 658782 70
116805 694951 78.0488
116805 641165 69.5652
116805 119877 69.7674
116805 328820 70.2703
116805 667849 69.7674
116805 627226 68.2927
116805 627066 66.6667
116805 371727 79.0698
116805 617409 77.2727
116805 149987 69.7674
116805 658779 68.2927
116805 62009 75.5556
116805 637006 71.1111
116805 56148 81.8182
116805 647068 69.5652
116805 101655 66.6667
116805 672019 74.4186
116805 664853 87.8049
116805 609820 75
116805 43798 66.6667
116805 194315 69.7674
116805 656987 66.6667
116805 278461 77.2727
116805 620248 76.9231
116805 634171 78.2609
116805 635034 67.8571
116805 57598 66.6667
116805 691613 78.0488
116805 696224 70
116805 7636 68.2927
116805 255115 69.7674
116805 601307 66.6667
116805 57548 66.6667
116805 681072 78.0488
116805 30152 66.6667
116805 647334 66.6667
116805 99871 71.7949
116805 404827 66.6667
116805 306735 68.2927
116805 668362 76.9231
116805 115006 71.4286
116805 682811 66.6667
116805 339497 78.9474
116805 643470 72.7273
116805 297577 68.1818
116805 666728 66.6667
116805 685303 74.4186
116805 56450 75.5556
116805 347504 73.1707
116805 695218 74.4186
116805 677917 78.0488
116805 649690 78.0488
116805 609816 75.6757
116805 629374 71.1111
116805 102851 77.2727
116805 698558 66.6667
116805 263770 73.1707
116805 266126 73.1707
116805 43870 76.1905
116805 629424 78.2609
116805 638641 72.7273
116805 60734 68.1818
116805 699206 69.7674
116805 25397 72.7273
116805 19055 66.6667
116805 56285 73.1707
116805 120309 75
116805 640902 68
116805 5553 68.2927
116805 41355 71.4286
116805 663935 87.8049
116805 81756 68.4211
116805 56138 72.7273
116805 680466 68.2927
116805 26154 78.9474
116805 663951 86.3636
116805 74468 78.0488
116805 600388 68.2927
116805 5220 68.1818
116805 624987 74.4186
116805 646001 80
116805 643487 72.7273
116805 623832 77.2727
116805 71439 80
116805 634306 73.913
116805 629494 69.7674
116805 142693 75.6757
116805 632227 68.4211
116805 675215 80.9524
116805 839 70
116805 84552 74.4186
116805 625109 72.7273
116805 362133 66.6667
116805 163661 66.6667
116805 631956 68.1818
116805 683369 76.9231
116805 38248 75
116805 66688 74.4186
116805 623650 75.5556
116805 20121 68.1818
116805 98431 80
116805 679449 80.9524
116805 344522 68.1818
116805 31976 71.4286
116805 80747 70
116805 131312 77.7778
116805 649424 66.6667
116805 622636 68.1818
116805 102623 71.4286
116805 405554 77.2727
116805 645334 66.6667
116805 51143 68.4211
116805 645089 77.2727
116805 644333 72.7273
116805 371717 66.6667
116805 659274 68.1818
0 4
1 0
2 0
3 0
4 0
5 0
6 0
7 0
8 0
9 0
10 0
11 1
12 0
13 0
14 4
15 5
16 4
17 2
18 8
19 4
20 3
21 8
22 18
23 3
24 7
25 13
26 6
27 12
28 10
29 6
30 18
31 6
32 8
33 7
34 10
35 8
36 4
37 5
38 10
39 12
40 13
41 7
42 13
43 19
44 20
45 13
46 15
47 6
48 24
49 32
50 36
51 3
52 23
53 38
54 28
55 47
56 33
57 40
58 69
59 28
60 62
61 41
62 59
63 16
64 38
65 22
66 41
67 57
68 2
69 55
70 40
71 7
72 39
73 32
74 25
75 30
76 19
77 22
78 18
79 23
80 15
81 6
82 3
83 2
84 2
85 0
86 0
87 3
88 2
89 0
90 0
91 1
92 0
93 0
94 1
95 0
96 0
97 0
98 0
99 0
100 0
101 0
15
11295
