650
24833 622652 72.7273
24833 2765 65
24833 681316 63.4146
24833 24711 75
24833 626544 61.9048
24833 656987 85
24833 639840 80
24833 641997 63.6364
24833 664276 73.1707
24833 194315 78.0488
24833 655264 73.1707
24833 677514 82.0513
24833 630911 71.7949
24833 677513 66.6667
24833 638686 80
24833 56501 63.4146
24833 679275 60
24833 638702 71.4286
24833 358737 70.2703
24833 664543 80
24833 405968 77.2727
24833 670248 82.9268
24833 66476 81.8182
24833 409962 66.6667
24833 659438 78.0488
24833 124997 68.4211
24833 133865 70
24833 658498 84.2105
24833 624942 81.8182
24833 680857 70.2703
24833 623635 69.7674
24833 621888 75
24833 73198 62.8571
24833 38468 73.1707
24833 656400 63.6364
24833 41356 65
24833 623650 60.4651
24833 161609 66.6667
24833 255115 78.0488
24833 77845 70.2703
24833 664977 80
24833 149987 82.9268
24833 635050 61.9048
24833 72286 68.1818
24833 73819 71.7949
24833 663780 83.7209
24833 664284 66.6667
24833 56869 68.1818
24833 645038 82.0513
24833 193514 74.2857
24833 653048 70
24833 677507 66.6667
24833 49210 66.6667
24833 643470 80.9524
24833 646444 63.3333
24833 36921 68.1818
24833 630915 68.2927
24833 257830 80.9524
24833 215138 80
24833 630690 62.8571
24833 676737 60
24833 658464 66.6667
24833 635034 66.6667
24833 364093 68.2927
24833 137470 80.9524
24833 4419 61.5385
24833 76006 81.8182
24833 43871 75
24833 87081 78.0488
24833 127964 66.6667
24833 26707 76.1905
24833 269613 73.1707
24833 638641 71.4286
24833 45914 65.1163
24833 646164 68.2927
24833 42030 64.8649
24833 636941 63.4146
24833 622694 68.4211
24833 382814 70
24833 629118 68.1818
24833 13506 70.2703
24833 667940 73.1707
24833 7760 87.1795
24833 160497 63.4146
24833 658774 71.4286
24833 690569 80
24833 601307 85
24833 51867 73.6842
24833 643472 65.1163
24833 677510 63.4146
24833 600388 71.7949
24833 674329 70.2703
24833 241173 75.6757
24833 522408 73.1707
24833 103805 70.2703
24833 690691 74.2857
24833 372154 78.9474
24833 59679 73.1707
24833 656392 63.6364
24833 659234 79.0698
24833 684792 82.9268
24833 630640 75.6757
24833 643495 65
24833 118993 80
24833 341865 60.4651
24833 101655 80
24833 120309 78.9474
24833 663946 80.9524
24833 57048 70
24833 661463 64.7059
24833 79007 65
24833 658397 83.7209
24833 643729 68.1818
24833 620248 75.6757
24833 670183 71.4286
24833 20122 76.1905
24833 133683 76.1905
24833 6957 70.2703
24833 677504 68.2927
24833 5220 61.9048
24833 31539 65.1163
24833 371717 70
24833 645335 62.2222
24833 353871 66.6667
24833 627725 65
24833 617683 72.7273
24833 667849 68.2927
24833 658787 63.3333
24833 220327 63.4146
24833 149965 71.7949
24833 678398 76.9231
24833 619072 66.6667
24833 633868 75
24833 372360 66.6667
24833 622636 61.9048
24833 641165 63.6364
24833 607167 66.6667
24833 624842 78.0488
24833 49348 62.8571
24833 677501 68.2927
24833 98696 68.2927
24833 666530 66.6667
24833 76010 90
24833 344521 71.4286
24833 37752 68.1818
24833 42443 68.1818
24833 602889 80
24833 643485 83.3333
24833 636921 63.4146
24833 83398 85
24833 629374 83.7209
24833 115006 80
24833 142693 80
24833 626923 80
24833 30131 75.5556
24833 66489 90
24833 629718 68.4211
24833 656391 61.9048
24833 658501 76.1905
24833 169105 63.4146
24833 617363 69.7674
24833 677555 66.6667
24833 637434 79.0698
24833 639682 72.7273
24833 660421 69.7674
24833 664853 82.0513
24833 650037 71.4286
24833 663921 86.4865
24833 66070 68.1818
24833 309708 81.25
24833 651217 74.4186
24833 345650 80.9524
24833 659122 88.3721
24833 59628 74.4186
24833 627383 63.6364
24833 76031 61.1111
24833 685117 87.8049
24833 670149 66.6667
24833 643468 73.6842
24833 81669 71.4286
24833 1390 80
24833 67594 69.7674
24833 677503 68.2927
24833 54833 65.1163
24833 266126 87.1795
24833 680828 71.4286
24833 634306 68.1818
24833 653050 61.9048
24833 675279 66.6667
24833 193513 77.7778
24833 658487 80.9524
24833 64013 71.7949
24833 97219 71.4286
24833 163508 71.7949
24833 54829 80
24833 687618 65
24833 679482 74.2857
24833 87059 78.0488
24833 43026 65.1163
24833 52350 60.4651
24833 67609 87.8049
24833 4926 64.8649
24833 365560 68.2927
24833 641764 88.8889
24833 186233 61.9048
24833 338205 63.4146
24833 667944 78.0488
24833 48911 62.8571
24833 66068 71.7949
24833 116805 85
24833 179790 68.5714
24833 658309 80
24833 370399 60
24833 164774 85
24833 656084 68.2927
24833 677554 68.2927
24833 177950 61.9048
24833 4120 66.6667
24833 646440 61.2903
24833 7636 71.7949
24833 102851 71.4286
24833 14549 63.4146
24833 43395 66.6667
24833 643475 66.6667
24833 4767 60
24833 624987 68.2927
24833 38253 73.6842
24833 639681 72.7273
24833 55342 68.2927
24833 650753 64.5161
24833 667760 76.9231
24833 633174 75.5556
24833 632920 64.8649
24833 634219 80.9524
24833 667851 71.7949
24833 690579 80.9524
24833 657811 77.2727
24833 634171 77.2727
24833 674553 66.6667
24833 611078 68.4211
24833 96461 75
24833 400230 72.2222
24833 664551 86.4865
24833 36603 84.2105
24833 634616 63.1579
24833 9659 87.1795
24833 193521 75.6757
24833 668523 71.7949
24833 56338 63.4146
24833 651220 60.4651
24833 372155 85
24833 692226 64.7059
24833 229540 68.2927
24833 43870 75
24833 66296 63.1579
24833 690415 82.9268
24833 686465 70
24833 382815 66.6667
24833 53376 66.6667
24833 26346 68.2927
24833 33377 75
24833 646645 77.2727
24833 116523 85.7143
24833 646707 63.6364
24833 635960 73.1707
24833 658776 66.6667
24833 609067 69.2308
24833 643467 64.7059
24833 690578 71.4286
24833 694105 76.1905
24833 677512 70.2703
24833 627435 62.8571
24833 116363 66.6667
24833 47695 73.1707
24833 4436 71.1111
24833 136014 66.6667
24833 72089 74.4186
24833 675585 70
24833 158910 80
24833 686466 66.6667
24833 615123 77.2727
24833 297577 76.1905
24833 685298 87.1795
24833 291305 63.4146
24833 691610 81.0811
24833 611347 85
24833 103776 65
24833 625015 78.0488
24833 681072 76.9231
24833 647068 68.1818
24833 68888 72.2222
24833 622659 70
24833 622695 66.6667
24833 677920 68.4211
24833 12463 80.9524
24833 209084 70
24833 631315 65
24833 164614 87.1795
24833 695625 70.5882
24833 130085 63.4146
24833 625421 71.4286
24833 683879 66.6667
24833 646165 65.1163
24833 74517 62.8571
24833 76699 81.25
24833 642896 87.1795
24833 627368 71.4286
24833 264045 76.1905
24833 658533 77.2727
24833 638640 82.9268
24833 73166 68.4211
24833 667850 78.0488
24833 617316 70.2703
24833 643493 61.1111
24833 672018 82.9268
24833 671880 61.9048
24833 636935 69.7674
24833 67476 92.6829
24833 53183 63.6364
24833 658980 78.0488
24833 31976 65
24833 649428 65.1163
24833 404827 70.2703
24833 38074 61.5385
24833 150501 66.6667
24833 674552 70
24833 602890 82.0513
24833 7528 80.9524
24833 84227 68.5714
24833 72288 68.1818
24833 342024 66.6667
24833 31592 80
24833 636095 60.4651
24833 68955 71.7949
24833 617409 71.4286
24833 100467 75.6757
24833 682813 66.6667
24833 79447 78.0488
24833 161601 60
24833 663620 85.7143
24833 636943 60.4651
24833 34632 65.1163
24833 82806 71.4286
24833 631648 65.1163
24833 663571 65.1163
24833 45164 63.4146
24833 326172 65
24833 643478 64.8649
24833 646001 69.7674
24833 697384 75
24833 328820 62.8571
24833 193517 81.0811
24833 43285 71.7949
24833 60734 85.7143
24833 627226 66.6667
24833 629474 60
24833 60530 66.6667
24833 667247 78.0488
24833 624856 68.5714
24833 43798 69.7674
24833 631630 60.4651
24833 225122 66.6667
24833 139785 75
24833 690590 85.7143
24833 63055 82.0513
24833 672441 80
24833 141014 66.6667
24833 643480 83.3333
24833 20985 70.2703
24833 252044 70.2703
24833 361456 75.6757
24833 601362 77.2727
24833 19055 91.8919
24833 663915 79.0698
24833 57547 61.5385
24833 364202 70
24833 662156 73.1707
24833 73248 77.2727
24833 677516 63.4146
24833 57548 65.1163
24833 30724 71.7949
24833 755 75
24833 29851 75
24833 644297 63.1579
24833 278461 71.4286
24833 45463 60
24833 690393 66.6667
24833 668362 75.6757
24833 623832 80.9524
24833 62857 70.5882
24833 609818 81.8182
24833 113665 85
24833 696224 68.4211
24833 671881 65
24833 651218 74.4186
24833 130895 71.7949
24833 686665 70
24833 675215 85
24833 664970 64.7059
24833 38243 73.6842
24833 326397 80.9524
24833 263770 87.1795
24833 685799 71.4286
24833 82804 80
24833 15130 75
24833 690586 80.9524
24833 616811 85.7143
24833 640230 60.4651
24833 64800 77.2727
24833 634470 74.4186
24833 632227 61.1111
24833 684074 66.6667
24833 680708 72.2222
24833 676172 76.1905
24833 672960 66.6667
24833 69587 74.4186
24833 625028 76.4706
24833 58511 72.2222
24833 84552 68.2927
24833 326651 71.4286
24833 633553 60.4651
24833 680831 75.6757
24833 651324 60.4651
24833 98431 78.9474
24833 122381 77.7778
24833 154880 85
24833 39362 68.1818
24833 122640 68.2927
24833 661471 79.0698
24833 683892 85.7143
24833 83653 60.4651
24833 55456 69.7674
24833 135284 64.8649
24833 174620 73.6842
24833 38255 63.6364
24833 677915 68.5714
24833 131312 76.4706
24833 56148 80.9524
24833 752 71.4286
24833 45410 62.069
24833 677916 73.6842
24833 622644 74.4186
24833 669986 66.6667
24833 663952 79.0698
24833 632919 64.8649
24833 602880 69.7674
24833 692011 85.7143
24833 646162 64.7059
24833 641530 61.2903
24833 680466 71.7949
24833 102623 80
24833 75516 80
24833 686664 68.2927
24833 660053 80.9524
24833 71320 70
24833 683722 68.5714
24833 63911 66.6667
24833 58895 73.1707
24833 26154 72.2222
24833 649441 69.7674
24833 59727 94.4444
24833 66479 74.2857
24833 695218 63.4146
24833 640902 70.8333
24833 30723 71.7949
24833 664269 66.6667
24833 694951 66.6667
24833 663936 79.0698
24833 762 64.7059
24833 667749 71.7949
24833 636946 69.7674
24833 7967 65
24833 630076 62.2222
24833 364989 78.9474
24833 63599 69.7674
24833 6396 74.4186
24833 71439 83.7209
24833 405084 72.7273
24833 663576 65.1163
24833 339497 72.2222
24833 625027 84.2105
24833 40593 64.8649
24833 690574 76.1905
24833 628102 77.2727
24833 29232 66.6667
24833 13687 73.1707
24833 680482 90
24833 609819 68.4211
24833 613239 66.6667
24833 628495 69.2308
24833 103998 73.1707
24833 86939 87.1795
24833 18894 72.7273
24833 278175 82.0513
24833 663927 85.7143
24833 691259 61.0169
24833 662782 75.6757
24833 207835 82.9268
24833 18255 80
24833 409127 92.6829
24833 125185 72.7273
24833 634163 70
24833 627222 85
24833 675278 66.6667
24833 639683 68.1818
24833 649096 85.7143
24833 642604 79.0698
24833 684035 71.7949
24833 658818 83.7209
24833 670237 84.2105
24833 105373 66.6667
24833 694315 75
24833 1026 70.2703
24833 627082 66.6667
24833 646232 80.9524
24833 636942 60.4651
24833 683725 70.5882
24833 662773 61.1111
24833 646166 73.6842
24833 681101 86.4865
24833 521887 76.9231
24833 648928 90
24833 666115 62.2951
24833 97327 68.2927
24833 632917 71.7949
24833 667941 73.1707
24833 617627 73.3333
24833 611783 86.3636
24833 674195 73.1707
24833 663549 80.9524
24833 648929 80.9524
24833 635820 74.4186
24833 48226 64.7059
24833 643484 66.6667
24833 348706 63.4146
24833 282037 75.6757
24833 202930 70.2703
24833 3124 70.2703
24833 160451 80.9524
24833 62009 79.0698
24833 636929 63.4146
24833 4771 76.9231
24833 644333 71.4286
24833 295435 65
24833 19984 70
24833 58978 64.8649
24833 70868 90.4762
24833 327982 72.2222
24833 634220 80.9524
24833 624051 75.5556
24833 634775 80.9524
24833 27116 72.2222
24833 82807 80
24833 683723 66.6667
24833 60549 76.1905
24833 79016 85.7143
24833 670091 89.4737
24833 617633 63.4146
24833 2775 82.9268
24833 646159 68.2927
24833 609820 68.4211
24833 295302 62.2951
24833 667246 63.4146
24833 643487 76.1905
24833 180816 73.6842
24833 619147 81.8182
24833 636326 65
24833 672019 82.9268
24833 657843 68.1818
24833 331770 63.4146
24833 639767 64.1509
24833 622661 71.4286
24833 79006 66.6667
24833 264039 80.9524
24833 66688 87.8049
24833 285113 66.6667
24833 684038 73.1707
24833 634581 81.8182
24833 34765 80.9524
24833 649097 68.1818
24833 680494 80.9524
24833 13009 73.1707
24833 56285 71.7949
24833 100139 61.1111
24833 649092 73.1707
24833 147110 74.4186
24833 627011 71.7949
24833 634156 76.9231
24833 699206 73.1707
24833 65007 71.4286
24833 636947 69.7674
24833 87254 65
24833 649427 65.1163
24833 615011 66.6667
24833 638636 75.6757
24833 625239 83.7209
24833 627367 71.4286
24833 119877 68.2927
24833 685783 78.0488
24833 686667 73.1707
24833 615299 60.4651
24833 677917 76.9231
24833 291534 66.6667
24833 749 66.6667
24833 55459 79.0698
24833 163501 63.4146
24833 327445 68.4211
24833 66069 68.1818
24833 634615 70
24833 632913 79.0698
24833 81549 61.1111
24833 644871 65.1163
24833 79707 78.9474
24833 65987 75.6757
24833 649424 65.1163
24833 51337 78.9474
24833 647527 76.4706
24833 663914 82.9268
24833 57884 61.9048
24833 56470 66.6667
24833 632386 68.1818
24833 627370 85
24833 75707 68.1818
24833 75518 73.6842
24833 632918 73.1707
24833 612049 69.0909
24833 25397 71.4286
24833 41355 65
24833 663947 85.7143
24833 270531 70.2703
24833 25413 86.3636
24833 636086 74.4186
24833 665282 85.7143
24833 26540 71.7949
24833 60188 66.6667
24833 602913 76.1905
24833 79008 71.4286
24833 131090 71.4286
24833 1895 60.6061
24833 177951 65
24833 625813 69.7674
24833 192626 66.6667
24833 627066 60
24833 3609 64.8649
24833 617628 74.4186
24833 653051 70
24833 617406 65.1163
24833 630639 75.6757
24833 663935 87.1795
24833 404698 76.9231
0 8
1 0
2 0
3 0
4 0
5 1
6 1
7 2
8 3
9 0
10 0
11 0
12 2
13 3
14 3
15 0
16 5
17 2
18 5
19 16
20 7
21 5
22 6
23 2
24 3
25 12
26 8
27 11
28 22
29 18
30 10
31 7
32 10
33 4
34 5
35 10
36 8
37 4
38 8
39 17
40 18
41 5
42 16
43 17
44 13
45 20
46 10
47 9
48 12
49 27
50 55
51 2
52 40
53 53
54 26
55 46
56 13
57 23
58 22
59 14
60 41
61 14
62 22
63 12
64 35
65 35
66 16
67 58
68 0
69 54
70 34
71 20
72 49
73 15
74 31
75 29
76 16
77 23
78 12
79 19
80 33
81 24
82 10
83 16
84 8
85 16
86 12
87 5
88 12
89 2
90 5
91 1
92 1
93 2
94 0
95 1
96 0
97 0
98 0
99 0
100 0
101 0
14
10844
