318
116544 628999 72.7273
116544 49494 70.8333
116544 701652 72.7273
116544 617378 70.8333
116544 686574 76.5957
116544 30131 68
116544 41365 69.5652
116544 160588 76.1905
116544 617363 66.6667
116544 1026 71.4286
116544 23609 66.6667
116544 127964 72.3404
116544 627377 72.3404
116544 608712 73.913
116544 82166 86.3636
116544 1986 80
116544 355936 66.6667
116544 356359 69.7674
116544 665553 72.3404
116544 62659 85.1064
116544 625186 69.3878
116544 663571 66.6667
116544 625196 66.6667
116544 624349 70.8333
116544 109999 80
116544 295435 71.1111
116544 49210 68.0851
116544 686264 68.1818
116544 7598 66.6667
116544 40484 75
116544 670148 72.3404
116544 650783 68.0851
116544 679577 72.3404
116544 630689 80
116544 57456 78.2609
116544 617316 66.6667
116544 174655 75.5556
116544 623661 77.2727
116544 658772 68.0851
116544 667276 78.2609
116544 646207 76.5957
116544 12148 66.6667
116544 136014 72.7273
116544 660421 66.6667
116544 647372 66.6667
116544 109884 69.5652
116544 658776 68.0851
116544 68347 66.6667
116544 629038 66.6667
116544 68955 68.1818
116544 625468 69.3878
116544 26211 66.6667
116544 626953 79.0698
116544 42443 69.3878
116544 55876 72.3404
116544 111920 66.6667
116544 683715 66.6667
116544 677513 68.1818
116544 625465 72.3404
116544 652546 66.6667
116544 102619 66.6667
116544 71999 75
116544 138305 71.4286
116544 240408 68.2927
116544 677555 68.1818
116544 56470 72.3404
116544 700123 75
116544 291559 72.3404
116544 640439 86.9565
116544 670182 84.4444
116544 658698 70.8333
116544 4599 70.8333
116544 679542 80
116544 679579 78.2609
116544 650611 72.7273
116544 623657 73.913
116544 640230 79.1667
116544 139471 73.1707
116544 655264 69.5652
116544 650624 79.1667
116544 160497 73.913
116544 128701 66.6667
116544 629718 69.7674
116544 629474 75.5556
116544 666730 73.913
116544 607167 68.0851
116544 632952 68.1818
116544 96448 77.2727
116544 12045 72.3404
116544 33592 69.3878
116544 617607 71.1111
116544 294110 80
116544 81549 68.2927
116544 56426 80.8511
116544 659301 73.4694
116544 3235 71.7949
116544 122681 80
116544 625794 66.6667
116544 628979 75
116544 625464 71.1111
116544 627436 68.1818
116544 110344 74.4186
116544 623991 75.5556
116544 84228 66.6667
116544 301199 75.5556
116544 631808 80
116544 670181 83.7209
116544 628296 66.6667
116544 630691 76.5957
116544 638593 68.0851
116544 631315 66.6667
116544 609819 74.4186
116544 55619 76.5957
116544 24711 66.6667
116544 41356 71.1111
116544 33139 73.4694
116544 624004 69.5652
116544 625042 81.6327
116544 624184 70.8333
116544 627706 76.3636
116544 369774 76.5957
116544 657817 78.2609
116544 191990 69.5652
116544 104116 70
116544 116539 93.3333
116544 102318 75.5556
116544 672208 78.2609
116544 54128 79.1667
116544 624163 76.5957
116544 688887 68.1818
116544 364202 75.5556
116544 623636 73.913
116544 637189 73.913
116544 2687 68.2927
116544 667950 67.6923
116544 625471 71.1111
116544 627708 69.8413
116544 649044 75
116544 644433 79.1667
116544 671283 68.8525
116544 161621 80
116544 683892 68.0851
116544 136135 69.5652
116544 662771 79.1667
116544 633221 75
116544 99002 80
116544 404000 72.3404
116544 657815 83.7209
116544 611545 66.6667
116544 616278 80
116544 638603 68.2927
116544 634303 69.3878
116544 382814 71.1111
116544 633900 85.7143
116544 625792 72.3404
116544 633220 68.0851
116544 51695 66.6667
116544 64013 68.1818
116544 25952 76.5957
116544 30798 76.5957
116544 693427 81.8182
116544 657833 73.1707
116544 650642 72.7273
116544 603977 71.1111
116544 630690 80
116544 693424 76.1905
116544 122751 66.6667
116544 2253 71.7949
116544 623651 73.913
116544 163335 73.1707
116544 23380 78.0488
116544 624003 75
116544 624386 69.3878
116544 681316 69.5652
116544 116363 72.3404
116544 663585 75
116544 128160 75.5556
116544 602909 75
116544 327445 69.7674
116544 657843 69.3878
116544 58895 69.5652
116544 309699 84.4444
116544 1168 74.4186
116544 649441 70.8333
116544 644273 71.4286
116544 634552 81.6327
116544 58030 76
116544 654114 80.8511
116544 161622 80
116544 16634 78.2609
116544 43030 66.6667
116544 169105 73.913
116544 103998 69.5652
116544 661128 73.4694
116544 72272 73.913
116544 659185 66.6667
116544 382815 72.3404
116544 633868 71.1111
116544 15193 71.1111
116544 624535 81.6327
116544 220327 78.2609
116544 640645 71.1111
116544 603719 68.0851
116544 174620 69.7674
116544 617629 72.3404
116544 636095 79.1667
116544 98436 78.2609
116544 378242 77.2727
116544 227902 69.7674
116544 4971 68.1818
116544 622145 79.1667
116544 60548 69.5652
116544 613239 68.0851
116544 657805 69.7674
116544 623648 76.1905
116544 677545 66.6667
116544 637821 74.4186
116544 623992 79.1667
116544 635968 72.7273
116544 650786 70.8333
116544 651330 70.8333
116544 650981 68.1818
116544 666530 77.2727
116544 36283 78.2609
116544 86080 68.0851
116544 64884 73.1707
116544 641165 73.4694
116544 630692 77.551
116544 650616 85.1064
116544 625462 68.0851
116544 627066 80
116544 650609 75
116544 371727 69.5652
116544 33832 66.6667
116544 617409 72.3404
116544 616232 68.0851
116544 649436 70.8333
116544 625446 80
116544 83558 66.6667
116544 71873 73.1707
116544 664853 68.1818
116544 609820 74.4186
116544 660640 77.2727
116544 278461 72.3404
116544 40725 71.1111
116544 640743 66.6667
116544 651324 70.8333
116544 688343 68.1818
116544 241113 72.3404
116544 69607 82.6087
116544 644432 79.1667
116544 209084 66.6667
116544 617398 70.8333
116544 125718 72.7273
116544 668362 66.6667
116544 623700 69.3878
116544 634249 87.5
116544 626947 68.2927
116544 666728 75.5556
116544 666432 75
116544 644871 66.6667
116544 1163 74.4186
116544 347504 77.2727
116544 695218 69.5652
116544 8774 72.3404
116544 649690 72.7273
116544 102851 72.3404
116544 174612 88.8889
116544 43870 66.6667
116544 10014 68.2927
116544 158037 71.1111
116544 25397 68.0851
116544 650634 80
116544 679825 66.6667
116544 624162 73.4694
116544 657818 69.7674
116544 8120 72.3404
116544 642788 75
116544 657562 68.1818
116544 5553 68.1818
116544 41355 71.1111
116544 54855 69.3878
116544 45164 73.913
116544 26154 68.2927
116544 2738 85.1064
116544 629267 69.8413
116544 600388 68.1818
116544 667068 69.7674
116544 626865 71.4286
116544 294868 73.913
116544 624987 69.5652
116544 646001 66.6667
116544 620753 69.0909
116544 623832 68.0851
116544 634306 73.4694
116544 666665 76.5957
116544 60698 85.7143
116544 74380 68
116544 301197 75.5556
116544 62660 85.1064
116544 680715 68.1818
116544 84552 73.913
116544 670179 79.0698
116544 667524 68.1818
116544 625109 68.0851
116544 73709 68.0851
116544 118151 75
116544 631956 72.3404
116544 31976 66.6667
116544 80747 74.4186
116544 689429 71.1111
116544 26249 66.6667
116544 622636 72.3404
116544 670180 83.7209
116544 654113 76.5957
116544 645089 68.0851
116544 657803 72.3404
116544 624231 72.1311
0 12
1 0
2 0
3 0
4 0
5 0
6 1
7 0
8 0
9 0
10 1
11 1
12 3
13 0
14 3
15 3
16 3
17 1
18 1
19 8
20 8
21 2
22 3
23 1
24 7
25 4
26 3
27 4
28 13
29 9
30 13
31 9
32 25
33 10
34 22
35 22
36 17
37 16
38 11
39 26
40 32
41 12
42 31
43 26
44 18
45 26
46 18
47 28
48 33
49 20
50 19
51 8
52 30
53 15
54 35
55 46
56 37
57 20
58 37
59 29
60 50
61 30
62 36
63 39
64 39
65 4
66 41
67 40
68 3
69 43
70 34
71 12
72 20
73 33
74 23
75 20
76 10
77 14
78 7
79 10
80 26
81 2
82 4
83 1
84 3
85 2
86 6
87 2
88 1
89 1
90 0
91 0
92 0
93 0
94 1
95 0
96 0
97 0
98 0
99 0
100 0
101 0
15
10388
