237
664208 45617 69.7143
664208 645789 69.5652
664208 638355 70.1754
664208 665527 73.0435
664208 698601 77.4775
664208 634751 63.7838
664208 671056 83.5821
664208 364296 65.5172
664208 694553 84.375
664208 646444 61.1111
664208 654722 63.4921
664208 641660 75
664208 346230 75.6303
664208 380479 61.7801
664208 633425 74.8466
664208 635034 60.7843
664208 664894 67.3913
664208 698553 87.1429
664208 633001 65.4545
664208 73283 75.5245
664208 701595 73.5632
664208 647014 75
664208 675187 73.2143
664208 629267 62.2642
664208 701718 89.2308
664208 682338 83.2
664208 645540 73.6842
664208 693165 70.8571
664208 675268 65.6085
664208 640286 70.3704
664208 687376 68.8889
664208 685584 72.1311
664208 636790 73.5849
664208 640067 61.4525
664208 667948 76.5217
664208 665158 85.4839
664208 641661 78.9474
664208 700284 65.0888
664208 646436 72.2222
664208 658787 64.8148
664208 638361 71.6763
664208 677761 85.7143
664208 667952 67.2727
664208 637641 66.0714
664208 616791 60.3175
664208 663606 91.0448
664208 20625 66.1157
664208 47745 77.2152
664208 665964 84.3537
664208 700287 65.8683
664208 633031 72.2892
664208 60342 76.5957
664208 648360 81.6667
664208 79594 67.7966
664208 680414 68.8889
664208 58057 63.8743
664208 650898 65.5914
664208 639472 75.4386
664208 78747 66.3043
664208 639772 62.1359
664208 647024 82.0513
664208 695574 79.7101
664208 693166 70.8333
664208 701596 82.0513
664208 660371 88.2353
664208 651687 64.8649
664208 650064 78.1818
664208 645542 71.5596
664208 646440 63.6364
664208 665963 87.9433
664208 645129 77.193
664208 638534 80
664208 647645 72.2222
664208 668532 76.7123
664208 675451 85.4839
664208 678323 85.4839
664208 654077 78.6667
664208 699499 70.4545
664208 664209 88.0597
664208 675282 82.4561
664208 643408 78.481
664208 661122 85.4839
664208 695836 75.188
664208 665536 81.7391
664208 33668 65.5172
664208 641699 66.0714
664208 664891 68.8889
664208 700283 66.6667
664208 701196 65.0888
664208 609067 62
664208 665539 78.8732
664208 646910 82.7586
664208 665358 88.0597
664208 664737 85.4839
664208 701777 87.0968
664208 643703 62.8571
664208 651686 62.1762
664208 675186 76.7857
664208 638352 64.8649
664208 661755 63.2124
664208 108408 69.1589
664208 647643 68.4211
664208 697445 79.7101
664208 700286 65.8683
664208 699340 92.8
664208 700285 65.8683
664208 78738 72.7273
664208 679825 69.9029
664208 645115 88.1119
664208 63689 77.6978
664208 661123 85.4839
664208 659015 70.6897
664208 657782 66.6667
664208 661186 82.7586
664208 671292 67.2727
664208 650061 80.3419
664208 700282 66.6667
664208 691995 72.2222
664208 637493 78.9474
664208 625487 74.5455
664208 9168 81.4815
664208 671055 81.1594
664208 7231 71.9512
664208 651018 80
664208 637642 66.0714
664208 673654 64.6766
664208 670365 85.4839
664208 648400 84.2975
664208 50848 75.2294
664208 5015 69.0476
664208 676419 82.7586
664208 641039 77.5
664208 647644 68.4211
664208 698554 79.4702
664208 690393 60.9524
664208 687813 72.5664
664208 9617 66.6667
664208 662831 85.5172
664208 624231 63.4615
664208 657733 85.5072
664208 665357 91.0448
664208 34934 70
664208 70804 85.0746
664208 699349 93.0233
664208 660373 94.2029
664208 47764 67.7419
664208 632484 63.7838
664208 647976 64.5161
664208 627708 66.0377
664208 647019 71.4286
664208 662830 93.8462
664208 58056 63.8743
664208 647646 72.2222
664208 625483 74.5455
664208 666386 69.7248
664208 682699 82.0896
664208 648352 78.6325
664208 654265 62.1469
664208 78748 68.0851
664208 664941 72.0721
664208 694557 77.9661
664208 626496 69.6203
664208 641698 66.0714
664208 685583 78.2609
664208 637646 69.8113
664208 65856 66.3043
664208 673997 70.4918
664208 642654 64.8649
664208 645124 76.7857
664208 676949 74.5455
664208 665356 84.3537
664208 641530 67.2727
664208 58058 63.9594
664208 662427 92.7536
664208 640902 60.4167
664208 673653 65.9898
664208 641654 78.9474
664208 697671 76.0736
664208 623310 84.127
664208 645098 71.028
664208 681170 76.0331
664208 631567 66.3212
664208 628495 62
664208 668859 73.6842
664208 79589 76.25
664208 691259 67.2897
664208 614939 78.2609
664208 636661 68.4685
664208 700591 69.7248
664208 700288 65.8683
664208 700357 60.3352
664208 665535 78.8732
664208 318534 79.1667
664208 680411 71.2644
664208 625482 70.9091
664208 666115 69.7248
664208 648540 63.4146
664208 694755 83.0508
664208 622229 63.4921
664208 638581 72.0721
664208 34929 70.2381
664208 673317 70.7182
664208 684694 78.5714
664208 632485 65.6085
664208 663417 81.5789
664208 47770 61.3065
664208 295302 64.2202
664208 664893 67.3913
664208 78743 67.7596
664208 78741 67.0391
664208 638583 76.6467
664208 639767 61.3861
664208 641626 83.3333
664208 667950 68.5185
664208 634555 64.8936
664208 638365 71.0059
664208 680416 72.9412
664208 624575 81.0345
664208 642655 62.0321
664208 668856 71.4286
664208 664892 68.8889
664208 701201 84.9315
664208 637643 66.0714
664208 65849 63.8298
664208 639779 76.8116
664208 681679 81.4159
664208 697598 86.4407
664208 682700 83.6879
664208 638521 75.4386
664208 633810 69.7248
664208 34931 64.1304
664208 646438 72.2222
664208 615985 78.9474
664208 700290 65.0888
664208 649971 85.0394
664208 641697 66.0714
664208 64057 74.1379
0 4
1 0
2 0
3 1
4 0
5 5
6 2
7 0
8 1
9 0
10 0
11 3
12 0
13 2
14 0
15 3
16 1
17 2
18 4
19 7
20 4
21 7
22 7
23 7
24 5
25 6
26 9
27 11
28 12
29 24
30 19
31 21
32 18
33 28
34 32
35 28
36 34
37 45
38 33
39 37
40 41
41 41
42 42
43 45
44 43
45 45
46 40
47 25
48 72
49 29
50 46
51 12
52 46
53 64
54 3
55 34
56 10
57 0
58 3
59 6
60 3
61 5
62 7
63 6
64 12
65 9
66 14
67 15
68 10
69 9
70 12
71 10
72 8
73 12
74 6
75 7
76 6
77 10
78 6
79 13
80 6
81 1
82 7
83 7
84 5
85 6
86 12
87 1
88 3
89 4
90 1
91 0
92 2
93 2
94 2
95 1
96 0
97 0
98 0
99 0
100 0
101 0
22
10106
