0
0 2
1 0
2 0
3 0
4 0
5 0
6 3
7 0
8 0
9 1
10 0
11 0
12 0
13 2
14 4
15 4
16 1
17 4
18 6
19 7
20 5
21 3
22 5
23 6
24 13
25 8
26 2
27 1
28 3
29 4
30 4
31 1
32 4
33 3
34 5
35 5
36 3
37 3
38 5
39 5
40 8
41 0
42 1
43 3
44 2
45 0
46 0
47 1
48 3
49 1
50 1
51 0
52 0
53 0
54 0
55 0
56 0
57 1
58 0
59 0
60 0
61 0
62 0
63 0
64 0
65 0
66 0
67 0
68 0
69 0
70 0
71 0
72 0
73 0
74 0
75 0
76 0
77 0
78 0
79 0
80 0
81 0
82 0
83 0
84 0
85 0
86 0
87 0
88 0
89 0
90 0
91 0
92 0
93 0
94 0
95 0
96 0
97 0
98 0
99 0
100 0
101 0
1
59
