89
175808 57826 70
175808 526596 71.7949
175808 48122 78.9474
175808 453 78.9474
175808 403681 89.4737
175808 116544 66.6667
175808 49494 84.4444
175808 2788 71.1111
175808 160588 71.7949
175808 648309 71.1111
175808 82166 73.1707
175808 656986 75.6757
175808 62659 68.1818
175808 109999 76.1905
175808 7598 77.7778
175808 164 75
175808 40484 66.6667
175808 174655 76.1905
175808 136014 68.2927
175808 629038 75.5556
175808 26211 77.7778
175808 19191 66.6667
175808 102619 71.4286
175808 71999 75.6757
175808 187521 69.7674
175808 240408 73.6842
175808 640439 74.4186
175808 4599 71.1111
175808 650611 68.2927
175808 139471 78.9474
175808 650624 66.6667
175808 648305 71.1111
175808 607167 68.1818
175808 401553 71.4286
175808 3235 77.7778
175808 10479 66.6667
175808 84228 77.7778
175808 301199 71.4286
175808 113891 76.4706
175808 116539 66.6667
175808 54128 66.6667
175808 2687 73.6842
175808 161621 66.6667
175808 51695 77.7778
175808 650642 68.2927
175808 603977 66.6667
175808 2253 77.7778
175808 163335 78.9474
175808 23380 78.9474
175808 54088 70
175808 309699 66.6667
175808 161622 66.6667
175808 4851 76.4706
175808 72272 69.7674
175808 8541 68.4211
175808 378242 73.1707
175808 122231 68.4211
175808 22947 73.6842
175808 193502 69.7674
175808 3767 71.4286
175808 637821 75
175808 3609 66.6667
175808 650786 84.4444
175808 1088 70
175808 77071 72.2222
175808 8960 71.4286
175808 64884 78.9474
175808 46798 68.4211
175808 29227 68.5714
175808 40252 68.4211
175808 66415 75.6757
175808 83558 71.4286
175808 71873 78.9474
175808 187538 71.4286
175808 528168 70
175808 634249 66.6667
175808 174612 71.4286
175808 10014 73.6842
175808 650634 71.4286
175808 2738 68.1818
175808 655039 75.6757
175808 60698 71.7949
175808 301197 71.4286
175808 62660 68.1818
175808 667524 68.2927
175808 1898 70.5882
175808 689429 66.6667
175808 26249 77.7778
175808 51697 90.4762
0 14
1 0
2 0
3 0
4 0
5 0
6 1
7 0
8 1
9 0
10 0
11 2
12 4
13 7
14 1
15 3
16 6
17 10
18 7
19 9
20 13
21 6
22 10
23 12
24 17
25 25
26 12
27 20
28 25
29 23
30 21
31 28
32 62
33 33
34 47
35 52
36 52
37 68
38 43
39 46
40 99
41 41
42 40
43 35
44 44
45 35
46 37
47 55
48 36
49 42
50 43
51 0
52 24
53 28
54 16
55 24
56 11
57 6
58 14
59 2
60 14
61 10
62 9
63 7
64 10
65 9
66 7
67 14
68 0
69 13
70 7
71 1
72 17
73 1
74 6
75 3
76 5
77 4
78 7
79 7
80 0
81 0
82 0
83 0
84 0
85 2
86 0
87 0
88 0
89 0
90 1
91 1
92 0
93 0
94 0
95 0
96 0
97 0
98 0
99 0
100 0
101 0
16
12583
