69
634581 34765 75
634581 649097 76
634581 680494 87.5
634581 13009 68.0851
634581 56285 66.6667
634581 157913 60.4651
634581 649092 63.8298
634581 147110 81.6327
634581 627011 66.6667
634581 634156 66.6667
634581 699206 63.8298
634581 65007 62.5
634581 636947 77.551
634581 609248 63.8298
634581 87254 65.2174
634581 649427 73.4694
634581 615011 75
634581 638636 69.7674
634581 625239 89.7959
634581 627367 66.6667
634581 685783 72.3404
634581 686667 63.8298
634581 615299 65.3061
634581 637643 65.7143
634581 677917 71.1111
634581 291534 75
634581 55459 69.3878
634581 624003 61.2245
634581 327445 63.6364
634581 66069 84
634581 634615 60.8696
634581 632913 81.6327
634581 644871 69.3878
634581 79707 77.2727
634581 65987 65.1163
634581 649424 73.4694
634581 51337 72.7273
634581 647527 65
634581 663914 85.1064
634581 56470 70.8333
634581 632386 76
634581 627370 78.2609
634581 75707 76
634581 75518 63.6364
634581 632918 72.3404
634581 612049 72.1311
634581 25397 79.1667
634581 649044 61.2245
634581 663947 75
634581 25413 80
634581 636086 81.6327
634581 665282 83.3333
634581 633810 68.6567
634581 26540 62.2222
634581 602913 66.6667
634581 79008 62.5
634581 131090 79.1667
634581 646438 72.7273
634581 625813 61.2245
634581 641697 65.7143
634581 64057 62.1622
634581 617628 81.6327
634581 653051 60.8696
634581 617406 73.4694
634581 630639 60.4651
634581 628979 61.2245
634581 663935 80
634581 634241 60.8696
634581 404698 71.1111
0 2
1 0
2 0
3 0
4 0
5 0
6 0
7 1
8 1
9 0
10 0
11 0
12 0
13 0
14 1
15 1
16 0
17 1
18 0
19 0
20 0
21 0
22 0
23 0
24 2
25 2
26 1
27 1
28 0
29 0
30 2
31 1
32 3
33 1
34 1
35 2
36 2
37 1
38 1
39 0
40 2
41 0
42 3
43 4
44 2
45 1
46 0
47 2
48 3
49 1
50 3
51 0
52 3
53 3
54 1
55 2
56 4
57 4
58 3
59 2
60 1
61 5
62 4
63 4
64 6
65 1
66 5
67 5
68 0
69 2
70 3
71 1
72 2
73 5
74 3
75 4
76 3
77 0
78 2
79 1
80 4
81 0
82 4
83 0
84 2
85 0
86 1
87 0
88 1
89 0
90 1
91 0
92 0
93 0
94 0
95 0
96 0
97 0
98 0
99 0
100 0
101 0
1
56
