117
638355 634555 66.6667
638355 698554 84.0426
638355 662831 74.7253
638355 70807 68.2081
638355 695836 69.4118
638355 645115 71.1111
638355 63689 75
638355 78748 85.3333
638355 364296 78.673
638355 682338 70.3704
638355 638583 87.2549
638355 656199 86.5546
638355 664209 69.0058
638355 58058 85.4701
638355 638352 93.6937
638355 58057 87.7193
638355 34931 87.7828
638355 47750 89.2019
638355 638365 94.1748
638355 58056 87.7193
638355 643408 73.8462
638355 664210 74.7253
638355 78746 85.7143
638355 651015 70
638355 651714 79.397
638355 668537 75
638355 78747 85.0679
638355 687376 69.1244
638355 7229 91.1765
638355 661755 67.8261
638355 673653 83.7607
638355 680411 68.2464
638355 651686 89.5652
638355 632486 84.0336
638355 47764 89.6861
638355 642663 90.2655
638355 680413 69.7674
638355 665964 73.913
638355 659922 68.6391
638355 663606 69.0058
638355 671055 67.4286
638355 694152 70.2381
638355 657017 72.6257
638355 47770 83.8983
638355 660372 72.8324
638355 662832 69.7143
638355 318534 66.2983
638355 45616 92.823
638355 634756 84.0336
638355 78737 90.5473
638355 645793 73.4848
638355 631567 88.6957
638355 665535 69.2737
638355 78738 92.0792
638355 33668 87.2038
638355 671056 67.8363
638355 699340 69.1358
638355 661057 72.8324
638355 73283 76.6667
638355 680412 68.9266
638355 682700 68.5393
638355 694553 66.6667
638355 665358 69.0058
638355 60342 74.1573
638355 45622 86.2069
638355 632483 88.5714
638355 633031 86.6995
638355 647974 93.2735
638355 651018 76.9231
638355 657732 68.2081
638355 20625 67.0886
638355 660373 73.1429
638355 70804 67.8363
638355 659923 70.1754
638355 638582 89
638355 668532 76.5027
638355 670881 74.2268
638355 663415 70.3911
638355 661055 70.5202
638355 675268 92.0354
638355 699499 69.4836
638355 65849 89.7778
638355 680416 70.5314
638355 665539 69.2737
638355 661944 79.3893
638355 682692 70.6522
638355 654077 82.3529
638355 693165 68.8679
638355 651687 92.7928
638355 632493 84.2975
638355 673654 82.3529
638355 47761 88.8889
638355 45617 93.3962
638355 634755 84.2975
638355 633424 77.3438
638355 634748 88.2353
638355 663418 69.1892
638355 698553 76.8362
638355 650898 68.1614
638355 640323 72.5389
638355 9617 88.2096
638355 662427 69.7143
638355 79589 85.2792
638355 663417 77.2487
638355 634749 80.9917
638355 701201 73.224
638355 634751 88.2883
638355 660371 70.5202
638355 665356 75
638355 7231 89.5522
638355 662283 83.7398
638355 5015 87.8049
638355 65856 81.448
638355 668536 75
638355 665534 88.4956
638355 651016 74.2424
638355 664208 67.8363
0 4
1 0
2 0
3 0
4 1
5 2
6 1
7 1
8 2
9 4
10 0
11 6
12 1
13 6
14 5
15 3
16 7
17 8
18 8
19 25
20 14
21 16
22 17
23 33
24 24
25 57
26 50
27 73
28 67
29 74
30 84
31 109
32 110
33 26
34 94
35 107
36 53
37 31
38 29
39 15
40 6
41 2
42 1
43 5
44 3
45 8
46 1
47 1
48 2
49 8
50 7
51 3
52 6
53 9
54 11
55 10
56 12
57 15
58 5
59 3
60 5
61 12
62 7
63 13
64 2
65 9
66 10
67 3
68 6
69 8
70 14
71 8
72 1
73 4
74 5
75 9
76 0
77 4
78 2
79 1
80 2
81 1
82 1
83 2
84 3
85 5
86 5
87 3
88 6
89 8
90 5
91 2
92 1
93 4
94 3
95 1
96 0
97 0
98 0
99 0
100 0
101 0
30
12453
