0
0 0
1 0
2 0
3 0
4 0
5 0
6 0
7 0
8 0
9 0
10 0
11 0
12 0
13 0
14 0
15 0
16 1
17 1
18 0
19 1
20 0
21 0
22 1
23 2
24 4
25 3
26 3
27 2
28 2
29 4
30 4
31 4
32 3
33 4
34 6
35 5
36 9
37 6
38 14
39 17
40 18
41 13
42 30
43 27
44 27
45 29
46 41
47 35
48 34
49 30
50 41
51 30
52 38
53 38
54 39
55 39
56 49
57 38
58 67
59 60
60 51
61 46
62 60
63 43
64 49
65 45
66 36
67 28
68 49
69 26
70 35
71 24
72 26
73 16
74 12
75 17
76 7
77 9
78 12
79 3
80 2
81 7
82 2
83 0
84 2
85 0
86 0
87 0
88 0
89 0
90 0
91 0
92 0
93 0
94 0
95 0
96 0
97 0
98 0
99 0
100 0
101 0
15
9410
