424
602908 37752 73.913
602908 622663 78.0488
602908 329097 79.0698
602908 4140 78.2609
602908 656393 69.5652
602908 609067 70.3704
602908 54829 71.4286
602908 697943 77.2727
602908 638129 78.2609
602908 663576 71.1111
602908 79707 70
602908 672441 71.4286
602908 58579 70
602908 647648 66.6667
602908 638851 82.9268
602908 651217 66.6667
602908 215132 71.4286
602908 690393 67.7966
602908 215138 71.4286
602908 628265 90.4762
602908 27116 78.9474
602908 634135 72.7273
602908 140025 71.4286
602908 132313 76.1905
602908 679275 66.6667
602908 116544 80
602908 628999 82.9268
602908 95102 69.7674
602908 701652 78.0488
602908 617378 88.8889
602908 30131 80.8511
602908 624006 74.4186
602908 41365 69.7674
602908 617363 75.5556
602908 1026 76.9231
602908 23609 71.4286
602908 127964 72.7273
602908 623711 70
602908 627377 77.2727
602908 666439 71.1111
602908 608712 69.7674
602908 82166 68.2927
602908 1986 80.9524
602908 356359 85
602908 636946 66.6667
602908 521887 68.2927
602908 665553 86.3636
602908 62659 72.7273
602908 621888 71.4286
602908 663571 66.6667
602908 625196 71.7949
602908 624349 80
602908 295435 71.4286
602908 626100 69.7674
602908 686264 73.1707
602908 670148 81.8182
602908 679577 77.2727
602908 630689 86.4865
602908 617316 71.7949
602908 623661 82.9268
602908 640191 69.7674
602908 631128 73.913
602908 688342 68.2927
602908 670150 71.4286
602908 658772 72.7273
602908 667276 74.4186
602908 16448 79.0698
602908 646207 90.9091
602908 56357 81.6327
602908 649422 71.1111
602908 12148 80
602908 610998 70.3704
602908 660421 80
602908 647372 80.9524
602908 109884 74.4186
602908 658776 72.7273
602908 68347 72.2222
602908 646165 71.1111
602908 68955 68.2927
602908 625468 82.6087
602908 626953 90
602908 42443 78.2609
602908 55876 86.3636
602908 55887 73.1707
602908 664319 70.3704
602908 683715 71.4286
602908 677513 73.1707
602908 625465 81.8182
602908 617395 74.4186
602908 96461 76.1905
602908 34460 81.6327
602908 138305 76.9231
602908 97219 68.1818
602908 645868 68.1818
602908 624005 74.4186
602908 677555 73.1707
602908 56470 77.2727
602908 700123 84.4444
602908 291559 81.8182
602908 628996 73.913
602908 666115 66.6667
602908 649429 74.4186
602908 670182 76.1905
602908 658698 84.4444
602908 87081 69.7674
602908 679542 100
602908 679579 88.3721
602908 650611 68.2927
602908 348706 69.7674
602908 623657 79.0698
602908 640230 71.1111
602908 655264 69.7674
602908 650624 75.5556
602908 160497 79.0698
602908 128701 70.8333
602908 629718 70
602908 617599 66.6667
602908 629474 76.1905
602908 131090 72.7273
602908 666730 79.0698
602908 632952 82.9268
602908 96448 68.2927
602908 12045 86.3636
602908 636932 66.6667
602908 33592 78.2609
602908 657807 78.2609
602908 645727 68.8525
602908 617607 76.1905
602908 294110 90.4762
602908 53183 69.5652
602908 636326 71.4286
602908 56426 86.3636
602908 670183 77.2727
602908 659301 82.6087
602908 611078 75
602908 624960 68.1818
602908 122681 71.4286
602908 625794 80
602908 628979 88.8889
602908 625464 85.7143
602908 154741 71.4286
602908 627436 78.0488
602908 110344 75
602908 623991 76.1905
602908 655263 68.2927
602908 631808 85.7143
602908 688039 72.3404
602908 285113 73.1707
602908 676725 66.6667
602908 634175 66.6667
602908 670181 80
602908 628296 71.7949
602908 630691 81.8182
602908 638593 77.2727
602908 631315 76.1905
602908 609819 80
602908 694105 68.1818
602908 602670 66.6667
602908 55619 90.9091
602908 24711 71.4286
602908 41356 71.4286
602908 33139 91.3043
602908 624004 79.0698
602908 645098 68.8525
602908 625042 78.2609
602908 150952 69.7674
602908 656388 77.2727
602908 124081 75.5556
602908 369774 81.8182
602908 640892 73.4694
602908 697384 76.1905
602908 657817 93.0233
602908 191990 69.7674
602908 625144 72.7273
602908 667247 69.7674
602908 646164 69.7674
602908 623635 75.5556
602908 116539 76.1905
602908 102318 90.4762
602908 677512 66.6667
602908 54128 66.6667
602908 624163 68.1818
602908 688887 73.1707
602908 636947 66.6667
602908 364202 76.1905
602908 612765 71.1111
602908 623636 74.4186
602908 637189 74.4186
602908 664001 66.6667
602908 625471 85.7143
602908 601821 75.5556
602908 649044 84.4444
602908 629243 68.8525
602908 20985 76.9231
602908 631648 66.6667
602908 644433 88.8889
602908 636935 66.6667
602908 161621 66.6667
602908 683892 72.7273
602908 73166 75
602908 645335 76.5957
602908 667470 79.0698
602908 136135 69.7674
602908 662771 93.3333
602908 633221 88.8889
602908 99002 76.1905
602908 404000 68.1818
602908 664977 66.6667
602908 657815 90
602908 617628 66.6667
602908 611545 66.6667
602908 616278 90.4762
602908 634714 73.913
602908 634303 78.2609
602908 382814 76.1905
602908 657809 73.913
602908 633900 78.2609
602908 625792 86.3636
602908 633220 81.8182
602908 64013 73.1707
602908 25952 86.3636
602908 30798 90.9091
602908 38231 74.4186
602908 693427 82.9268
602908 657833 78.9474
602908 656392 69.5652
602908 630690 86.4865
602908 693424 87.1795
602908 628244 76.5957
602908 122751 71.4286
602908 623651 79.0698
602908 645542 66.6667
602908 651218 66.6667
602908 624003 84.4444
602908 624386 82.6087
602908 71320 66.6667
602908 116363 72.7273
602908 663585 84.4444
602908 635960 69.7674
602908 128160 85.7143
602908 602909 88.8889
602908 657843 82.6087
602908 58895 74.4186
602908 102624 66.6667
602908 309699 66.6667
602908 628495 70.3704
602908 1168 75
602908 649441 75.5556
602908 644273 76.9231
602908 634552 73.913
602908 58030 85.1064
602908 10549 68.1818
602908 654114 77.2727
602908 161622 66.6667
602908 663914 69.7674
602908 16634 83.7209
602908 43030 75.5556
602908 405968 73.913
602908 646210 78.2609
602908 169105 83.7209
602908 656391 68.1818
602908 633174 72.3404
602908 661128 91.3043
602908 659185 71.4286
602908 382815 72.7273
602908 63911 72.7273
602908 15193 76.1905
602908 624535 78.2609
602908 665122 77.2727
602908 99331 70
602908 656390 69.5652
602908 603719 72.7273
602908 663936 71.1111
602908 174620 75
602908 624961 68.1818
602908 617629 77.2727
602908 636095 66.6667
602908 625421 68.1818
602908 98436 83.7209
602908 227902 70
602908 4971 78.0488
602908 622145 71.1111
602908 657560 66.6667
602908 81669 72.7273
602908 626945 66.6667
602908 634293 68.1818
602908 613239 72.7273
602908 657805 85
602908 623648 82.0513
602908 60275 73.913
602908 650034 77.2727
602908 617633 69.7674
602908 284701 68.1818
602908 623992 66.6667
602908 635968 78.0488
602908 626946 68.4211
602908 638173 71.1111
602908 651330 84.4444
602908 52350 75.5556
602908 650981 78.0488
602908 657812 73.913
602908 666530 82.9268
602908 36283 83.7209
602908 86080 68.1818
602908 641165 69.5652
602908 630692 78.2609
602908 636784 75.5556
602908 650616 86.3636
602908 625462 81.8182
602908 657836 72.7273
602908 627226 73.1707
602908 627066 66.6667
602908 650609 84.4444
602908 371727 83.7209
602908 33832 71.1111
602908 617409 81.8182
602908 616232 72.7273
602908 62009 66.6667
602908 649436 80
602908 647068 73.913
602908 625446 90.4762
602908 623701 70
602908 664853 73.1707
602908 609820 80
602908 54833 71.1111
602908 194315 69.7674
602908 660640 73.1707
602908 625412 69.5652
602908 278461 77.2727
602908 624331 69.5652
602908 40725 76.1905
602908 620248 66.6667
602908 640743 71.1111
602908 651324 84.4444
602908 634171 69.5652
602908 635034 67.8571
602908 688343 73.1707
602908 7636 68.2927
602908 69607 74.4186
602908 644432 88.8889
602908 209084 66.6667
602908 617370 71.1111
602908 617398 75.5556
602908 125718 82.9268
602908 668362 71.7949
602908 623700 73.913
602908 634249 71.1111
602908 666728 90.4762
602908 666432 84.4444
602908 644871 80
602908 1163 75
602908 347504 82.9268
602908 695218 74.4186
602908 8774 81.8182
602908 677917 68.2927
602908 649690 78.0488
602908 649428 71.1111
602908 637646 66.6667
602908 102851 86.3636
602908 698558 66.6667
602908 174612 66.6667
602908 43870 80.9524
602908 638641 77.2727
602908 25397 77.2727
602908 650634 71.4286
602908 679825 66.6667
602908 657818 75
602908 8120 77.2727
602908 642788 75.6757
602908 657562 73.1707
602908 5553 68.2927
602908 41355 71.4286
602908 649425 71.1111
602908 56138 72.7273
602908 56869 69.5652
602908 54855 78.2609
602908 45164 74.4186
602908 26154 73.6842
602908 2738 77.2727
602908 66069 69.5652
602908 74468 68.2927
602908 615011 72.7273
602908 600388 78.0488
602908 656400 69.5652
602908 626865 71.7949
602908 294868 79.0698
602908 624987 74.4186
602908 646001 80
602908 623832 72.7273
602908 640890 73.4694
602908 71439 71.1111
602908 634306 82.6087
602908 649427 71.1111
602908 666665 77.2727
602908 60698 66.6667
602908 74380 80.8511
602908 256 71.1111
602908 62660 72.7273
602908 83653 66.6667
602908 680715 73.1707
602908 644932 74.4186
602908 670179 75
602908 625109 72.7273
602908 73709 77.2727
602908 163661 70.3704
602908 118151 84.4444
602908 631956 86.3636
602908 683369 71.7949
602908 659342 73.913
602908 8395 68.2927
602908 623650 71.1111
602908 31976 76.1905
602908 80747 80
602908 649424 75.5556
602908 656387 73.913
602908 622636 81.8182
602908 670180 80
602908 645334 71.1111
602908 689210 75.5556
602908 654113 90.9091
602908 645089 77.2727
602908 644333 68.1818
602908 659274 68.1818
602908 657803 86.3636
0 14
1 0
2 0
3 0
4 0
5 0
6 1
7 0
8 0
9 0
10 4
11 4
12 1
13 4
14 2
15 7
16 4
17 9
18 0
19 4
20 16
21 3
22 6
23 10
24 6
25 13
26 7
27 2
28 22
29 23
30 20
31 12
32 24
33 16
34 14
35 18
36 23
37 14
38 17
39 17
40 25
41 7
42 26
43 24
44 27
45 20
46 18
47 21
48 38
49 24
50 42
51 6
52 31
53 38
54 25
55 31
56 14
57 21
58 37
59 31
60 38
61 27
62 28
63 13
64 35
65 18
66 36
67 41
68 2
69 31
70 35
71 6
72 46
73 24
74 29
75 23
76 13
77 21
78 19
79 22
80 22
81 5
82 12
83 14
84 5
85 12
86 5
87 12
88 1
89 7
90 2
91 10
92 2
93 0
94 2
95 0
96 0
97 0
98 0
99 0
100 0
101 1
13
12482
