444
625191 628815 62.8571
625191 380271 68.5714
625191 114022 66.6667
625191 650741 75
625191 362133 62.069
625191 646177 61.5385
625191 683726 72.7273
625191 662876 68.5714
625191 683724 72.7273
625191 512913 61.1111
625191 24710 72.7273
625191 42080 70.9677
625191 328442 78.7879
625191 66597 63.1579
625191 677500 66.6667
625191 349946 68.75
625191 677499 62.069
625191 38248 60.6061
625191 691614 64.7059
625191 629494 72.2222
625191 26542 64.7059
625191 619101 61.5385
625191 660420 60
625191 20579 61.1111
625191 680859 64.7059
625191 608712 61.1111
625191 622693 60.6061
625191 14023 80
625191 6745 64.2857
625191 684041 70.5882
625191 646176 73.3333
625191 298812 64.8649
625191 683369 62.5
625191 667068 66.6667
625191 342008 68.5714
625191 4737 62.5
625191 24833 66.6667
625191 622652 66.6667
625191 681316 61.1111
625191 24711 62.8571
625191 656987 62.8571
625191 639840 65
625191 641997 61.5385
625191 664276 72.2222
625191 194315 72.2222
625191 677514 64.7059
625191 630911 64.7059
625191 638686 62.8571
625191 111180 72.7273
625191 56501 61.1111
625191 638702 70.2703
625191 71999 60
625191 358737 81.25
625191 664543 62.8571
625191 670248 61.1111
625191 659438 61.1111
625191 658498 78.7879
625191 680857 62.5
625191 73198 60
625191 38468 61.1111
625191 161609 77.4194
625191 255115 72.2222
625191 77845 81.25
625191 664977 62.8571
625191 149987 61.1111
625191 73819 64.7059
625191 663780 68.4211
625191 645038 64.7059
625191 193514 66.6667
625191 49210 64.8649
625191 401554 70.9677
625191 650709 83.871
625191 81656 68.75
625191 87081 61.1111
625191 269613 72.2222
625191 45914 63.1579
625191 42030 75
625191 622694 60.6061
625191 13506 75
625191 667940 66.6667
625191 7760 64.7059
625191 658774 70.2703
625191 690569 62.8571
625191 601307 62.8571
625191 51867 78.7879
625191 241173 62.5
625191 103805 62.5
625191 690691 66.6667
625191 626947 70.9677
625191 372154 60.6061
625191 59679 61.1111
625191 684792 61.1111
625191 160588 68.75
625191 630640 62.5
625191 118993 66.6667
625191 101655 62.8571
625191 120309 66.6667
625191 202965 68.75
625191 661463 75.8621
625191 79007 62.8571
625191 620248 62.5
625191 20122 70.2703
625191 6957 68.75
625191 31539 63.1579
625191 353871 71.4286
625191 667849 61.1111
625191 220327 61.1111
625191 680 69.2308
625191 633868 68.5714
625191 372360 64.8649
625191 641165 61.5385
625191 607167 70.2703
625191 49348 80
625191 98696 66.6667
625191 76010 62.8571
625191 602889 62.8571
625191 643485 64.5161
625191 83398 62.8571
625191 115006 62.8571
625191 142693 66.6667
625191 66489 62.8571
625191 2253 62.069
625191 658501 70.2703
625191 2858 71.4286
625191 664853 64.7059
625191 663921 68.75
625191 66070 66.6667
625191 309708 66.6667
625191 76031 77.4194
625191 685117 61.1111
625191 1390 62.8571
625191 603974 68.75
625191 636993 61.5385
625191 266126 64.7059
625191 30152 62.5
625191 680828 64.8649
625191 675279 70.2703
625191 193513 77.4194
625191 658487 70.2703
625191 40450 61.1111
625191 54829 62.8571
625191 684033 61.1111
625191 687618 74.2857
625191 679482 66.6667
625191 193502 72.2222
625191 87059 61.1111
625191 43026 63.1579
625191 75773 60
625191 67609 61.1111
625191 4926 75
625191 365560 66.6667
625191 641764 70.9677
625191 338205 61.1111
625191 667944 66.6667
625191 48911 66.6667
625191 66068 64.7059
625191 116805 62.8571
625191 179790 80
625191 658309 74.2857
625191 164774 62.8571
625191 656084 66.6667
625191 4120 78.5714
625191 14549 66.6667
625191 43395 70.5882
625191 38253 66.6667
625191 667760 64.7059
625191 632920 62.5
625191 623233 62.8571
625191 690579 70.2703
625191 674553 70.2703
625191 611078 60.6061
625191 664551 68.75
625191 36603 78.7879
625191 634616 60.6061
625191 628334 64.7059
625191 9659 64.7059
625191 193521 81.25
625191 372155 62.8571
625191 692226 68.9655
625191 679281 60.6061
625191 229540 66.6667
625191 690415 61.1111
625191 667063 60.6061
625191 686465 68.5714
625191 33377 74.2857
625191 116523 70.2703
625191 635960 61.1111
625191 92220 62.069
625191 47695 61.1111
625191 42903 66.6667
625191 136014 70.5882
625191 675585 68.5714
625191 686662 68.75
625191 158910 62.8571
625191 686466 64.7059
625191 297577 70.2703
625191 685298 64.7059
625191 691610 68.75
625191 611347 62.8571
625191 103776 80
625191 625015 61.1111
625191 681072 64.7059
625191 68888 77.4194
625191 622695 64.5161
625191 209084 68.5714
625191 164614 64.7059
625191 10479 62.069
625191 130085 66.6667
625191 683879 64.7059
625191 74517 80
625191 76699 81.4815
625191 642896 64.7059
625191 264045 70.2703
625191 658533 66.6667
625191 638640 61.1111
625191 667850 72.2222
625191 617316 62.5
625191 202537 61.5385
625191 672018 72.2222
625191 401553 68.5714
625191 67476 61.1111
625191 658980 61.1111
625191 649428 63.1579
625191 38074 64.7059
625191 150501 64.5161
625191 674552 74.2857
625191 602890 64.7059
625191 609696 66.6667
625191 84227 66.6667
625191 342024 70.9677
625191 31592 73.3333
625191 664911 68.75
625191 647528 66.6667
625191 636095 63.1579
625191 641086 66.6667
625191 100467 81.25
625191 79447 61.1111
625191 161601 74.2857
625191 34632 68.4211
625191 637039 69.2308
625191 45164 61.1111
625191 326172 62.8571
625191 700291 64.5161
625191 328820 66.6667
625191 193517 68.75
625191 60892 62.5
625191 43285 70.5882
625191 67800 75.8621
625191 667247 61.1111
625191 637821 66.6667
625191 624856 80
625191 225122 64.8649
625191 139785 74.2857
625191 185355 60
625191 690590 70.2703
625191 63055 64.7059
625191 187538 68.5714
625191 672441 62.8571
625191 4728 61.5385
625191 643480 64.5161
625191 209913 69.2308
625191 634614 62.5
625191 361456 62.5
625191 6365 62.069
625191 292598 72.7273
625191 57826 60.6061
625191 19055 68.75
625191 73248 66.6667
625191 30724 64.7059
625191 755 68.5714
625191 29851 68.5714
625191 644297 60.6061
625191 45463 80
625191 668362 62.5
625191 62857 82.7586
625191 113665 62.8571
625191 696224 72.7273
625191 671881 62.8571
625191 130895 64.7059
625191 675215 62.8571
625191 664970 82.7586
625191 38243 66.6667
625191 263770 64.7059
625191 685799 64.8649
625191 82804 62.8571
625191 15130 62.8571
625191 690586 70.2703
625191 640230 63.1579
625191 64800 66.6667
625191 632227 64.5161
625191 684074 70.2703
625191 680708 64.5161
625191 3110 76.9231
625191 625028 75.8621
625191 350191 74.2857
625191 647530 66.6667
625191 84552 66.6667
625191 326651 64.8649
625191 633553 63.1579
625191 680831 75
625191 98431 66.6667
625191 122381 70.9677
625191 154880 62.8571
625191 39362 66.6667
625191 122640 66.6667
625191 135284 62.5
625191 174620 60.6061
625191 646161 81.4815
625191 677915 66.6667
625191 131312 68.9655
625191 752 64.8649
625191 700296 64.5161
625191 45410 75
625191 677916 60.6061
625191 669986 64.7059
625191 632919 62.5
625191 3767 62.8571
625191 692011 70.2703
625191 646162 82.7586
625191 680466 64.7059
625191 102623 62.8571
625191 75516 62.8571
625191 686664 72.2222
625191 660053 70.2703
625191 683722 80
625191 686663 66.6667
625191 58895 61.1111
625191 59727 70.9677
625191 66479 60
625191 25855 73.3333
625191 30723 64.7059
625191 762 62.069
625191 667749 64.7059
625191 630076 60
625191 364989 66.6667
625191 6396 63.1579
625191 663576 63.1579
625191 339497 70.9677
625191 625027 66.6667
625191 40593 62.5
625191 29232 64.7059
625191 13687 61.1111
625191 680482 62.8571
625191 103998 72.2222
625191 631634 60
625191 86939 64.7059
625191 18894 71.4286
625191 278175 64.7059
625191 663927 70.2703
625191 187521 66.6667
625191 662782 75
625191 207835 72.2222
625191 18255 66.6667
625191 409127 72.2222
625191 125185 78.5714
625191 626433 64.7059
625191 627222 74.2857
625191 675278 70.2703
625191 684035 76.4706
625191 658818 68.4211
625191 670237 66.6667
625191 694315 62.8571
625191 77071 62.069
625191 4867 61.5385
625191 240408 70.9677
625191 683725 82.7586
625191 662773 64.5161
625191 646166 60.6061
625191 681101 68.75
625191 521887 64.7059
625191 648928 62.8571
625191 632917 70.5882
625191 667941 66.6667
625191 617627 80
625191 674195 61.1111
625191 648929 70.2703
625191 635820 68.4211
625191 282037 62.5
625191 3235 62.069
625191 632921 60
625191 4771 64.7059
625191 14787 66.6667
625191 58978 68.75
625191 327982 83.871
625191 624051 65
625191 82807 62.8571
625191 683723 70.5882
625191 670091 66.6667
625191 2775 61.1111
625191 646159 66.6667
625191 667524 70.5882
625191 180816 60.6061
625191 672019 72.2222
625191 10014 70.9677
625191 79006 64.7059
625191 264039 70.2703
625191 66688 61.1111
625191 41551 64.2857
625191 684038 66.6667
625191 649097 61.5385
625191 649092 72.2222
625191 627011 70.5882
625191 634156 76.4706
625191 699206 72.2222
625191 65007 64.8649
625191 638603 70.9677
625191 629716 62.5
625191 649427 63.1579
625191 23272 66.6667
625191 638636 62.5
625191 119877 66.6667
625191 685783 61.1111
625191 686667 66.6667
625191 40252 64.5161
625191 163501 61.1111
625191 327445 72.7273
625191 634615 62.8571
625191 81549 70.9677
625191 79707 66.6667
625191 65987 62.5
625191 51337 78.7879
625191 647527 89.6552
625191 663914 61.1111
625191 655039 60
625191 627370 62.8571
625191 75707 66.6667
625191 75518 78.7879
625191 632918 72.2222
625191 627175 60
625191 270531 62.5
625191 636086 68.4211
625191 26540 64.7059
625191 60188 64.2857
625191 602913 70.2703
625191 79008 64.8649
625191 192626 64.5161
625191 103769 69.2308
625191 627066 62.8571
625191 3609 75
625191 45956 71.4286
625191 653051 62.8571
625191 630639 62.5
625191 663935 64.7059
625191 404698 64.7059
0 8
1 0
2 0
3 0
4 0
5 0
6 0
7 0
8 2
9 3
10 3
11 2
12 5
13 19
14 3
15 10
16 3
17 8
18 17
19 18
20 32
21 6
22 5
23 6
24 10
25 13
26 7
27 9
28 13
29 9
30 1
31 9
32 6
33 7
34 5
35 10
36 25
37 28
38 43
39 30
40 44
41 5
42 27
43 23
44 19
45 12
46 25
47 30
48 28
49 45
50 31
51 0
52 65
53 37
54 11
55 47
56 21
57 40
58 62
59 36
60 60
61 14
62 47
63 74
64 11
65 66
66 0
67 56
68 0
69 33
70 4
71 42
72 4
73 23
74 3
75 16
76 3
77 3
78 4
79 8
80 9
81 0
82 6
83 4
84 2
85 0
86 0
87 0
88 0
89 0
90 1
91 0
92 0
93 0
94 0
95 0
96 0
97 0
98 0
99 0
100 0
101 0
15
12886
