99
622229 632484 96.6667
622229 697671 74.3119
622229 646943 90.8333
622229 78741 85.4701
622229 380479 75.6098
622229 638355 89.3805
622229 698554 75.7282
622229 662831 73
622229 78748 88.0658
622229 364296 76.8559
622229 638583 83.7838
622229 656199 91.4062
622229 664739 73.125
622229 58058 91.2698
622229 638352 95.8333
622229 58057 92.6829
622229 34931 97.0711
622229 47750 88.3117
622229 638365 88.3929
622229 648540 66.1538
622229 58056 92.6829
622229 643408 72.3005
622229 664210 71
622229 78746 85.9504
622229 651015 77.8523
622229 651714 78.341
622229 668537 82.2695
622229 664891 68.0851
622229 78747 87.8661
622229 687376 70.6383
622229 7229 90.0901
622229 670886 73.125
622229 661755 71.7742
622229 673653 87.3016
622229 680411 70.7424
622229 651686 94.3548
622229 632486 92.1875
622229 47764 93.7759
622229 642663 95.9016
622229 680413 71.2446
622229 665964 70.297
622229 657017 71.066
622229 47770 88.9764
622229 660372 67.0157
622229 662832 66.3212
622229 45616 91.63
622229 634756 92.9688
622229 78737 83.105
622229 645793 82.2695
622229 631567 95.9677
622229 78738 87.2727
622229 33668 88.2096
622229 661057 67.0157
622229 73283 68.6869
622229 662162 68.0851
622229 45622 92
622229 632483 88.5965
622229 633031 79.638
622229 647974 95.4357
622229 651018 70
622229 660373 68.3938
622229 666863 66.055
622229 638582 83.4862
622229 668532 68.6567
622229 670881 74.5283
622229 675268 94.2623
622229 699499 70.1299
622229 65849 99.5885
622229 680416 71.1111
622229 661944 86.4286
622229 654077 76.0976
622229 693165 69.5652
622229 651687 95.8333
622229 632493 92.3077
622229 673654 85.9375
622229 47761 93.0041
622229 45617 90.4348
622229 634755 93.0769
622229 633424 86.1314
622229 634748 83.7838
622229 698553 68.7179
622229 650898 72.1992
622229 658434 68.0851
622229 640323 71.09
622229 9617 96.3563
622229 662427 66.3212
622229 79589 78.1395
622229 663417 70.5314
622229 634749 89.2308
622229 701201 66.6667
622229 634751 96.6667
622229 665356 72.2772
622229 7231 88.5845
622229 662283 90.9091
622229 5015 90.583
622229 65856 83.682
622229 668536 80.8511
622229 665534 94.2623
622229 651016 82.2695
0 4
1 0
2 0
3 0
4 1
5 3
6 1
7 3
8 3
9 4
10 3
11 6
12 5
13 5
14 8
15 16
16 8
17 27
18 29
19 24
20 49
21 31
22 83
23 83
24 88
25 90
26 80
27 150
28 124
29 69
30 50
31 68
32 69
33 29
34 6
35 7
36 3
37 5
38 3
39 2
40 8
41 4
42 4
43 2
44 8
45 5
46 9
47 11
48 12
49 9
50 10
51 6
52 1
53 3
54 4
55 5
56 8
57 10
58 5
59 9
60 6
61 7
62 7
63 8
64 9
65 7
66 12
67 5
68 2
69 7
70 2
71 6
72 5
73 4
74 2
75 2
76 2
77 2
78 1
79 2
80 1
81 1
82 0
83 3
84 5
85 0
86 3
87 2
88 3
89 7
90 2
91 5
92 4
93 5
94 3
95 3
96 5
97 3
98 1
99 0
100 1
101 0
36
13670
