18
665536 9168 72.4138
665536 629267 73.5632
665536 665158 78.0952
665536 640890 68.4211
665536 648344 81.1881
665536 663417 66.1654
665536 74380 70.2703
665536 701201 69.2913
665536 641660 77.4194
665536 700590 69.5652
665536 659342 68.4932
665536 660371 66.6667
665536 656387 68.4932
665536 682699 73.0435
665536 689210 66.6667
665536 629273 73.5632
665536 664208 73.0435
665536 624231 75.2941
0 2
1 0
2 0
3 0
4 1
5 0
6 0
7 0
8 1
9 0
10 1
11 0
12 0
13 0
14 0
15 1
16 2
17 0
18 2
19 1
20 1
21 1
22 0
23 0
24 0
25 1
26 2
27 2
28 2
29 3
30 3
31 1
32 3
33 1
34 2
35 4
36 1
37 5
38 3
39 5
40 3
41 4
42 4
43 4
44 2
45 3
46 1
47 0
48 6
49 3
50 2
51 6
52 3
53 8
54 3
55 4
56 3
57 6
58 2
59 3
60 4
61 1
62 3
63 1
64 2
65 2
66 3
67 3
68 0
69 3
70 2
71 1
72 0
73 1
74 4
75 0
76 1
77 0
78 1
79 1
80 0
81 0
82 1
83 0
84 0
85 0
86 0
87 0
88 0
89 0
90 0
91 0
92 0
93 0
94 0
95 0
96 0
97 0
98 0
99 0
100 0
101 0
2
98
