221
79008 670237 71.4286
79008 663780 76.5957
79008 271622 70
79008 193520 71.7949
79008 65007 73.913
79008 685783 66.6667
79008 690574 78.2609
79008 674324 78.0488
79008 611783 66.6667
79008 14549 75.5556
79008 624942 70.8333
79008 137470 69.5652
79008 684035 74.4186
79008 658818 68.0851
79008 82804 77.2727
79008 675278 69.5652
79008 659438 75.5556
79008 683879 83.7209
79008 73248 66.6667
79008 674349 71.7949
79008 100140 85.7143
79008 648929 69.5652
79008 164774 68.1818
79008 679482 71.7949
79008 365560 71.1111
79008 67476 71.1111
79008 690570 73.913
79008 671880 82.6087
79008 683726 71.4286
79008 75516 72.7273
79008 638702 69.5652
79008 690569 77.2727
79008 667254 69.7674
79008 40450 71.1111
79008 207835 80
79008 680831 78.0488
79008 7528 73.913
79008 680818 68.2927
79008 678398 83.7209
79008 838 76.1905
79008 338235 66.6667
79008 66489 72.7273
79008 370393 72.7273
79008 55459 68.0851
79008 4737 73.1707
79008 299385 69.5652
79008 635171 73.913
79008 677506 68.2927
79008 79007 95.4545
79008 49348 76.9231
79008 629036 76.1905
79008 658501 69.5652
79008 682569 68.2927
79008 370399 81.8182
79008 31539 68.0851
79008 699037 71.1111
79008 686667 80
79008 4767 68.1818
79008 641764 70
79008 66070 66.6667
79008 13506 78.0488
79008 643468 66.6667
79008 643471 68.1818
79008 79006 79.0698
79008 187521 66.6667
79008 64800 70.8333
79008 667378 68.2927
79008 82806 69.5652
79008 76031 70
79008 65987 68.2927
79008 634219 69.5652
79008 634220 69.5652
79008 5729 72.7273
79008 683725 68.4211
79008 113665 72.7273
79008 634156 74.4186
79008 292598 66.6667
79008 4419 74.4186
79008 658309 72.7273
79008 100467 68.2927
79008 33377 72.7273
79008 670248 66.6667
79008 3110 68.5714
79008 208746 83.7209
79008 643485 75
79008 752 73.913
79008 82807 81.8182
79008 622652 75
79008 229540 71.1111
79008 646176 66.6667
79008 121770 74.4186
79008 4857 78.9474
79008 42903 71.7949
79008 643480 75
79008 372154 66.6667
79008 685799 82.6087
79008 116523 73.913
79008 328442 71.4286
79008 690589 73.913
79008 51867 76.1905
79008 57259 68.2927
79008 663927 78.2609
79008 109852 76.1905
79008 48226 68.4211
79008 361456 73.1707
79008 14787 71.7949
79008 252048 74.4186
79008 194296 70.2703
79008 690590 82.6087
79008 122381 75
79008 675586 73.913
79008 680857 68.2927
79008 633553 72.3404
79008 193521 78.0488
79008 45914 68.0851
79008 667944 75.5556
79008 662876 68.1818
79008 66068 69.7674
79008 100649 66.6667
79008 70716 77.2727
79008 690575 77.2727
79008 177951 68.1818
79008 639963 68.2927
79008 74517 76.9231
79008 55456 68.0851
79008 674553 78.2609
79008 193513 85
79008 672018 71.1111
79008 282037 68.2927
79008 270531 73.1707
79008 63917 70.8333
79008 690578 73.913
79008 653048 68.1818
79008 57048 68.1818
79008 512913 71.1111
79008 684038 75.5556
79008 671881 81.8182
79008 677276 71.1111
79008 648928 68.1818
79008 225122 69.5652
79008 43395 74.4186
79008 67609 75.5556
79008 75518 76.1905
79008 667940 66.6667
79008 670091 71.4286
79008 622659 68.1818
79008 684074 73.913
79008 602889 72.7273
79008 167881 72.7273
79008 141014 70
79008 692011 86.9565
79008 608710 66.6667
79008 97327 66.6667
79008 98696 71.1111
79008 3609 68.2927
79008 116306 66.6667
79008 658774 69.5652
79008 605469 72.7273
79008 656084 80
79008 674350 83.7209
79008 635951 80
79008 77845 82.9268
79008 684041 83.7209
79008 658782 71.4286
79008 19671 69.7674
79008 27320 71.4286
79008 409127 71.1111
79008 119877 71.1111
79008 667941 75.5556
79008 658779 69.7674
79008 101655 77.2727
79008 658498 76.1905
79008 672019 71.1111
79008 528168 66.6667
79008 629118 66.6667
79008 656987 68.1818
79008 60892 68.2927
79008 78998 80.9524
79008 690586 82.6087
79008 264039 69.5652
79008 681072 69.7674
79008 99871 68.2927
79008 675585 77.2727
79008 344521 69.5652
79008 624856 71.7949
79008 677500 66.6667
79008 297577 69.5652
79008 609816 66.6667
79008 342008 72.7273
79008 263770 69.7674
79008 266126 69.7674
79008 326651 86.9565
79008 60734 69.5652
79008 699206 66.6667
79008 658533 70.8333
79008 292603 66.6667
79008 19055 73.1707
79008 56285 69.7674
79008 100141 85.7143
79008 4935 70.8333
79008 113444 72.7273
79008 680466 69.7674
79008 639840 73.4694
79008 60549 78.2609
79008 684033 66.6667
79008 674329 73.1707
79008 674552 72.7273
79008 675215 68.1818
79008 622695 70
79008 839 66.6667
79008 43285 74.4186
79008 622694 71.4286
79008 687618 68.1818
79008 43634 66.6667
79008 18621 78.2609
79008 60530 69.5652
79008 344522 69.5652
79008 675279 69.5652
79008 51143 75
79008 683722 66.6667
79008 42030 68.2927
0 7
1 0
2 0
3 0
4 0
5 0
6 0
7 5
8 3
9 1
10 1
11 0
12 13
13 4
14 0
15 3
16 7
17 11
18 9
19 5
20 3
21 3
22 4
23 17
24 9
25 21
26 14
27 9
28 25
29 16
30 66
31 44
32 63
33 25
34 30
35 30
36 20
37 16
38 16
39 26
40 41
41 19
42 35
43 34
44 35
45 33
46 44
47 38
48 40
49 36
50 44
51 2
52 46
53 25
54 27
55 36
56 31
57 20
58 34
59 19
60 36
61 28
62 12
63 20
64 30
65 7
66 22
67 26
68 0
69 34
70 32
71 6
72 25
73 14
74 16
75 12
76 6
77 9
78 6
79 10
80 5
81 1
82 3
83 5
84 5
85 1
86 2
87 2
88 0
89 0
90 0
91 0
92 0
93 0
94 0
95 0
96 1
97 0
98 0
99 0
100 0
101 0
17
13916
