691
633221 60275 77.551
633221 67437 69.3878
633221 16448 78.2609
633221 161622 75.5556
633221 74297 71.4286
633221 685303 65.2174
633221 636944 73.913
633221 638593 80.8511
633221 241113 68.0851
633221 645868 72.3404
633221 18256 65
633221 645089 80.8511
633221 625794 87.5
633221 624188 66.6667
633221 637006 70.8333
633221 625134 60.8696
633221 655263 68.1818
633221 676725 70.8333
633221 624184 66.6667
633221 27419 69.5652
633221 640191 78.2609
633221 122751 75.5556
633221 638173 79.1667
633221 5553 77.2727
633221 686264 72.7273
633221 650034 80.8511
633221 623661 86.3636
633221 109884 82.6087
633221 636473 85.7143
633221 645727 68.75
633221 44217 65.3061
633221 64797 63.6364
633221 636098 60.8696
633221 641763 65.2174
633221 623648 85.7143
633221 640645 62.2222
633221 649422 70.8333
633221 172262 60.8696
633221 623711 74.4186
633221 659144 65.2174
633221 625196 66.6667
633221 72272 69.5652
633221 640331 76.5957
633221 295375 66.6667
633221 125718 90.9091
633221 628815 71.1111
633221 145081 80.8511
633221 634304 77.551
633221 643044 90.9091
633221 625381 86.2745
633221 646204 77.551
633221 114022 60
633221 647648 73.0159
633221 626945 71.1111
633221 624005 82.6087
633221 12148 83.3333
633221 657818 79.0698
633221 96448 72.7273
633221 32363 79.0698
633221 55619 93.617
633221 10549 68.0851
633221 664309 70
633221 624004 82.6087
633221 612765 87.5
633221 627377 76.5957
633221 617378 91.6667
633221 33832 75
633221 646439 70.7692
633221 640439 69.5652
633221 646222 89.3617
633221 625648 67.6923
633221 28142 88.3721
633221 66597 79.1667
633221 617370 70.8333
633221 693097 69.5652
633221 666439 79.1667
633221 647372 84.4444
633221 646989 61.5385
633221 215132 71.1111
633221 627073 71.1111
633221 163661 80.7018
633221 700601 86.9565
633221 294109 88.8889
633221 603719 85.1064
633221 619101 77.551
633221 660420 60
633221 608712 73.913
633221 639475 65.7534
633221 650059 74.1935
633221 602908 93.3333
633221 625462 80.8511
633221 611545 70.8333
633221 683369 66.6667
633221 639710 62.5
633221 645548 62.3377
633221 667068 65.1163
633221 301197 66.6667
633221 657806 83.7209
633221 616256 72.7273
633221 33610 77.551
633221 681316 60.8696
633221 24711 66.6667
633221 623700 77.551
633221 626544 63.8298
633221 641997 73.4694
633221 194315 65.2174
633221 655264 73.913
633221 677514 63.6364
633221 630911 68.1818
633221 677513 77.2727
633221 617395 73.913
633221 638686 62.2222
633221 628867 95.6522
633221 111180 65.1163
633221 56501 65.2174
633221 679275 71.1111
633221 58579 69.7674
633221 679579 91.3043
633221 405968 73.4694
633221 161621 75.5556
633221 124997 74.4186
633221 623635 75
633221 621888 71.1111
633221 652546 62.5
633221 38468 69.5652
633221 656400 77.551
633221 41356 80
633221 623650 66.6667
633221 255115 65.2174
633221 664977 62.2222
633221 1163 83.7209
633221 625144 72.3404
633221 627074 71.1111
633221 646210 85.7143
633221 72286 73.4694
633221 73819 63.6364
633221 677434 65.1163
633221 664284 76.5957
633221 56869 77.551
633221 688887 77.2727
633221 688343 77.2727
633221 256 75
633221 677507 68.1818
633221 55548 79.1667
633221 49210 72.3404
633221 646444 70.7692
633221 646203 77.551
633221 641660 63.7681
633221 630915 78.2609
633221 257830 72.3404
633221 645978 97.9592
633221 215138 71.1111
633221 626954 93.3333
633221 630690 80
633221 632952 86.3636
633221 658464 63.6364
633221 1168 83.7209
633221 635034 74.5763
633221 76006 65.3061
633221 43871 75.5556
633221 54088 60.4651
633221 669273 68.1818
633221 649436 91.6667
633221 623991 84.4444
633221 87081 73.913
633221 657731 60.8696
633221 127964 85.1064
633221 644325 86.3636
633221 2743 72.3404
633221 638641 76.5957
633221 646164 78.2609
633221 636941 73.913
633221 626865 80.9524
633221 382814 80
633221 160497 78.2609
633221 644432 100
633221 679577 80.8511
633221 601307 62.2222
633221 4140 89.7959
633221 677510 73.913
633221 600388 77.2727
633221 241173 71.4286
633221 625063 84.4444
633221 522408 78.2609
633221 625465 93.617
633221 229 69.3878
633221 59679 73.913
633221 656392 77.551
633221 659234 66.6667
633221 684792 65.2174
633221 647014 63.7681
633221 140665 90.9091
633221 654113 93.617
633221 118993 65
633221 341865 70.8333
633221 629267 63.4921
633221 120309 65.1163
633221 623992 79.1667
633221 628999 90.9091
633221 629009 97.8723
633221 640286 67.6923
633221 697943 85.1064
633221 658397 62.5
633221 643729 69.3878
633221 620248 71.4286
633221 685584 60.7595
633221 636790 76.1905
633221 670183 80.8511
633221 36283 95.6522
633221 641661 67.6056
633221 650981 81.8182
633221 5220 63.8298
633221 625471 84.4444
633221 645335 80
633221 646436 70.7692
633221 627725 66.6667
633221 631597 71.7949
633221 700123 87.5
633221 617683 69.3878
633221 667849 60.8696
633221 658787 70.7692
633221 220327 65.2174
633221 54855 89.7959
633221 619072 70.9677
633221 633868 62.2222
633221 1112 66.6667
633221 625412 77.551
633221 622636 85.1064
633221 294110 93.3333
633221 641165 77.551
633221 624842 65.2174
633221 637641 66.6667
633221 666530 81.8182
633221 30798 97.8723
633221 634135 72.3404
633221 84223 70.2703
633221 37752 85.7143
633221 657562 72.7273
633221 633890 100
633221 42443 81.6327
633221 636921 73.913
633221 83398 62.2222
633221 142693 60
633221 626923 68
633221 30131 80
633221 16634 95.6522
633221 62778 65.1163
633221 658698 83.3333
633221 629718 79.0698
633221 404000 80.8511
633221 692599 80
633221 656391 72.3404
633221 169105 86.9565
633221 651739 69.3878
633221 617363 83.3333
633221 677555 77.2727
633221 637434 70.8333
633221 639682 77.551
633221 624349 83.3333
633221 660421 75
633221 664853 68.1818
633221 102318 88.8889
633221 650211 69.3878
633221 66070 65.3061
633221 651217 79.1667
633221 345650 63.8298
633221 59628 75
633221 74380 88
633221 627383 89.7959
633221 670181 74.4186
633221 685117 65.2174
633221 670149 77.2727
633221 661128 89.7959
633221 623701 74.4186
633221 81669 76.5957
633221 650625 66.6667
633221 67594 70.8333
633221 636993 69.3878
633221 54833 70.8333
633221 30152 71.4286
633221 639472 67.6056
633221 634306 85.7143
633221 158037 71.1111
633221 64013 77.2727
633221 630692 77.551
633221 97219 80.8511
633221 639772 66.6667
633221 54829 66.6667
633221 650624 75
633221 647024 64.8649
633221 43026 79.1667
633221 52350 75
633221 186233 72.3404
633221 338205 65.2174
633221 650064 71.6418
633221 645542 66.6667
633221 48911 65
633221 60195 60
633221 646440 68.6567
633221 7636 77.2727
633221 102851 80.8511
633221 628265 88.8889
633221 25952 93.617
633221 624987 78.2609
633221 624671 75
633221 38253 65.1163
633221 639681 77.551
633221 645129 61.9718
633221 638534 66.6667
633221 55342 73.913
633221 657817 95.6522
633221 647645 70.7692
633221 656390 73.4694
633221 633174 76
633221 672208 78.2609
633221 657811 77.551
633221 634171 73.4694
633221 611078 69.7674
633221 96461 75.5556
633221 626100 73.913
633221 400230 73.1707
633221 625795 85.7143
633221 660640 81.8182
633221 625469 80.8511
633221 675282 61.9718
633221 657840 85.7143
633221 625042 81.6327
633221 651220 87.5
633221 665536 66.6667
633221 692226 61.5385
633221 679281 60.4651
633221 128160 88.8889
633221 641699 66.6667
633221 43870 75.5556
633221 180 90.9091
633221 690415 65.2174
633221 633011 69.0909
633221 382815 80.8511
633221 656386 80.8511
633221 116539 71.1111
633221 646645 61.2245
633221 634714 85.7143
633221 646707 89.7959
633221 635960 73.913
633221 658776 76.5957
633221 369774 93.617
633221 609067 77.193
633221 1986 88.8889
633221 694105 72.3404
633221 677512 71.4286
633221 627435 80
633221 2750 60.4651
633221 116363 80.8511
633221 47695 78.2609
633221 72089 70.8333
633221 651737 69.3878
633221 650609 87.5
633221 686466 63.6364
633221 644273 76.1905
633221 646910 65.7534
633221 291305 86.9565
633221 636784 79.1667
633221 647068 77.551
633221 677920 74.4186
633221 148519 63.1579
633221 12463 63.8298
633221 309699 71.1111
633221 617368 65.1163
633221 209084 71.1111
633221 631315 80
633221 675186 66.6667
633221 659342 77.551
633221 695625 75
633221 680715 81.8182
633221 625421 63.8298
633221 646165 83.3333
633221 138305 85.7143
633221 616232 76.5957
633221 647643 67.6056
633221 666665 76.5957
633221 656387 77.551
633221 638640 65.2174
633221 73166 74.4186
633221 40484 62.5
633221 624535 85.7143
633221 617316 71.4286
633221 8512 91.3043
633221 636935 70.8333
633221 111920 62.2222
633221 53183 77.551
633221 658980 65.2174
633221 31976 71.1111
633221 649428 70.8333
633221 404827 61.9048
633221 160587 69.5652
633221 679825 76.6667
633221 646441 64.7887
633221 654114 80.8511
633221 670182 75.5556
633221 84227 60
633221 72288 73.4694
633221 636095 75
633221 665553 85.1064
633221 68955 77.2727
633221 659015 65.7534
633221 617409 80.8511
633221 631128 85.7143
633221 636943 83.3333
633221 34632 66.6667
633221 294731 72.7273
633221 631648 79.1667
633221 623636 86.9565
633221 663571 75
633221 650783 72.3404
633221 45164 78.2609
633221 326172 62.2222
633221 8774 93.617
633221 646001 75
633221 697384 75.5556
633221 691995 64.6154
633221 637493 67.6056
633221 689210 87.5
633221 627226 77.2727
633221 657803 89.3617
633221 629474 88.8889
633221 136135 78.2609
633221 667247 69.5652
633221 43798 70.8333
633221 634293 72.3404
633221 631630 87.5
633221 191990 73.913
633221 63862 93.617
633221 670179 74.4186
633221 637642 66.6667
633221 634151 76.9231
633221 676713 63.6364
633221 63055 63.6364
633221 672441 66.6667
633221 624961 72.3404
633221 20985 76.1905
633221 650616 85.1064
633221 633879 97.8723
633221 6365 66.6667
633221 601362 69.3878
633221 648400 61.5385
633221 666432 95.8333
633221 676419 60.274
633221 663915 66.6667
633221 364202 80
633221 662187 82.6087
633221 627436 90.9091
633221 73248 65.3061
633221 628244 84
633221 677516 82.6087
633221 647644 67.6056
633221 57548 62.5
633221 30724 63.6364
633221 29851 62.2222
633221 644297 69.7674
633221 650608 60
633221 278461 76.5957
633221 624163 72.3404
633221 693434 80
633221 8120 85.1064
633221 690393 74.1935
633221 668362 71.4286
633221 663585 100
633221 623832 68.0851
633221 687813 68.5714
633221 231338 66.6667
633221 624231 65.5738
633221 609818 61.2245
633221 657836 80.8511
633221 696224 65.1163
633221 651218 79.1667
633221 650610 91.3043
633221 657805 83.7209
633221 650611 68.1818
633221 629037 78.2609
633221 38243 65.1163
633221 627708 63.4921
633221 174612 71.1111
633221 640230 75
633221 634470 75
633221 632227 68.2927
633221 647646 70.7692
633221 672960 81.8182
633221 640890 80.7692
633221 628996 85.7143
633221 650634 66.6667
633221 624162 69.3878
633221 670148 93.617
633221 628296 76.1905
633221 84552 69.5652
633221 629038 62.5
633221 651324 83.3333
633221 98431 60.4651
633221 664941 70.5882
633221 311941 77.2727
633221 57598 66.6667
633221 694557 64
633221 625186 77.551
633221 641698 66.6667
633221 39362 69.3878
633221 637646 73.0159
633221 661471 66.6667
633221 683892 68.0851
633221 118613 62.2222
633221 83653 70.8333
633221 625464 84.4444
633221 651735 69.3878
633221 174620 74.4186
633221 38255 61.2245
633221 677915 65
633221 131312 61.5385
633221 56148 72.3404
633221 295156 85.7143
633221 638129 89.7959
633221 677916 65.1163
633221 622644 66.6667
633221 656393 73.4694
633221 663952 66.6667
633221 645124 66.6667
633221 602880 66.6667
633221 71320 71.1111
633221 63911 80.8511
633221 58895 73.913
633221 26154 73.1707
633221 649441 83.3333
633221 66479 65
633221 695218 78.2609
633221 640902 71.6981
633221 641654 61.9718
633221 30723 63.6364
633221 638174 79.1667
633221 664269 68.1818
633221 663936 70.8333
633221 677545 61.9048
633221 636946 70.8333
633221 630076 68
633221 693424 85.7143
633221 71439 66.6667
633221 405084 69.3878
633221 663576 70.8333
633221 174655 62.2222
633221 645098 71.875
633221 638851 90.9091
633221 628102 69.3878
633221 29232 63.6364
633221 13687 73.913
633221 109999 66.6667
633221 666436 91.6667
633221 82166 68.1818
633221 609819 74.4186
633221 613239 76.5957
633221 301196 69.7674
633221 625064 80.8511
633221 628495 77.193
633221 667470 82.6087
633221 631634 65
633221 41554 69.3878
633221 278175 63.6364
633221 691259 62.5
633221 614939 66.6667
633221 40725 80
633221 662782 61.9048
633221 18255 65
633221 700591 60.6061
633221 624960 72.3404
633221 86080 72.3404
633221 624006 82.6087
633221 636118 77.551
633221 634163 80
633221 34551 91.6667
633221 639683 73.4694
633221 649096 63.8298
633221 642604 75
633221 676712 63.6364
633221 147625 65
633221 642788 80
633221 105373 77.2727
633221 694315 62.2222
633221 1026 76.1905
633221 624331 65.3061
633221 627082 63.8298
633221 646232 68.0851
633221 95102 73.913
633221 10121 93.617
633221 4867 73.4694
633221 58104 85.1064
633221 667276 82.6087
633221 636942 83.3333
633221 625468 85.7143
633221 23609 75.5556
633221 630262 85.7143
633221 662773 63.4146
633221 646166 69.7674
633221 521887 72.7273
633221 666115 69.697
633221 1118 63.4146
633221 644932 82.6087
633221 55876 97.8723
633221 674195 73.913
633221 647355 89.7959
633221 348706 73.913
633221 202930 61.9048
633221 3124 71.4286
633221 62009 70.8333
633221 636929 73.913
633221 4771 63.6364
633221 644333 68.0851
633221 295435 80
633221 19984 75.5556
633221 603977 66.6667
633221 616278 93.3333
633221 624051 64
633221 60698 61.9048
633221 27116 73.1707
633221 633900 85.7143
633221 617633 65.2174
633221 2775 65.2174
633221 646159 69.5652
633221 609820 74.4186
633221 54128 75
633221 631808 84.4444
633221 619147 61.2245
633221 636326 84.4444
633221 657843 85.7143
633221 294107 78.0488
633221 331770 82.6087
633221 639767 65.5172
633221 646207 89.3617
633221 617398 79.1667
633221 66688 60.8696
633221 667950 61.5385
633221 285113 77.2727
633221 634581 61.2245
633221 649097 65.3061
633221 680494 68.0851
633221 301199 66.6667
633221 157913 61.9048
633221 147110 79.1667
633221 58580 78.2609
633221 699206 60.8696
633221 636947 70.8333
633221 609248 86.9565
633221 87254 75.5556
633221 649427 70.8333
633221 624575 65.7534
633221 615011 80.8511
633221 615299 70.8333
633221 637643 66.6667
633221 677917 68.1818
633221 291534 63.8298
633221 56357 88.4615
633221 163501 65.2174
633221 624003 95.8333
633221 58030 92
633221 66069 73.4694
633221 81549 63.4146
633221 644871 87.5
633221 79707 69.7674
633221 649424 79.1667
633221 681679 62.8571
633221 2741 66.6667
633221 697598 64
633221 663914 65.2174
633221 56470 85.1064
633221 632386 85.7143
633221 638521 67.6056
633221 75707 61.2245
633221 612049 73.3333
633221 140121 76.5957
633221 25397 76.5957
633221 41355 80
633221 649044 100
633221 636086 62.5
633221 630691 80.8511
633221 131090 76.5957
633221 646438 70.7692
633221 659301 85.7143
633221 15193 80
633221 615985 67.6056
633221 627066 71.1111
633221 641697 66.6667
633221 620336 68.2927
633221 617628 70.8333
633221 617406 70.8333
633221 628979 95.8333
633221 634241 93.3333
633221 404698 63.6364
0 15
1 0
2 0
3 0
4 0
5 0
6 1
7 0
8 0
9 0
10 6
11 2
12 2
13 0
14 8
15 3
16 4
17 5
18 5
19 9
20 13
21 6
22 6
23 11
24 6
25 2
26 10
27 18
28 14
29 10
30 19
31 20
32 24
33 15
34 16
35 34
36 22
37 19
38 13
39 29
40 44
41 6
42 21
43 23
44 19
45 28
46 14
47 29
48 23
49 31
50 26
51 13
52 37
53 32
54 36
55 24
56 29
57 24
58 26
59 10
60 50
61 15
62 20
63 22
64 33
65 11
66 40
67 42
68 11
69 21
70 33
71 33
72 28
73 22
74 35
75 29
76 12
77 20
78 38
79 15
80 33
81 24
82 7
83 10
84 14
85 7
86 29
87 9
88 9
89 8
90 10
91 7
92 8
93 0
94 14
95 0
96 7
97 0
98 5
99 0
100 0
101 4
15
15162
