0
0 0
1 0
2 0
3 0
4 0
5 0
6 0
7 0
8 0
9 0
10 0
11 0
12 0
13 0
14 0
15 0
16 0
17 0
18 0
19 0
20 0
21 0
22 1
23 0
24 0
25 0
26 0
27 1
28 0
29 0
30 1
31 0
32 2
33 1
34 5
35 4
36 1
37 2
38 2
39 2
40 7
41 2
42 7
43 8
44 9
45 6
46 5
47 8
48 11
49 16
50 13
51 15
52 17
53 17
54 41
55 22
56 23
57 27
58 26
59 37
60 39
61 43
62 51
63 53
64 50
65 49
66 78
67 64
68 49
69 68
70 73
71 65
72 72
73 81
74 69
75 65
76 46
77 58
78 50
79 42
80 37
81 25
82 19
83 14
84 17
85 11
86 3
87 3
88 1
89 1
90 1
91 0
92 0
93 0
94 0
95 0
96 0
97 0
98 0
99 0
100 0
101 0
19
12916
