517
684792 234490 66.6667
684792 687212 75
684792 13009 68.1818
684792 66597 73.913
684792 634151 81.0811
684792 45762 72.3404
684792 193517 75
684792 629037 68.1818
684792 57547 66.6667
684792 269161 72.7273
684792 677499 70.2703
684792 616811 75.5556
684792 38709 73.1707
684792 638687 76.9231
684792 51337 68.2927
684792 634304 68.0851
684792 76006 72.3404
684792 43026 69.5652
684792 643044 66.6667
684792 673919 66.6667
684792 161601 69.7674
684792 163501 72.7273
684792 680828 66.6667
684792 634581 68.0851
684792 8512 68.1818
684792 667749 80.9524
684792 59679 72.7273
684792 634617 75.5556
684792 691610 70
684792 18256 68.4211
684792 661463 70.2703
684792 645600 68.0851
684792 691614 71.4286
684792 677507 71.4286
684792 625015 81.8182
684792 26542 80.9524
684792 664276 68.1818
684792 638640 68.1818
684792 64797 85.7143
684792 3428 69.5652
684792 670237 73.1707
684792 663780 69.5652
684792 662773 71.7949
684792 55666 68.2927
684792 271622 66.6667
684792 65007 66.6667
684792 625159 77.2727
684792 627082 80
684792 103805 70
684792 38256 75.6757
684792 124997 68.2927
684792 59628 69.5652
684792 685783 81.8182
684792 83398 69.7674
684792 180 66.6667
684792 87059 72.7273
684792 6365 75.6757
684792 651735 72.3404
684792 611783 68.0851
684792 627903 71.4286
684792 664284 75.5556
684792 624942 80.8511
684792 137470 80
684792 24833 68.2927
684792 658818 69.5652
684792 602908 69.7674
684792 37752 72.3404
684792 663620 80
684792 659438 72.7273
684792 622663 66.6667
684792 329097 77.2727
684792 663952 73.913
684792 648929 71.1111
684792 609067 76.3636
684792 54829 83.7209
684792 667249 69.7674
684792 679482 68.4211
684792 67476 68.1818
684792 690570 66.6667
684792 20122 66.6667
684792 653051 79.0698
684792 659122 73.913
684792 683726 68.2927
684792 75516 83.7209
684792 116805 74.4186
684792 70868 75.5556
684792 634775 66.6667
684792 88653 75
684792 79707 68.2927
684792 649096 71.1111
684792 685298 90.4762
684792 672441 79.0698
684792 627370 69.7674
684792 7760 76.1905
684792 638851 71.4286
684792 270751 66.6667
684792 651217 69.5652
684792 690393 70
684792 172262 72.7273
684792 638702 66.6667
684792 140025 66.6667
684792 667254 76.1905
684792 679275 79.0698
684792 95102 72.7273
684792 701652 66.6667
684792 679283 69.7674
684792 30131 79.1667
684792 663946 66.6667
684792 207835 68.1818
684792 118993 68.4211
684792 677514 71.4286
684792 1026 70
684792 127964 75.5556
684792 674195 72.7273
684792 7528 75.5556
684792 680818 70
684792 130895 71.4286
684792 356359 73.1707
684792 678398 66.6667
684792 521887 80.9524
684792 838 68.2927
684792 338235 86.3636
684792 663571 69.5652
684792 66489 69.7674
684792 626923 75
684792 370393 74.4186
684792 625196 70
684792 125185 66.6667
684792 72089 82.6087
684792 295435 69.7674
684792 348404 68.5714
684792 619147 76.5957
684792 626100 72.7273
684792 55459 73.913
684792 685117 90.9091
684792 686264 80.9524
684792 160451 71.1111
684792 677916 73.1707
684792 299385 66.6667
684792 630689 68.4211
684792 635171 75.5556
684792 677506 80
684792 617316 80
684792 623661 71.4286
684792 688342 66.6667
684792 658772 75.5556
684792 136014 66.6667
684792 610998 76.3636
684792 660421 69.5652
684792 109884 81.8182
684792 658776 75.5556
684792 658501 66.6667
684792 664269 76.1905
684792 68347 70.2703
684792 68955 80.9524
684792 42443 72.3404
684792 55876 66.6667
684792 626544 75.5556
684792 404698 76.1905
684792 18894 66.6667
684792 667760 90.4762
684792 683715 69.7674
684792 677513 71.4286
684792 641764 82.0513
684792 625813 69.5652
684792 2775 68.1818
684792 643468 78.0488
684792 626433 66.6667
684792 643471 83.7209
684792 638686 69.7674
684792 677915 73.6842
684792 680519 76.1905
684792 38250 66.6667
684792 660227 82.6087
684792 3846 85.1064
684792 64800 68.0851
684792 611347 83.7209
684792 138305 75
684792 279497 78.9474
684792 677555 71.4286
684792 56470 66.6667
684792 601362 72.3404
684792 692226 70.2703
684792 618260 68.2927
684792 34765 84.4444
684792 679542 69.7674
684792 620337 68.2927
684792 348706 68.1818
684792 76031 66.6667
684792 623657 68.1818
684792 640230 73.913
684792 662156 68.1818
684792 655264 72.7273
684792 663549 71.1111
684792 58511 66.6667
684792 634219 71.1111
684792 629718 73.1707
684792 629474 69.7674
684792 634220 71.1111
684792 609818 68.0851
684792 21412 70
684792 5729 69.7674
684792 113665 69.7674
684792 96448 66.6667
684792 634156 66.6667
684792 639683 68.0851
684792 86939 85.7143
684792 158910 74.4186
684792 617607 79.0698
684792 658309 69.7674
684792 81549 66.6667
684792 643469 80
684792 676737 69.7674
684792 33377 69.7674
684792 611078 82.9268
684792 670248 81.8182
684792 624960 71.1111
684792 667851 66.6667
684792 643485 71.7949
684792 645038 71.4286
684792 641763 77.2727
684792 619072 70
684792 29232 71.4286
684792 63055 76.1905
684792 645037 80.9524
684792 229540 68.1818
684792 653050 80
684792 110344 73.1707
684792 655263 71.4286
684792 617627 66.6667
684792 643480 71.7949
684792 372154 73.1707
684792 257830 66.6667
684792 116523 71.1111
684792 628296 70
684792 328442 73.1707
684792 690589 80
684792 114022 73.6842
684792 638593 75.5556
684792 51867 73.1707
684792 609819 73.1707
684792 694105 75.5556
684792 680494 66.6667
684792 24711 83.7209
684792 41356 69.7674
684792 663927 71.1111
684792 658980 95.4545
684792 4120 66.6667
684792 150952 68.1818
684792 84227 73.6842
684792 676713 71.4286
684792 109852 68.2927
684792 646158 72.2222
684792 679281 73.1707
684792 657817 68.1818
684792 681101 70
684792 667247 90.9091
684792 646164 68.1818
684792 76699 68.5714
684792 658487 75.5556
684792 660053 75.5556
684792 252048 71.4286
684792 48911 78.9474
684792 194296 66.6667
684792 690590 71.1111
684792 602880 82.6087
684792 688887 71.4286
684792 364202 74.4186
684792 612765 69.5652
684792 637189 72.7273
684792 122381 66.6667
684792 382319 80.9524
684792 634470 69.5652
684792 664001 80
684792 680857 70
684792 669986 66.6667
684792 657841 76.9231
684792 667944 68.1818
684792 625028 70.2703
684792 663589 80
684792 66068 66.6667
684792 661465 68.1818
684792 100649 68.2927
684792 70716 69.7674
684792 26245 68.2927
684792 639710 69.5652
684792 72288 68.0851
684792 683892 88.8889
684792 66479 68.4211
684792 643478 70
684792 689418 71.4286
684792 664977 83.7209
684792 657815 68.2927
684792 611545 82.6087
684792 663921 75
684792 638603 66.6667
684792 4926 75
684792 625027 73.1707
684792 634303 68.0851
684792 382814 79.0698
684792 657809 68.0851
684792 634616 73.1707
684792 64013 66.6667
684792 38231 77.2727
684792 657833 76.9231
684792 44675 74.4186
684792 270531 70
684792 630690 68.4211
684792 79447 68.1818
684792 693424 75
684792 634193 69.7674
684792 67437 68.0851
684792 659975 71.1111
684792 651218 69.5652
684792 4771 76.1905
684792 71320 74.4186
684792 116363 75.5556
684792 635960 68.1818
684792 657843 68.0851
684792 58895 77.2727
684792 30723 85.7143
684792 102624 79.0698
684792 628495 76.3636
684792 665667 66.6667
684792 649441 69.5652
684792 644273 70
684792 10549 75.5556
684792 512913 77.2727
684792 42080 71.7949
684792 69587 78.2609
684792 643489 66.6667
684792 663914 68.1818
684792 684038 68.1818
684792 43030 69.5652
684792 405968 68.0851
684792 625648 66.6667
684792 625659 72.3404
684792 665282 66.6667
684792 169105 72.7273
684792 103998 68.1818
684792 677276 77.2727
684792 695625 66.6667
684792 648928 74.4186
684792 67609 68.1818
684792 659185 79.0698
684792 75518 78.0488
684792 12463 75.5556
684792 382815 75.5556
684792 133683 88.8889
684792 99331 68.2927
684792 603719 80
684792 174620 68.2927
684792 624961 71.1111
684792 617629 71.1111
684792 636095 69.5652
684792 625421 75.5556
684792 670091 78.0488
684792 164614 76.1905
684792 227902 68.2927
684792 684074 75.5556
684792 602889 69.7674
684792 651739 72.3404
684792 686466 71.4286
684792 167881 74.4186
684792 60548 68.1818
684792 692011 71.1111
684792 345650 88.8889
684792 81669 66.6667
684792 626945 74.4186
684792 608710 72.7273
684792 625239 73.913
684792 613239 75.5556
684792 623648 75
684792 643484 71.4286
684792 98696 68.1818
684792 646168 66.6667
684792 658774 71.1111
684792 19911 68.1818
684792 605469 74.4186
684792 635968 76.1905
684792 73819 85.7143
684792 626946 76.9231
684792 651330 69.5652
684792 657812 68.0851
684792 38255 72.3404
684792 666530 71.4286
684792 309708 68.5714
684792 38468 77.2727
684792 651590 75
684792 677504 68.1818
684792 694951 80.9524
684792 409127 72.7273
684792 119877 77.2727
684792 328820 73.6842
684792 667849 68.1818
684792 627066 69.7674
684792 676712 71.4286
684792 371727 77.2727
684792 617409 75.5556
684792 149987 72.7273
684792 62009 73.913
684792 56148 66.6667
684792 101655 74.4186
684792 658498 68.2927
684792 664853 80.9524
684792 609820 73.1707
684792 629118 76.5957
684792 656987 69.7674
684792 278461 75.5556
684792 620248 75
684792 651324 69.5652
684792 635034 73.6842
684792 57598 75
684792 690586 66.6667
684792 264039 66.6667
684792 691613 71.4286
684792 643475 71.7949
684792 696224 73.1707
684792 688343 66.6667
684792 7636 66.6667
684792 255115 68.1818
684792 601307 74.4186
684792 57548 69.5652
684792 681072 76.1905
684792 30152 75
684792 209084 74.4186
684792 99871 80
684792 677503 68.1818
684792 306735 76.1905
684792 668362 80
684792 677500 72.7273
684792 339497 82.0513
684792 643470 84.4444
684792 626947 66.6667
684792 297577 71.1111
684792 620336 66.6667
684792 666728 74.4186
684792 644871 78.2609
684792 685303 95.4545
684792 347504 71.4286
684792 695218 77.2727
684792 677917 71.4286
684792 649690 80.9524
684792 18255 68.4211
684792 102851 75.5556
684792 698558 79.0698
684792 263770 71.4286
684792 266126 71.4286
684792 629424 80.8511
684792 631634 68.4211
684792 60734 71.1111
684792 699206 68.1818
684792 25397 71.1111
684792 19055 80
684792 56285 71.4286
684792 657818 68.2927
684792 120309 68.2927
684792 33077 66.6667
684792 8120 66.6667
684792 642788 68.4211
684792 5553 76.1905
684792 41355 69.7674
684792 663935 66.6667
684792 81756 66.6667
684792 650211 72.3404
684792 4935 68.0851
684792 56869 68.0851
684792 83516 68.1818
684792 680466 66.6667
684792 45164 68.1818
684792 26154 71.7949
684792 663951 75.5556
684792 639840 66.6667
684792 74468 66.6667
684792 60549 71.1111
684792 615011 66.6667
684792 600388 71.4286
684792 5220 75.5556
684792 294868 77.2727
684792 624987 77.2727
684792 646001 69.5652
684792 643487 84.4444
684792 620753 79.2453
684792 623832 71.1111
684792 71439 78.2609
684792 634306 72.3404
684792 142693 73.6842
684792 632227 66.6667
684792 675215 74.4186
684792 839 68.2927
684792 57549 68.1818
684792 43634 72.7273
684792 625109 75.5556
684792 163661 69.0909
684792 631956 66.6667
684792 683369 85
684792 38248 78.0488
684792 639709 68.1818
684792 72286 68.0851
684792 66688 77.2727
684792 20121 75.5556
684792 60188 72.2222
684792 98431 68.2927
684792 679449 69.7674
684792 344522 75.5556
684792 3427 69.5652
684792 80747 68.2927
684792 131312 70.2703
684792 690691 84.2105
684792 622636 71.1111
684792 102623 79.0698
684792 405554 75.5556
684792 51143 71.7949
684792 654113 66.6667
684792 645089 71.1111
684792 644333 80
684792 193514 68.4211
0 5
1 0
2 0
3 0
4 0
5 0
6 0
7 0
8 0
9 0
10 0
11 1
12 0
13 1
14 3
15 4
16 7
17 3
18 9
19 6
20 4
21 4
22 8
23 6
24 15
25 19
26 8
27 12
28 16
29 8
30 5
31 2
32 12
33 13
34 9
35 11
36 8
37 5
38 17
39 7
40 16
41 3
42 19
43 22
44 25
45 29
46 15
47 35
48 36
49 36
50 31
51 9
52 48
53 33
54 31
55 40
56 38
57 40
58 66
59 15
60 65
61 58
62 27
63 39
64 75
65 23
66 62
67 69
68 0
69 87
70 61
71 6
72 56
73 30
74 28
75 28
76 32
77 21
78 14
79 9
80 26
81 12
82 5
83 7
84 6
85 5
86 5
87 1
88 0
89 3
90 0
91 4
92 0
93 0
94 0
95 0
96 2
97 0
98 0
99 0
100 0
101 0
19
16812
