236
636790 408564 75
636790 626954 70
636790 667952 70.7317
636790 638532 83.7209
636790 643044 67.7966
636790 696900 71.5789
636790 8512 72.1311
636790 625063 66.6667
636790 140665 67.7966
636790 671291 75.6098
636790 648352 76.4045
636790 628867 72.1311
636790 633216 74.1935
636790 666436 69.8413
636790 699349 73.2673
636790 186233 67.7419
636790 650059 77.9221
636790 180 67.7966
636790 633890 73.0159
636790 625795 71.875
636790 691995 77.5
636790 671292 70.7317
636790 631630 69.8413
636790 602908 70
636790 625642 85.7143
636790 4140 71.875
636790 625483 70.7317
636790 638129 71.875
636790 615985 83.7209
636790 70807 70.3704
636790 641661 83.7209
636790 673997 68.0851
636790 639772 77.3333
636790 645115 66.087
636790 647648 66.6667
636790 638851 67.7966
636790 641654 81.3953
636790 697598 80
636790 628265 70
636790 140025 67.5676
636790 675282 83.7209
636790 666386 69.1358
636790 628999 67.7966
636790 617378 66.6667
636790 682338 74.2268
636790 647014 80.9524
636790 698601 74.6988
636790 1986 66.6667
636790 638521 81.3953
636790 665553 74.1935
636790 624349 66.6667
636790 648358 82.2222
636790 670148 70.9677
636790 631128 68.75
636790 624575 86.3636
636790 646989 77.5
636790 646207 74.1935
636790 56357 71.6418
636790 12148 69.8413
636790 647372 70
636790 625468 75
636790 639767 68.4932
636790 55876 70.9677
636790 664319 69.4444
636790 625465 70.9677
636790 701718 70.5882
636790 34460 71.6418
636790 640065 73.5849
636790 650886 77.0833
636790 700123 69.8413
636790 291559 74.1935
636790 628996 68.75
636790 666115 76.5432
636790 658698 76.1905
636790 631702 73.5849
636790 679542 70
636790 50848 76.5432
636790 701777 75
636790 647019 73.8095
636790 629474 66.6667
636790 657504 75.2475
636790 664941 72.2892
636790 678323 75
636790 632952 67.7966
636790 659015 68.1818
636790 12045 74.1935
636790 645789 73.5632
636790 33592 68.75
636790 657807 71.875
636790 645727 75.9494
636790 294110 70
636790 56426 70.9677
636790 659301 68.75
636790 645548 78.2609
636790 625794 69.8413
636790 694152 71.8447
636790 645547 74.4186
636790 628979 73.0159
636790 625464 70
636790 64057 70.4545
636790 648360 73.913
636790 665535 68.4211
636790 55619 70.9677
636790 699340 76.2887
636790 33139 78.125
636790 624004 72.1311
636790 645098 81.0127
636790 625042 68.75
636790 627706 74.2857
636790 656388 67.7419
636790 369774 70.9677
636790 657817 68.8525
636790 682700 67.2566
636790 102318 70
636790 694553 70
636790 667948 78.1609
636790 295302 69.1358
636790 668856 73.8095
636790 612765 66.6667
636790 667950 72.5
636790 676509 70.7317
636790 625471 70
636790 638581 67.4699
636790 627708 76.9231
636790 649044 76.1905
636790 629243 81.0127
636790 614939 82.7586
636790 640266 75.2688
636790 644433 76.1905
636790 641530 73.1707
636790 671283 71.0526
636790 645335 67.6923
636790 667470 72.1311
636790 639476 79.1209
636790 675187 78.5714
636790 662771 76.1905
636790 633221 76.1905
636790 685584 70.2128
636790 616278 70
636790 634714 68.75
636790 50850 71.7949
636790 625792 74.1935
636790 633220 67.7419
636790 25952 70.9677
636790 30798 74.1935
636790 637493 83.7209
636790 346230 72.5275
636790 661186 75
636790 668859 72.093
636790 628244 70.7692
636790 645542 79.0123
636790 624003 76.1905
636790 70804 69.8113
636790 624386 71.875
636790 637653 67.4699
636790 663585 73.0159
636790 128160 70
636790 602909 76.1905
636790 661122 77.0833
636790 58030 73.8462
636790 648400 77.4194
636790 16634 72.1311
636790 646210 68.75
636790 636661 67.4699
636790 661128 78.125
636790 665122 67.7419
636790 98436 68.8525
636790 649971 76.7677
636790 676419 81.8182
636790 694755 80
636790 693097 85.7143
636790 645129 79.0698
636790 667951 75.6098
636790 665539 68.4211
636790 60275 71.875
636790 650034 70.9677
636790 638173 69.8413
636790 52350 66.6667
636790 36283 72.1311
636790 636784 76.1905
636790 674897 72.549
636790 625462 70.9677
636790 657836 67.7419
636790 650609 66.6667
636790 108408 81.0127
636790 675451 77.0833
636790 649436 73.0159
636790 625446 66.6667
636790 54833 66.6667
636790 641626 76.087
636790 661123 75
636790 618121 86.6667
636790 625487 70.7317
636790 645540 72.093
636790 697445 70.9091
636790 644432 76.1905
636790 380292 80
636790 664737 77.0833
636790 623310 69.3878
636790 617370 66.6667
636790 125718 67.7966
636790 625482 70.7317
636790 682328 71.4286
636790 666432 73.0159
636790 8774 74.1935
636790 637646 66.6667
636790 699339 83.7209
636790 679825 80
636790 650058 84.0909
636790 633810 69.1358
636790 8120 67.7419
636790 681679 82.3529
636790 54855 71.875
636790 638534 82.7586
636790 699329 76.2887
636790 665536 85.0575
636790 9168 69.1589
636790 629267 71.7949
636790 665158 75
636790 640890 68.6567
636790 648344 73.913
636790 74380 73.8462
636790 701201 66.1017
636790 641660 80.9524
636790 163661 69.4444
636790 700590 67.4699
636790 118151 69.8413
636790 659342 78.125
636790 649424 66.6667
636790 656387 68.75
636790 682699 69.8113
636790 689210 66.6667
636790 654113 74.1935
636790 629273 71.7949
636790 657803 74.1935
636790 624231 73.6842
0 15
1 0
2 0
3 0
4 1
5 0
6 0
7 1
8 9
9 0
10 3
11 5
12 6
13 1
14 16
15 12
16 6
17 9
18 11
19 2
20 20
21 7
22 18
23 19
24 18
25 19
26 17
27 19
28 15
29 20
30 38
31 17
32 27
33 22
34 36
35 19
36 24
37 38
38 30
39 43
40 36
41 17
42 32
43 46
44 17
45 31
46 32
47 36
48 41
49 23
50 45
51 26
52 28
53 25
54 50
55 20
56 35
57 31
58 32
59 37
60 57
61 29
62 47
63 35
64 24
65 29
66 22
67 17
68 20
69 16
70 28
71 21
72 16
73 12
74 17
75 21
76 5
77 17
78 9
79 6
80 7
81 2
82 6
83 4
84 6
85 1
86 3
87 2
88 0
89 0
90 0
91 0
92 0
93 0
94 0
95 0
96 0
97 0
98 0
99 0
100 0
101 0
19
16831
