357
696900 640323 64.8276
696900 663415 71.7557
696900 618121 71.028
696900 685578 66.6667
696900 650886 63.7168
696900 50850 80
696900 3427 60
696900 124081 60
696900 602670 71.5789
696900 646443 69.9029
696900 680412 69.7674
696900 671291 82.8283
696900 646943 60.9195
696900 642656 65.3846
696900 657504 61.0169
696900 64054 80
696900 659921 76.4228
696900 645600 61.7284
696900 3846 61.7284
696900 634176 63.1579
696900 610998 65.1685
696900 661055 75.2
696900 663418 68.6131
696900 688039 63.4146
696900 634249 60
696900 661056 75.2
696900 634748 65.3846
696900 67437 61.7284
696900 662832 74.0157
696900 638582 67.1053
696900 3428 60
696900 625794 60
696900 637006 60
696900 78737 69.281
696900 663419 67.6259
696900 45616 65.8385
696900 664210 70.1493
696900 645727 79.1667
696900 663608 76.0331
696900 676509 78.7879
696900 651714 66.2252
696900 649422 60
696900 647974 60.5714
696900 660372 80
696900 625381 60.241
696900 646204 61.7284
696900 648344 82.5688
696900 631702 61.7886
696900 659017 81.7391
696900 647648 65.2632
696900 657732 75.2
696900 663607 71.0744
696900 12148 60
696900 682328 79.2079
696900 682692 69.1176
696900 612765 60
696900 646439 68.0412
696900 625648 68.0412
696900 659923 76.4228
696900 66597 60
696900 617370 60
696900 693097 83.1683
696900 666439 60
696900 646989 82.4742
696900 163661 67.4157
696900 640266 74.5455
696900 619101 61.7284
696900 78746 60.2273
696900 659922 77.686
696900 639475 76.1905
696900 650059 76.5957
696900 701202 68.8
696900 667951 82.8283
696900 674897 60.5042
696900 645548 77.0642
696900 701203 64.6617
696900 663416 73.9496
696900 654956 75.2
696900 699329 73.6842
696900 639840 60.9756
696900 641997 61.7284
696900 78742 61.6279
696900 70807 72
696900 645547 79.6117
696900 699058 69.0141
696900 647975 60.5714
696900 664208 74.7967
696900 45617 64.6341
696900 645789 88.4615
696900 638355 66.25
696900 624942 61.7284
696900 656400 61.7284
696900 665527 86.5385
696900 698601 82
696900 671056 79.6748
696900 646210 61.7284
696900 72286 61.7284
696900 663780 60
696900 364296 61.3497
696900 694553 82.0513
696900 646444 70.1031
696900 646203 61.7284
696900 641660 85.1485
696900 346230 88.8889
696900 633425 67.1053
696900 635034 63.7363
696900 76006 61.7284
696900 698553 80.6202
696900 633001 74.7475
696900 73283 66.6667
696900 229 61.7284
696900 656392 61.7284
696900 659234 60
696900 647014 85.1485
696900 675187 83.1683
696900 341865 60
696900 629267 77.8947
696900 701718 72.2689
696900 682338 66.6667
696900 645540 83.4951
696900 623992 60
696900 640286 80.4124
696900 658397 60
696900 643729 61.7284
696900 685584 72.0721
696900 636790 73.6842
696900 667948 84.6154
696900 665158 63.7168
696900 641661 81.5534
696900 645335 60.9756
696900 646436 63.9175
696900 658787 70.1031
696900 619072 65.9574
696900 638361 65.4321
696900 677761 69.5652
696900 667952 82.8283
696900 641165 61.7284
696900 637641 69.3069
696900 616791 64.3478
696900 663606 76.4228
696900 42443 61.7284
696900 20625 83.6364
696900 626923 63.4146
696900 658698 60
696900 47745 69.3878
696900 617363 60
696900 637434 60
696900 665964 69.1176
696900 639682 61.7284
696900 633031 68.3871
696900 60342 67.6923
696900 66070 61.7284
696900 651217 60
696900 648360 78.8991
696900 59628 60
696900 74380 60.9756
696900 79594 63.8554
696900 54833 60
696900 639472 83.4951
696900 78747 61.2717
696900 639772 69.5652
696900 647024 79.2453
696900 43026 60
696900 693166 69.1729
696900 660371 75.2
696900 651687 60.9195
696900 650064 78.7879
696900 645542 81.6327
696900 646440 68.6869
696900 665963 72.3077
696900 639681 61.7284
696900 645129 83.4951
696900 638534 80.7692
696900 647645 63.9175
696900 668532 80
696900 675451 63.7168
696900 633174 60.9756
696900 678323 63.7168
696900 654077 73.3813
696900 657811 61.7284
696900 634171 61.7284
696900 664209 76.4228
696900 625795 61.7284
696900 675282 73.7864
696900 643408 63.9456
696900 661122 63.7168
696900 657840 61.7284
696900 625042 61.7284
696900 695836 65.5738
696900 665536 78.8462
696900 33668 60.1227
696900 641699 69.3069
696900 633011 71.2644
696900 634714 61.7284
696900 609067 65.1685
696900 646910 78.0952
696900 636784 60
696900 665358 79.6748
696900 664737 63.7168
696900 647068 61.7284
696900 701777 69.0265
696900 675186 81.1881
696900 659342 61.7284
696900 638352 60.9195
696900 695625 70.4545
696900 697780 74.2857
696900 108408 81.25
696900 647643 71.8447
696900 656387 61.7284
696900 699340 78.9474
696900 636935 60
696900 78738 68.8312
696900 649428 60
696900 679825 76.087
696900 645115 72.7273
696900 646441 66.0194
696900 63689 68.75
696900 72288 61.7284
696900 661123 63.7168
696900 659015 74.2857
696900 631128 61.7284
696900 657782 60.8108
696900 636943 60
696900 34632 60
696900 661186 74.2857
696900 631648 60
696900 671292 82.8283
696900 650061 81.1321
696900 691995 84.5361
696900 637493 81.5534
696900 625487 78.7879
696900 689210 60
696900 43798 60
696900 631630 60
696900 671055 74.0157
696900 7231 66.6667
696900 651018 77.6119
696900 637642 73.2673
696900 601362 61.7284
696900 670365 63.7168
696900 648400 85.4545
696900 50848 81.6327
696900 5015 64.9682
696900 676419 72.381
696900 73248 61.7284
696900 628244 63.4146
696900 641039 63.0872
696900 647644 71.8447
696900 698554 72.8571
696900 690393 70.2128
696900 687813 78.4314
696900 662831 70.1493
696900 624231 75.2688
696900 657733 74.0157
696900 609818 61.7284
696900 665357 76.4228
696900 651218 60
696900 34934 60.355
696900 70804 74.7967
696900 699349 76.2712
696900 660373 78.7402
696900 47764 60.5714
696900 647976 60.5714
696900 627708 77.8947
696900 647019 85.1485
696900 662830 72.2689
696900 64800 61.7284
696900 647646 63.9175
696900 625483 82.8283
696900 666386 81.6327
696900 682699 74.7967
696900 640890 66.6667
696900 628996 61.7284
696900 648352 81.1321
696900 664941 74
696900 694557 89.7196
696900 641698 69.3069
696900 39362 61.7284
696900 685583 67.7165
696900 637646 65.2632
696900 65856 61.2717
696900 83653 60
696900 673997 93.6937
696900 622644 60
696900 642654 60.9195
696900 645124 81.1881
696900 676949 78.7879
696900 665356 69.1176
696900 641530 80.8081
696900 662427 74.0157
696900 640902 68.2353
696900 641654 79.6117
696900 623310 62.6087
696900 636946 60
696900 71439 60
696900 405084 61.7284
696900 663576 60
696900 645098 79.1667
696900 681170 98.1818
696900 628102 61.7284
696900 628495 65.1685
696900 668859 83.4951
696900 79589 68.4564
696900 691259 75
696900 614939 84.6154
696900 636661 84
696900 700591 77.551
696900 636118 61.7284
696900 639683 61.7284
696900 4867 61.7284
696900 318534 70.6767
696900 636942 60
696900 625468 61.7284
696900 625482 82.8283
696900 666115 83.6735
696900 694755 71.028
696900 611783 61.7284
696900 638581 80
696900 34929 64.9682
696900 673317 62.3529
696900 684694 72.8682
696900 663417 66.6667
696900 619377 63.7931
696900 624051 63.4146
696900 295302 77.551
696900 78743 61.6279
696900 78741 63.0952
696900 638583 65.3846
696900 639767 68.8889
696900 641626 75.2294
696900 667950 80.4124
696900 638365 67.0886
696900 147110 60
696900 636947 60
696900 649427 60
696900 624575 78.0952
696900 625239 60
696900 668856 85.1485
696900 701201 63.7037
696900 637643 69.3069
696900 56357 61.9048
696900 639779 66.1417
696900 649424 60
696900 681679 74.5098
696900 697598 80.3738
696900 682700 70.7692
696900 638521 83.4951
696900 75707 61.7284
696900 612049 67.3913
696900 636086 60
696900 633810 81.6327
696900 646438 68.0412
696900 615985 83.4951
696900 649971 62.069
696900 641697 69.3069
696900 64057 83.8095
696900 617628 60
0 1
1 0
2 0
3 0
4 4
5 0
6 0
7 1
8 1
9 0
10 1
11 1
12 4
13 6
14 1
15 1
16 1
17 2
18 0
19 1
20 3
21 4
22 1
23 5
24 7
25 3
26 2
27 3
28 3
29 8
30 9
31 9
32 9
33 16
34 6
35 17
36 17
37 22
38 24
39 27
40 37
41 14
42 38
43 32
44 61
45 54
46 63
47 66
48 50
49 59
50 96
51 51
52 53
53 48
54 77
55 103
56 47
57 81
58 21
59 70
60 77
61 18
62 53
63 3
64 23
65 6
66 12
67 10
68 8
69 12
70 17
71 8
72 9
73 8
74 7
75 14
76 7
77 10
78 7
79 11
80 13
81 6
82 13
83 9
84 12
85 3
86 5
87 1
88 0
89 2
90 1
91 0
92 0
93 0
94 1
95 0
96 0
97 0
98 0
99 1
100 0
101 0
25
17764
