46
667524 54128 68.1818
667524 667246 66.6667
667524 631808 63.4146
667524 636326 63.4146
667524 294107 64.8649
667524 331770 66.6667
667524 10014 86.4865
667524 64884 86.4865
667524 34765 60.4651
667524 301199 78.0488
667524 56285 60
667524 634156 65
667524 699206 71.4286
667524 638603 81.0811
667524 87254 68.2927
667524 629716 73.6842
667524 29227 70.5882
667524 609695 60.4651
667524 119877 66.6667
667524 685783 61.9048
667524 193341 68.4211
667524 40252 75.6757
667524 677917 65
667524 163501 66.6667
667524 327445 61.5385
667524 81549 81.0811
667524 2741 82.9268
667524 647527 62.8571
667524 626580 62.069
667524 57884 69.7674
667524 655039 61.1111
667524 56470 65.1163
667524 632386 62.2222
667524 75518 66.6667
667524 632918 61.9048
667524 140121 74.4186
667524 627175 72.2222
667524 41355 73.1707
667524 8957 64.5161
667524 51695 80
667524 15193 63.4146
667524 627066 78.0488
667524 620336 81.0811
667524 401544 72.7273
667524 679283 63.4146
667524 19191 74.2857
0 2
1 0
2 0
3 0
4 0
5 1
6 0
7 0
8 0
9 0
10 0
11 0
12 0
13 0
14 0
15 0
16 1
17 0
18 0
19 0
20 0
21 1
22 4
23 1
24 1
25 2
26 0
27 1
28 2
29 2
30 0
31 1
32 3
33 1
34 1
35 2
36 2
37 0
38 1
39 0
40 5
41 6
42 6
43 3
44 3
45 2
46 1
47 5
48 6
49 4
50 11
51 1
52 7
53 6
54 1
55 5
56 6
57 3
58 8
59 4
60 5
61 2
62 4
63 3
64 4
65 4
66 1
67 5
68 0
69 3
70 1
71 1
72 1
73 2
74 2
75 2
76 1
77 0
78 0
79 2
80 1
81 0
82 3
83 1
84 0
85 0
86 0
87 2
88 0
89 0
90 0
91 0
92 0
93 0
94 0
95 0
96 0
97 0
98 0
99 0
100 0
101 0
1
98
