1082
1185 621194 60.4651
1185 646168 76.1905
1185 87253 68.4211
1185 635171 80.9524
1185 645037 87.1795
1185 154741 75
1185 5226 60
1185 649425 65.1163
1185 21412 81.0811
1185 665122 61.9048
1185 608710 87.8049
1185 644433 60.4651
1185 38231 92.6829
1185 99871 81.0811
1185 304711 60.4651
1185 660165 79.0698
1185 657809 86.3636
1185 57696 66.6667
1185 646158 72.7273
1185 631956 71.4286
1185 667254 76.9231
1185 43030 74.4186
1185 686574 61.9048
1185 128701 82.6087
1185 644914 60.4651
1185 118151 60.4651
1185 8395 71.7949
1185 622653 61.9048
1185 629424 86.3636
1185 132313 60
1185 698558 85
1185 635968 82.0513
1185 44675 80
1185 355954 78.9474
1185 38709 68.4211
1185 630629 64.8649
1185 271622 72.2222
1185 270751 76.1905
1185 50850 62.069
1185 269161 78.0488
1185 609816 80
1185 658779 76.9231
1185 679078 71.7949
1185 344522 85.7143
1185 657815 68.4211
1185 3427 65.1163
1185 627903 71.7949
1185 83516 68.2927
1185 838 73.6842
1185 55666 63.1579
1185 657560 60.4651
1185 18621 66.6667
1185 110344 73.6842
1185 4857 64.7059
1185 167881 80
1185 371296 68.4211
1185 41365 63.4146
1185 650911 72.7273
1185 625109 71.4286
1185 124081 60.4651
1185 629119 72.7273
1185 617629 76.1905
1185 358121 61.5385
1185 625446 65
1185 602670 65.5172
1185 677233 73.1707
1185 663589 85.7143
1185 641831 78.0488
1185 624386 68.1818
1185 252048 76.9231
1185 649429 68.2927
1185 667249 80
1185 679 73.6842
1185 99002 65
1185 227902 63.1579
1185 625159 73.1707
1185 68347 82.3529
1185 680827 66.6667
1185 88653 70.2703
1185 649690 76.9231
1185 149704 75.6757
1185 98436 63.4146
1185 33592 68.1818
1185 626946 66.6667
1185 645600 81.8182
1185 634193 90
1185 620337 68.4211
1185 74468 87.1795
1185 605469 80
1185 3846 86.3636
1185 630077 62.2222
1185 839 78.9474
1185 690570 71.4286
1185 57549 68.2927
1185 646163 74.4186
1185 371727 82.9268
1185 99331 78.9474
1185 626953 68.4211
1185 658782 73.6842
1185 610998 73.0769
1185 17796 71.4286
1185 610185 78.0488
1185 355936 65
1185 629717 66.6667
1185 634249 60.4651
1185 633221 60.4651
1185 67437 77.2727
1185 16448 82.9268
1185 161622 60
1185 74297 81.0811
1185 679449 80
1185 634617 80.9524
1185 685303 87.8049
1185 636944 63.4146
1185 62597 73.1707
1185 638593 76.1905
1185 241113 61.9048
1185 645868 61.9048
1185 306735 71.7949
1185 689418 76.9231
1185 3428 69.7674
1185 18256 80
1185 645089 80.9524
1185 625794 60.4651
1185 10006 76.1905
1185 379113 60
1185 637519 82.9268
1185 100649 78.9474
1185 637006 74.4186
1185 655263 92.3077
1185 186053 90.4762
1185 26245 84.2105
1185 629036 73.6842
1185 687212 75.6757
1185 624915 75
1185 665667 77.7778
1185 3098 66.6667
1185 27419 63.4146
1185 640191 82.9268
1185 677276 73.1707
1185 122751 85
1185 638173 60.4651
1185 5553 71.7949
1185 1027 61.1111
1185 686264 87.1795
1185 166668 65
1185 650034 61.9048
1185 623661 66.6667
1185 109884 78.0488
1185 651590 86.4865
1185 636473 77.2727
1185 625820 74.4186
1185 645727 61.0169
1185 690575 65
1185 64797 82.0513
1185 58979 70.2703
1185 636098 63.4146
1185 641763 82.9268
1185 623648 64.8649
1185 70716 80
1185 640645 70
1185 649422 69.7674
1185 664545 72.2222
1185 172262 82.9268
1185 194296 72.7273
1185 643483 72.2222
1185 659144 73.1707
1185 38256 70.5882
1185 625196 75.6757
1185 109852 73.6842
1185 680519 87.1795
1185 647334 76.4706
1185 640331 66.6667
1185 125718 66.6667
1185 5729 75
1185 625191 66.6667
1185 628815 75
1185 648327 61.9048
1185 145081 61.9048
1185 634304 77.2727
1185 643044 66.6667
1185 625381 73.913
1185 380271 75
1185 646204 68.1818
1185 114022 91.4286
1185 647648 65.5172
1185 362133 64.7059
1185 38252 75.6757
1185 626945 65
1185 646177 64.5161
1185 683726 73.6842
1185 624005 63.4146
1185 12148 60.4651
1185 662876 70
1185 683724 73.6842
1185 657818 63.1579
1185 512913 78.0488
1185 24710 63.1579
1185 32363 78.9474
1185 55619 61.9048
1185 10549 90.4762
1185 42080 94.4444
1185 624004 63.4146
1185 612765 74.4186
1185 627377 61.9048
1185 617378 60.4651
1185 643469 66.6667
1185 646439 63.3333
1185 328442 78.9474
1185 646222 61.9048
1185 625648 63.3333
1185 28142 68.4211
1185 66597 74.4186
1185 617370 65.1163
1185 677500 68.2927
1185 349946 70.2703
1185 677499 70.5882
1185 666439 69.7674
1185 690589 85.7143
1185 38248 84.2105
1185 647372 65
1185 691614 76.9231
1185 215132 80
1185 38241 80.9524
1185 629494 73.1707
1185 627073 65
1185 163661 73.0769
1185 45762 68.1818
1185 700601 73.1707
1185 294109 65
1185 26542 82.0513
1185 603719 76.1905
1185 619101 72.7273
1185 660420 68.5714
1185 20579 82.9268
1185 680859 87.1795
1185 608712 73.1707
1185 14023 74.2857
1185 684041 66.6667
1185 602908 65
1185 646176 62.8571
1185 298812 66.6667
1185 625462 61.9048
1185 611545 83.7209
1185 683369 81.0811
1185 639710 74.4186
1185 667068 68.4211
1185 342008 70
1185 657806 68.4211
1185 616256 76.9231
1185 24833 84.2105
1185 622652 77.2727
1185 2765 65
1185 681316 68.2927
1185 24711 80
1185 626544 71.4286
1185 653049 61.1111
1185 656987 70
1185 639840 75.5556
1185 641997 72.7273
1185 664276 73.1707
1185 194315 78.0488
1185 655264 87.8049
1185 677514 87.1795
1185 630911 82.0513
1185 677513 76.9231
1185 617395 63.4146
1185 638686 95
1185 628867 63.4146
1185 111180 68.4211
1185 56501 63.4146
1185 679275 70
1185 679579 63.4146
1185 638702 80.9524
1185 358737 81.0811
1185 664543 85
1185 405968 81.8182
1185 670248 82.9268
1185 66476 72.7273
1185 161621 60
1185 409962 71.4286
1185 659438 78.0488
1185 124997 73.6842
1185 133865 80
1185 658498 73.6842
1185 624942 81.8182
1185 680857 75.6757
1185 623635 74.4186
1185 621888 85
1185 73198 74.2857
1185 38468 82.9268
1185 656400 72.7273
1185 41356 70
1185 630147 61.1111
1185 623650 65.1163
1185 161609 66.6667
1185 255115 78.0488
1185 77845 64.8649
1185 698601 60.3175
1185 664977 95
1185 1163 63.1579
1185 149987 92.6829
1185 635050 66.6667
1185 627074 65
1185 646210 68.1818
1185 72286 77.2727
1185 73819 82.0513
1185 663780 79.0698
1185 664284 76.1905
1185 56869 77.2727
1185 645038 97.4359
1185 688887 61.5385
1185 688343 61.5385
1185 256 65.1163
1185 193514 85.7143
1185 653048 65
1185 677507 71.7949
1185 49210 76.1905
1185 643470 85.7143
1185 646444 63.3333
1185 36921 68.1818
1185 646203 68.1818
1185 630915 73.1707
1185 257830 80.9524
1185 215138 80
1185 626954 65
1185 630690 68.5714
1185 676737 70
1185 632952 66.6667
1185 658464 71.7949
1185 1168 63.1579
1185 635034 70.3704
1185 364093 68.2927
1185 137470 80.9524
1185 76006 86.3636
1185 43871 85
1185 81656 70.2703
1185 649436 60.4651
1185 623991 65
1185 87081 78.0488
1185 127964 76.1905
1185 26707 66.6667
1185 269613 73.1707
1185 644325 66.6667
1185 2743 61.9048
1185 638641 80.9524
1185 45914 69.7674
1185 646164 78.0488
1185 42030 64.8649
1185 636941 63.4146
1185 382814 80
1185 629118 68.1818
1185 13506 70.2703
1185 667940 73.1707
1185 7760 92.3077
1185 160497 73.1707
1185 644432 60.4651
1185 679577 61.9048
1185 658774 80.9524
1185 690569 70
1185 601307 85
1185 51867 78.9474
1185 643472 65.1163
1185 677510 73.1707
1185 600388 82.0513
1185 674329 70.2703
1185 241173 81.0811
1185 625063 65
1185 522408 82.9268
1185 625465 61.9048
1185 103805 75.6757
1185 690691 80
1185 626947 66.6667
1185 372154 78.9474
1185 59679 82.9268
1185 656392 72.7273
1185 659234 88.3721
1185 684792 87.8049
1185 140665 66.6667
1185 630640 64.8649
1185 643495 65
1185 654113 61.9048
1185 118993 80
1185 341865 60.4651
1185 101655 80
1185 120309 84.2105
1185 202965 70.2703
1185 663946 76.1905
1185 628999 66.6667
1185 57048 60
1185 629009 61.9048
1185 661463 70.5882
1185 640286 60
1185 697943 61.9048
1185 658397 79.0698
1185 643729 68.1818
1185 620248 81.0811
1185 671155 60
1185 670183 80.9524
1185 36283 63.4146
1185 20122 71.4286
1185 133683 80.9524
1185 6957 64.8649
1185 677504 68.2927
1185 650981 66.6667
1185 5220 71.4286
1185 625471 65
1185 31539 69.7674
1185 371717 70
1185 645335 71.1111
1185 353871 66.6667
1185 38250 60.6061
1185 646436 63.3333
1185 627725 70
1185 700123 60.4651
1185 617683 81.8182
1185 667849 78.0488
1185 658787 63.3333
1185 220327 63.4146
1185 149965 71.7949
1185 678398 76.9231
1185 619072 66.6667
1185 633868 85
1185 1112 64.5161
1185 92221 61.1111
1185 372360 76.1905
1185 622636 71.4286
1185 294110 65
1185 641165 72.7273
1185 607167 76.1905
1185 624842 78.0488
1185 49348 62.8571
1185 677501 68.2927
1185 98696 73.1707
1185 666530 76.9231
1185 30798 61.9048
1185 76010 80
1185 634135 61.9048
1185 344521 71.4286
1185 37752 77.2727
1185 657562 66.6667
1185 633890 60.4651
1185 42443 77.2727
1185 602889 75
1185 643485 72.2222
1185 636921 63.4146
1185 83398 90
1185 629374 79.0698
1185 115006 80
1185 142693 91.4286
1185 626923 84.4444
1185 30131 84.4444
1185 66489 75
1185 16634 63.4146
1185 658698 60.4651
1185 629718 73.6842
1185 404000 61.9048
1185 692599 60
1185 656391 61.9048
1185 658501 76.1905
1185 169105 73.1707
1185 651739 68.1818
1185 617363 79.0698
1185 677555 76.9231
1185 637434 79.0698
1185 639682 81.8182
1185 2858 66.6667
1185 624349 60.4651
1185 660421 74.4186
1185 664853 87.1795
1185 650037 71.4286
1185 102318 65
1185 663921 91.8919
1185 650211 68.1818
1185 66070 68.1818
1185 309708 75
1185 651217 83.7209
1185 345650 85.7143
1185 659122 79.0698
1185 59628 83.7209
1185 627383 72.7273
1185 670181 68.4211
1185 76031 66.6667
1185 685117 92.6829
1185 670149 76.9231
1185 643468 73.6842
1185 81669 80.9524
1185 1390 80
1185 650625 65
1185 67594 74.4186
1185 677503 68.2927
1185 636993 63.6364
1185 54833 65.1163
1185 266126 82.0513
1185 30152 70.2703
1185 680828 71.4286
1185 634306 77.2727
1185 653050 66.6667
1185 193513 66.6667
1185 658487 85.7143
1185 158037 65
1185 64013 82.0513
1185 40450 63.4146
1185 97219 80.9524
1185 163508 66.6667
1185 54829 95
1185 687618 65
1185 650624 60.4651
1185 679482 80
1185 193502 63.4146
1185 87059 82.9268
1185 43026 74.4186
1185 52350 65.1163
1185 67609 78.0488
1185 4926 75.6757
1185 365560 82.9268
1185 641764 83.3333
1185 186233 61.9048
1185 338205 73.1707
1185 667944 68.2927
1185 48911 74.2857
1185 66068 71.7949
1185 116805 80
1185 627507 66.6667
1185 179790 74.2857
1185 658309 80
1185 164774 70
1185 656084 68.2927
1185 677554 63.4146
1185 177950 61.9048
1185 4120 78.7879
1185 646440 61.2903
1185 7636 82.0513
1185 102851 80.9524
1185 14549 63.4146
1185 43395 76.9231
1185 628265 65
1185 643475 66.6667
1185 25952 61.9048
1185 4767 60
1185 624987 73.1707
1185 38253 84.2105
1185 639681 81.8182
1185 55342 78.0488
1185 657817 63.4146
1185 647645 63.3333
1185 656390 63.6364
1185 667760 82.0513
1185 633174 84.4444
1185 632920 70.2703
1185 634219 76.1905
1185 667851 71.7949
1185 623233 60
1185 690579 71.4286
1185 657811 86.3636
1185 634171 86.3636
1185 611078 78.9474
1185 96461 85
1185 626100 68.2927
1185 400230 77.7778
1185 664551 81.0811
1185 36603 84.2105
1185 634616 68.4211
1185 9659 87.1795
1185 660640 66.6667
1185 625469 61.9048
1185 193521 75.6757
1185 668523 76.9231
1185 56338 68.2927
1185 651220 69.7674
1185 372155 85
1185 692226 76.4706
1185 679281 68.4211
1185 128160 65
1185 229540 68.2927
1185 43870 85
1185 180 66.6667
1185 690415 82.9268
1185 686465 65
1185 633011 60
1185 382815 76.1905
1185 656386 61.9048
1185 116539 60
1185 33377 85
1185 646645 86.3636
1185 116523 80.9524
1185 646707 72.7273
1185 635960 78.0488
1185 658776 71.4286
1185 369774 61.9048
1185 609067 73.0769
1185 643467 64.7059
1185 92220 64.7059
1185 1986 65
1185 690578 61.9048
1185 694105 85.7143
1185 682811 64.7059
1185 677512 75.6757
1185 627435 68.5714
1185 116363 76.1905
1185 47695 82.9268
1185 42903 62.8571
1185 4436 66.6667
1185 136014 71.7949
1185 72089 83.7209
1185 675585 60
1185 651737 68.1818
1185 650609 60.4651
1185 158910 80
1185 686466 76.9231
1185 644273 64.8649
1185 615123 81.8182
1185 297577 90.4762
1185 685298 92.3077
1185 291305 73.1707
1185 691610 81.0811
1185 611347 90
1185 639709 68.2927
1185 636784 60.4651
1185 625015 78.0488
1185 681072 82.0513
1185 647068 77.2727
1185 68888 72.2222
1185 622659 60
1185 677920 73.6842
1185 12463 85.7143
1185 309699 60
1185 617368 68.4211
1185 209084 80
1185 631315 75
1185 164614 92.3077
1185 695625 74.5098
1185 680715 66.6667
1185 625421 85.7143
1185 683879 71.7949
1185 646165 74.4186
1185 74517 62.8571
1185 138305 64.8649
1185 76699 75
1185 642896 87.1795
1185 627368 66.6667
1185 264045 71.4286
1185 658533 77.2727
1185 666665 61.9048
1185 638640 87.8049
1185 73166 73.6842
1185 667850 87.8049
1185 617316 81.0811
1185 643493 61.1111
1185 672018 82.9268
1185 8512 63.4146
1185 636935 69.7674
1185 401553 65
1185 67476 82.9268
1185 53183 72.7273
1185 658980 82.9268
1185 31976 70
1185 649428 65.1163
1185 404827 70.2703
1185 38074 61.5385
1185 150501 66.6667
1185 674552 60
1185 602890 76.9231
1185 609696 62.5
1185 654114 61.9048
1185 670182 65
1185 7528 80.9524
1185 84227 80
1185 72288 77.2727
1185 342024 66.6667
1185 31592 80
1185 636095 74.4186
1185 665553 61.9048
1185 641086 63.1579
1185 68955 76.9231
1185 617409 80.9524
1185 100467 86.4865
1185 682813 72.2222
1185 79447 87.8049
1185 161601 70
1185 663620 90.4762
1185 636943 69.7674
1185 34632 69.7674
1185 82806 61.9048
1185 294731 61.5385
1185 631648 74.4186
1185 623636 63.4146
1185 663571 79.0698
1185 45164 73.1707
1185 326172 75
1185 8774 61.9048
1185 643478 64.8649
1185 646001 74.4186
1185 697384 85
1185 328820 74.2857
1185 193517 91.8919
1185 689210 60.4651
1185 43285 71.7949
1185 60734 76.1905
1185 627226 71.7949
1185 657803 61.9048
1185 629474 70
1185 67800 70.5882
1185 667247 87.8049
1185 637821 63.1579
1185 624856 68.5714
1185 43798 69.7674
1185 634293 61.9048
1185 631630 69.7674
1185 191990 63.4146
1185 139785 70
1185 63862 61.9048
1185 670179 68.4211
1185 690590 76.1905
1185 634151 70.5882
1185 676713 61.5385
1185 63055 87.1795
1185 187538 60
1185 672441 95
1185 624961 61.9048
1185 643480 72.2222
1185 20985 70.2703
1185 252044 70.2703
1185 650616 61.9048
1185 633879 61.9048
1185 361456 70.2703
1185 6365 64.7059
1185 601362 86.3636
1185 57826 63.1579
1185 19055 81.0811
1185 666432 60.4651
1185 663915 83.7209
1185 57547 71.7949
1185 364202 75
1185 662187 63.4146
1185 662156 73.1707
1185 627436 66.6667
1185 73248 72.7273
1185 677516 73.1707
1185 57548 74.4186
1185 30724 82.0513
1185 755 65
1185 29851 85
1185 644297 73.6842
1185 650608 62.8571
1185 278461 80.9524
1185 45463 60
1185 693434 60
1185 8120 61.9048
1185 690393 66.6667
1185 668362 81.0811
1185 663585 60.4651
1185 623832 90.4762
1185 231338 60
1185 62857 64.7059
1185 609818 77.2727
1185 657836 61.9048
1185 113665 75
1185 696224 78.9474
1185 651218 83.7209
1185 650610 63.4146
1185 657805 68.4211
1185 130895 76.9231
1185 627080 65.1163
1185 686665 70
1185 675215 90
1185 664970 64.7059
1185 38243 84.2105
1185 326397 80.9524
1185 263770 82.0513
1185 685799 61.9048
1185 82804 70
1185 15130 80
1185 690586 71.4286
1185 616811 90.4762
1185 174612 60
1185 640230 74.4186
1185 64800 77.2727
1185 634470 83.7209
1185 632227 72.2222
1185 647646 63.3333
1185 684074 76.1905
1185 680708 66.6667
1185 676172 76.1905
1185 672960 76.9231
1185 69587 79.0698
1185 650634 65
1185 625028 88.2353
1185 350191 60
1185 670148 61.9048
1185 58511 72.2222
1185 84552 78.0488
1185 326651 61.9048
1185 633553 60.4651
1185 680831 64.8649
1185 651324 69.7674
1185 98431 89.4737
1185 664941 60.3175
1185 122381 66.6667
1185 154880 90
1185 311941 66.6667
1185 57598 70.2703
1185 39362 68.1818
1185 659147 60.6061
1185 637646 65.5172
1185 122640 68.2927
1185 661471 88.3721
1185 683892 90.4762
1185 83653 60.4651
1185 55456 69.7674
1185 625464 65
1185 135284 75.6757
1185 651735 68.1818
1185 174620 84.2105
1185 646161 62.5
1185 38255 72.7273
1185 677915 80
1185 131312 88.2353
1185 56148 85.7143
1185 295156 70.2703
1185 752 61.9048
1185 45410 62.069
1185 677916 84.2105
1185 622644 88.3721
1185 669986 71.7949
1185 656393 63.6364
1185 663952 79.0698
1185 632919 70.2703
1185 602880 79.0698
1185 692011 76.1905
1185 646162 70.5882
1185 641530 61.2903
1185 680466 71.7949
1185 102623 90
1185 75516 80
1185 686664 68.2927
1185 660053 85.7143
1185 71320 80
1185 683722 68.5714
1185 63911 76.1905
1185 58895 82.9268
1185 26154 77.7778
1185 649441 79.0698
1185 59727 88.8889
1185 66479 74.2857
1185 695218 78.0488
1185 25855 62.8571
1185 640902 79.1667
1185 30723 82.0513
1185 638174 60.4651
1185 664269 76.9231
1185 694951 76.9231
1185 663936 83.7209
1185 762 64.7059
1185 667749 82.0513
1185 636946 69.7674
1185 7967 65
1185 630076 62.2222
1185 364989 78.9474
1185 63599 79.0698
1185 693424 70.2703
1185 348404 62.5
1185 6396 69.7674
1185 71439 88.3721
1185 405084 72.7273
1185 19911 68.2927
1185 663576 65.1163
1185 339497 83.3333
1185 625027 89.4737
1185 40593 64.8649
1185 690574 66.6667
1185 638851 66.6667
1185 628102 77.2727
1185 29232 76.9231
1185 13687 82.9268
1185 109999 60
1185 680482 85
1185 666436 60.4651
1185 82166 61.5385
1185 609819 73.6842
1185 613239 71.4286
1185 625064 61.9048
1185 628495 73.0769
1185 667470 63.4146
1185 103998 73.1707
1185 631634 62.8571
1185 86939 87.1795
1185 18894 84.8485
1185 278175 92.3077
1185 663927 80.9524
1185 691259 64.4068
1185 187521 63.4146
1185 40725 60
1185 662782 75.6757
1185 207835 73.1707
1185 18255 80
1185 700591 62.2951
1185 409127 78.0488
1185 624960 61.9048
1185 125185 84.8485
1185 624006 63.4146
1185 626433 66.6667
1185 634163 80
1185 627222 80
1185 675278 66.6667
1185 34551 60.4651
1185 639683 77.2727
1185 649096 90.4762
1185 642604 88.3721
1185 684035 61.5385
1185 658818 79.0698
1185 676712 61.5385
1185 642788 62.8571
1185 670237 73.6842
1185 105373 76.9231
1185 694315 75
1185 1026 75.6757
1185 627082 76.1905
1185 646232 80.9524
1185 95102 68.2927
1185 10121 61.9048
1185 4867 68.1818
1185 58104 61.9048
1185 667276 63.4146
1185 636942 69.7674
1185 683725 70.5882
1185 23609 60
1185 630262 68.1818
1185 662773 72.2222
1185 646166 84.2105
1185 681101 81.0811
1185 521887 87.1795
1185 648928 85
1185 666115 62.2951
1185 1118 66.6667
1185 97327 68.2927
1185 644932 63.4146
1185 632917 82.0513
1185 667941 73.1707
1185 617627 73.3333
1185 55876 61.9048
1185 611783 77.2727
1185 674195 82.9268
1185 663549 90.4762
1185 648929 90.4762
1185 635820 74.4186
1185 643484 66.6667
1185 348706 73.1707
1185 282037 64.8649
1185 202930 70.2703
1185 3124 75.6757
1185 160451 85.7143
1185 62009 88.3721
1185 636929 63.4146
1185 4771 76.9231
1185 14787 62.8571
1185 644333 85.7143
1185 295435 70
1185 19984 70
1185 603977 65
1185 58978 70.2703
1185 70868 80.9524
1185 327982 72.2222
1185 634220 76.1905
1185 616278 65
1185 624051 75.5556
1185 634775 90.4762
1185 27116 72.2222
1185 82807 70
1185 683723 71.7949
1185 60549 76.1905
1185 79016 80.9524
1185 670091 78.9474
1185 617633 73.1707
1185 2775 87.8049
1185 646159 73.1707
1185 609820 73.6842
1185 295302 62.2951
1185 667246 68.2927
1185 643487 76.1905
1185 631808 65
1185 180816 63.1579
1185 619147 81.8182
1185 636326 75
1185 672019 82.9268
1185 657843 77.2727
1185 294107 61.1111
1185 331770 73.1707
1185 639767 71.6981
1185 646207 61.9048
1185 622661 66.6667
1185 79006 66.6667
1185 617398 60.4651
1185 264039 71.4286
1185 66688 92.6829
1185 285113 71.7949
1185 684038 73.1707
1185 634581 77.2727
1185 34765 85.7143
1185 649097 68.1818
1185 680494 76.1905
1185 13009 68.2927
1185 56285 76.9231
1185 649092 68.2927
1185 147110 83.7209
1185 627011 71.7949
1185 634156 82.0513
1185 699206 82.9268
1185 65007 71.4286
1185 636947 69.7674
1185 638603 66.6667
1185 609248 63.4146
1185 87254 70
1185 649427 65.1163
1185 615011 76.1905
1185 638636 91.8919
1185 625239 79.0698
1185 627367 66.6667
1185 119877 78.0488
1185 685783 82.9268
1185 686667 73.1707
1185 615299 69.7674
1185 677917 92.3077
1185 291534 66.6667
1185 749 66.6667
1185 55459 79.0698
1185 163501 73.1707
1185 624003 60.4651
1185 327445 63.1579
1185 66069 77.2727
1185 634615 75
1185 632913 79.0698
1185 81549 72.2222
1185 644871 74.4186
1185 79707 89.4737
1185 65987 64.8649
1185 649424 74.4186
1185 2741 60
1185 51337 78.9474
1185 647527 76.4706
1185 663914 87.8049
1185 57884 61.9048
1185 56470 76.1905
1185 632386 77.2727
1185 627370 75
1185 75707 68.1818
1185 75518 78.9474
1185 632918 87.8049
1185 612049 69.0909
1185 140121 61.9048
1185 25397 80.9524
1185 41355 70
1185 649044 60.4651
1185 663947 76.1905
1185 270531 70.2703
1185 25413 77.2727
1185 636086 74.4186
1185 665282 90.4762
1185 26540 71.7949
1185 60188 72.7273
1185 602913 66.6667
1185 79008 61.9048
1185 630691 61.9048
1185 131090 80.9524
1185 646438 63.3333
1185 177951 65
1185 625813 74.4186
1185 192626 66.6667
1185 15193 60
1185 627066 70
1185 620336 61.1111
1185 679283 65
1185 3609 64.8649
1185 617628 74.4186
1185 45956 66.6667
1185 653051 75
1185 617406 65.1163
1185 630639 64.8649
1185 628979 60.4651
1185 663935 92.3077
1185 634241 65
1185 404698 76.9231
0 5
1 0
2 0
3 0
4 0
5 1
6 0
7 0
8 2
9 1
10 2
11 3
12 3
13 5
14 2
15 4
16 8
17 2
18 4
19 3
20 7
21 4
22 24
23 5
24 9
25 9
26 6
27 14
28 25
29 12
30 11
31 10
32 10
33 7
34 9
35 15
36 2
37 5
38 9
39 15
40 14
41 4
42 16
43 18
44 13
45 24
46 17
47 15
48 14
49 21
50 39
51 5
52 13
53 25
54 10
55 30
56 28
57 18
58 38
59 23
60 84
61 39
62 75
63 19
64 55
65 66
66 16
67 60
68 0
69 63
70 42
71 28
72 42
73 30
74 56
75 48
76 15
77 59
78 25
79 35
80 51
81 25
82 21
83 43
84 11
85 30
86 15
87 10
88 23
89 9
90 9
91 12
92 5
93 11
94 0
95 5
96 0
97 0
98 1
99 0
100 0
101 0
18
18707
