55
41355 663935 68.2927
41355 81756 68.4211
41355 650211 82.6087
41355 56138 68.1818
41355 54855 69.5652
41355 45164 69.7674
41355 26154 89.4737
41355 663951 72.7273
41355 615011 68.1818
41355 600388 73.1707
41355 667068 80
41355 5220 72.7273
41355 626865 92.3077
41355 294868 79.0698
41355 624987 88.3721
41355 646001 66.6667
41355 623832 72.7273
41355 71439 71.1111
41355 634306 82.6087
41355 142693 70.2703
41355 666665 68.1818
41355 646438 67.7419
41355 74380 68.0851
41355 632227 78.9474
41355 675215 66.6667
41355 301197 71.4286
41355 62660 77.2727
41355 680715 68.2927
41355 84552 79.0698
41355 644932 69.7674
41355 43634 74.4186
41355 667524 73.1707
41355 625109 86.3636
41355 73709 72.7273
41355 362133 72.2222
41355 163661 77.7778
41355 118151 80
41355 631956 72.7273
41355 683369 76.9231
41355 38248 70
41355 623650 66.6667
41355 98431 75
41355 31976 66.6667
41355 80747 80
41355 131312 77.7778
41355 649424 66.6667
41355 689429 76.1905
41355 622636 72.7273
41355 405554 72.7273
41355 645334 66.6667
41355 689210 66.6667
41355 654113 68.1818
41355 645089 77.2727
41355 644333 72.7273
41355 657803 68.1818
0 2
1 0
2 0
3 0
4 0
5 0
6 1
7 0
8 0
9 0
10 0
11 0
12 0
13 0
14 0
15 0
16 1
17 0
18 1
19 0
20 1
21 4
22 0
23 0
24 3
25 0
26 0
27 1
28 5
29 1
30 2
31 1
32 3
33 0
34 2
35 2
36 0
37 2
38 2
39 1
40 2
41 1
42 3
43 1
44 2
45 1
46 3
47 4
48 10
49 3
50 4
51 1
52 3
53 0
54 1
55 6
56 3
57 5
58 7
59 2
60 1
61 3
62 7
63 1
64 5
65 2
66 5
67 7
68 1
69 9
70 4
71 1
72 2
73 9
74 2
75 2
76 0
77 2
78 4
79 1
80 5
81 0
82 0
83 2
84 0
85 0
86 0
87 1
88 0
89 1
90 1
91 0
92 0
93 1
94 0
95 0
96 0
97 0
98 0
99 0
100 0
101 0
1
133
