631
634552 81626 65.2174
634552 634303 64
634552 649420 69.3878
634552 638532 61.1111
634552 4971 84.4444
634552 73709 62.5
634552 625792 75
634552 666728 69.5652
634552 621194 73.4694
634552 640892 67.9245
634552 154741 69.5652
634552 649425 73.4694
634552 665122 70.8333
634552 608710 68.0851
634552 644433 73.4694
634552 660165 69.3878
634552 657809 68
634552 631956 75
634552 43030 69.3878
634552 686574 83.3333
634552 2687 61.9048
634552 128701 65.3846
634552 644914 69.3878
634552 118151 65.3061
634552 8395 71.1111
634552 698558 60.8696
634552 696900 61.7284
634552 635968 62.2222
634552 44675 60.8696
634552 175808 60.8696
634552 643344 80
634552 355954 63.6364
634552 660048 72
634552 50850 62.5
634552 658779 62.2222
634552 630688 80
634552 657815 72.7273
634552 627903 62.2222
634552 657560 69.3878
634552 41365 68.0851
634552 650911 72
634552 24303 76.5957
634552 124081 69.3878
634552 617629 62.5
634552 625446 69.5652
634552 641831 72.3404
634552 624386 72
634552 33139 72
634552 649429 76.5957
634552 671291 67.6471
634552 99002 86.9565
634552 68347 60
634552 149704 65.1163
634552 98436 68.0851
634552 33592 72
634552 645600 68
634552 74468 62.2222
634552 3846 60
634552 185354 61.5385
634552 630077 74.5098
634552 646163 73.4694
634552 371727 63.8298
634552 99331 68.1818
634552 626953 77.2727
634552 17796 75
634552 610185 72.3404
634552 408564 72
634552 677547 80
634552 688039 66.6667
634552 634249 85.7143
634552 163335 61.9048
634552 633221 73.4694
634552 60275 68
634552 67437 64
634552 16448 68.0851
634552 161622 65.2174
634552 636944 76.5957
634552 241113 83.3333
634552 71873 61.9048
634552 18256 63.4146
634552 645089 70.8333
634552 625794 73.4694
634552 83558 60.8696
634552 624188 81.6327
634552 637006 73.4694
634552 604781 60.8696
634552 676725 69.3878
634552 624184 81.6327
634552 640191 68.0851
634552 122751 65.2174
634552 638173 69.3878
634552 5553 62.2222
634552 686264 62.2222
634552 650034 70.8333
634552 623661 62.2222
634552 636473 68
634552 645727 67.6923
634552 636098 72.3404
634552 641763 63.8298
634552 676509 61.7647
634552 623648 60.4651
634552 640645 65.2174
634552 649422 73.4694
634552 659144 76.5957
634552 650786 65.3061
634552 139471 61.9048
634552 640331 70.8333
634552 125718 80
634552 628815 73.913
634552 145081 91.6667
634552 243616 61.9048
634552 634304 64
634552 643044 75.5556
634552 625381 65.3846
634552 380271 65.2174
634552 646204 68
634552 624005 80.8511
634552 648475 61.9048
634552 12148 69.3878
634552 96448 62.2222
634552 32363 72.7273
634552 55619 70.8333
634552 10549 62.5
634552 624004 72.3404
634552 612765 73.4694
634552 627377 62.5
634552 617378 77.551
634552 640439 72.3404
634552 328442 63.6364
634552 646222 62.5
634552 28142 77.2727
634552 66597 77.551
634552 617370 65.3061
634552 666439 69.3878
634552 647372 73.913
634552 646989 66.6667
634552 215132 65.2174
634552 700601 68.0851
634552 294109 65.2174
634552 603719 62.5
634552 619101 80
634552 608712 80.8511
634552 52602 61.9048
634552 14023 63.4146
634552 650059 69.8413
634552 667951 67.6471
634552 602908 78.2609
634552 298812 62.5
634552 625462 70.8333
634552 301197 60.8696
634552 657806 77.2727
634552 616256 71.1111
634552 33610 80
634552 681316 72.3404
634552 639840 62.7451
634552 641997 84
634552 664276 68.0851
634552 194315 72.3404
634552 677514 62.2222
634552 677513 71.1111
634552 628867 76.5957
634552 56501 85.1064
634552 679579 68.0851
634552 71999 63.4146
634552 405968 68
634552 161621 65.2174
634552 124997 63.6364
634552 645789 60.274
634552 623635 69.3878
634552 621888 69.5652
634552 652546 65.3061
634552 38468 68.0851
634552 656400 68
634552 623650 69.3878
634552 255115 72.3404
634552 665527 68.4932
634552 625144 66.6667
634552 695648 65.1163
634552 646210 72
634552 72286 76
634552 677434 77.2727
634552 664284 70.8333
634552 56869 64
634552 256 69.3878
634552 677507 71.1111
634552 49210 79.1667
634552 646203 68
634552 641660 62.8571
634552 401554 61.9048
634552 257830 66.6667
634552 645978 72
634552 215138 65.2174
634552 626954 78.2609
634552 630690 68.2927
634552 632952 75.5556
634552 658464 66.6667
634552 76006 60
634552 43871 69.5652
634552 669273 62.2222
634552 649436 73.4694
634552 623991 60.8696
634552 87081 68.0851
634552 127964 62.5
634552 269613 63.8298
634552 633001 67.6471
634552 644325 75.5556
634552 2743 75
634552 638641 70.8333
634552 646164 72.3404
634552 636941 68.0851
634552 382814 65.2174
634552 403681 61.9048
634552 160497 68.0851
634552 644432 73.4694
634552 601307 60.8696
634552 4140 80
634552 677510 76.5957
634552 600388 71.1111
634552 241173 60.4651
634552 625063 73.913
634552 522408 68.0851
634552 625465 75
634552 626947 61.9048
634552 229 76
634552 59679 63.8298
634552 656392 68
634552 647014 62.8571
634552 140665 80
634552 160588 65.1163
634552 654113 75
634552 675187 62.8571
634552 118993 63.4146
634552 453 71.4286
634552 341865 65.3061
634552 629267 78.125
634552 645540 61.1111
634552 623992 93.8776
634552 628999 80
634552 629009 75
634552 640286 66.6667
634552 697943 87.5
634552 643729 64
634552 620248 60.4651
634552 671155 60.8696
634552 670183 70.8333
634552 36283 76.5957
634552 20122 66.6667
634552 6957 74.4186
634552 667948 63.0137
634552 641661 61.1111
634552 650981 84.4444
634552 625471 73.913
634552 645335 70.5882
634552 627725 65.2174
634552 700123 65.3061
634552 220327 72.3404
634552 54855 80
634552 633868 69.5652
634552 625412 76
634552 622636 75
634552 294110 69.5652
634552 667952 73.5294
634552 641165 80
634552 607167 62.5
634552 666530 66.6667
634552 30798 75
634552 634135 62.5
634552 37752 68
634552 657562 66.6667
634552 633890 73.4694
634552 42443 68
634552 636921 76.5957
634552 83398 60.8696
634552 30131 62.7451
634552 16634 76.5957
634552 658698 69.3878
634552 404000 83.3333
634552 656391 66.6667
634552 2253 65
634552 169105 76.5957
634552 617363 69.3878
634552 677555 71.1111
634552 637434 65.3061
634552 639682 68
634552 624349 61.2245
634552 660421 73.4694
634552 102318 78.2609
634552 66070 76
634552 651217 69.3878
634552 59628 65.3061
634552 74380 70.5882
634552 627383 72
634552 670181 81.8182
634552 670149 75.5556
634552 661128 72
634552 81669 70.8333
634552 650625 69.5652
634552 67594 77.551
634552 636993 80
634552 54833 65.3061
634552 639472 63.8889
634552 634306 64
634552 158037 78.2609
634552 64013 66.6667
634552 630692 64
634552 97219 70.8333
634552 650624 73.4694
634552 43026 77.551
634552 52350 69.3878
634552 365560 63.8298
634552 186233 66.6667
634552 645542 65.6716
634552 23380 71.4286
634552 7636 71.1111
634552 102851 66.6667
634552 628265 78.2609
634552 25952 70.8333
634552 639681 68
634552 645129 61.1111
634552 638534 60.274
634552 55342 76.5957
634552 657817 72.3404
634552 656390 68
634552 633174 66.6667
634552 672208 68.0851
634552 657811 68
634552 49494 65.3061
634552 634171 64
634552 96461 69.5652
634552 400230 61.9048
634552 625795 72
634552 660640 80
634552 625469 70.8333
634552 657840 72
634552 625042 80
634552 651220 69.3878
634552 128160 78.2609
634552 43870 69.5652
634552 180 71.1111
634552 633011 82.1429
634552 382815 62.5
634552 656386 70.8333
634552 116539 91.3043
634552 634714 72
634552 646707 72
634552 635960 72.3404
634552 369774 75
634552 1986 65.2174
634552 694105 66.6667
634552 677512 69.7674
634552 627435 68.2927
634552 2750 68.1818
634552 116363 62.5
634552 47695 72.3404
634552 136014 71.1111
634552 650609 65.3061
634552 644273 69.7674
634552 297577 62.5
634552 650639 60.8696
634552 291305 76.5957
634552 636784 69.3878
634552 647068 76
634552 677920 63.6364
634552 309699 91.3043
634552 209084 69.5652
634552 631315 73.913
634552 675186 62.8571
634552 659342 68
634552 695625 63.1579
634552 680715 71.1111
634552 646165 73.4694
634552 108408 67.6923
634552 138305 60.4651
634552 658533 64
634552 666665 66.6667
634552 656387 68
634552 638640 63.8298
634552 73166 72.7273
634552 40484 89.7959
634552 624535 76
634552 667850 63.8298
634552 672018 68.0851
634552 8512 68.0851
634552 636935 65.3061
634552 111920 73.913
634552 53183 68
634552 31976 78.2609
634552 649428 73.4694
634552 404827 60.4651
634552 160587 72.3404
634552 679825 65.5738
634552 609696 63.1579
634552 654114 83.3333
634552 670182 86.9565
634552 72288 76
634552 342024 61.9048
634552 636095 65.3061
634552 665553 70.8333
634552 641086 63.6364
634552 617409 66.6667
634552 651936 61.9048
634552 631128 72
634552 636943 69.3878
634552 34632 81.6327
634552 294731 62.2222
634552 631648 77.551
634552 671292 73.5294
634552 623636 63.8298
634552 650783 79.1667
634552 45164 76.5957
634552 8774 75
634552 646001 73.4694
634552 697384 69.5652
634552 691995 63.6364
634552 637493 61.1111
634552 689210 73.4694
634552 627226 75.5556
634552 657803 75
634552 629474 69.5652
634552 67800 60
634552 637821 68.1818
634552 43798 65.3061
634552 634293 62.5
634552 631630 73.4694
634552 139785 65.2174
634552 63862 70.8333
634552 670179 81.8182
634552 634151 60
634552 63055 62.2222
634552 20985 74.4186
634552 650616 79.1667
634552 633879 75
634552 601362 72
634552 666432 73.4694
634552 663915 65.3061
634552 364202 60.8696
634552 627436 80
634552 73248 72
634552 628244 70.5882
634552 677516 76.5957
634552 29851 69.5652
634552 278461 62.5
634552 624163 87.5
634552 8120 62.5
634552 668362 60.4651
634552 663585 73.4694
634552 623832 62.5
634552 231338 73.913
634552 624231 74.1935
634552 609818 68
634552 657836 70.8333
634552 696224 63.6364
634552 651218 69.3878
634552 650610 68.0851
634552 657805 77.2727
634552 650611 62.2222
634552 326397 62.5
634552 627708 71.875
634552 647019 62.8571
634552 174612 82.6087
634552 640230 65.3061
634552 625483 61.7647
634552 672960 75.5556
634552 640890 67.9245
634552 628996 72
634552 648352 61.3333
634552 650634 69.5652
634552 624162 84
634552 670148 75
634552 84552 72.3404
634552 651324 73.4694
634552 311941 84.4444
634552 694557 63.1579
634552 625186 80
634552 39362 76
634552 122640 68.0851
634552 83653 65.3061
634552 625464 73.913
634552 174620 68.1818
634552 673997 62.5
634552 295156 74.4186
634552 638129 72
634552 656393 68
634552 645124 62.8571
634552 71320 60.8696
634552 63911 70.8333
634552 58895 63.8298
634552 26154 61.9048
634552 649441 61.2245
634552 66479 63.4146
634552 640902 62.963
634552 641654 61.1111
634552 638174 69.3878
634552 663936 65.3061
634552 677545 74.4186
634552 636946 65.3061
634552 630076 74.5098
634552 693424 65.1163
634552 405084 64
634552 663576 73.4694
634552 174655 60.8696
634552 645098 67.6923
634552 681170 63.2911
634552 638851 66.6667
634552 628102 64
634552 109999 73.913
634552 680482 60.8696
634552 666436 73.4694
634552 82166 75.5556
634552 609819 68.1818
634552 625064 83.3333
634552 667470 72.3404
634552 48122 61.9048
634552 668859 61.1111
634552 103998 68.0851
634552 41554 76
634552 691259 61.5385
634552 662782 69.7674
634552 18255 63.4146
634552 86080 79.1667
634552 624006 80.8511
634552 636118 68
634552 634163 60.8696
634552 627222 60.8696
634552 34551 69.3878
634552 639683 76
634552 642604 61.2245
634552 105373 71.1111
634552 694315 69.5652
634552 1026 65.1163
634552 624331 68
634552 646232 62.5
634552 10121 75
634552 4867 80
634552 58104 83.3333
634552 240408 61.9048
634552 667276 85.1064
634552 636942 69.3878
634552 625468 72
634552 630262 72
634552 609694 68.1818
634552 646166 63.6364
634552 625482 61.7647
634552 521887 62.2222
634552 1118 66.6667
634552 624151 62.2222
634552 644932 68.0851
634552 55876 75
634552 611783 60
634552 674195 68.0851
634552 647355 68
634552 648929 66.6667
634552 635820 69.3878
634552 348706 63.8298
634552 3235 65
634552 202930 69.7674
634552 3124 65.1163
634552 62009 65.3061
634552 636929 68.0851
634552 4771 62.2222
634552 19984 69.5652
634552 603977 73.913
634552 616278 69.5652
634552 624051 70.5882
634552 60698 83.7209
634552 27116 71.4286
634552 633900 80
634552 2775 63.8298
634552 646159 76.5957
634552 609820 68.1818
634552 54128 65.3061
634552 631808 73.913
634552 619147 60
634552 636326 73.913
634552 672019 68.0851
634552 657843 68
634552 331770 68.0851
634552 646207 75
634552 10014 61.9048
634552 667950 69.697
634552 285113 75.5556
634552 64884 61.9048
634552 634581 60
634552 649097 72
634552 680494 66.6667
634552 301199 60.8696
634552 157913 74.4186
634552 147110 69.3878
634552 699206 63.8298
634552 636947 65.3061
634552 638603 61.9048
634552 609248 76.5957
634552 649427 73.4694
634552 615011 70.8333
634552 625239 65.3061
634552 609695 79.1667
634552 668856 62.8571
634552 615299 65.3061
634552 193341 60.4651
634552 291534 70.8333
634552 56357 67.9245
634552 624003 73.4694
634552 327445 68.1818
634552 58030 70.5882
634552 66069 68
634552 81549 61.9048
634552 644871 65.3061
634552 79707 63.6364
634552 649424 69.3878
634552 2741 69.5652
634552 650643 65.1163
634552 663914 63.8298
634552 56470 66.6667
634552 632386 68
634552 638521 63.8889
634552 75707 80
634552 140121 83.3333
634552 25397 70.8333
634552 627175 68.2927
634552 649044 73.4694
634552 636086 77.551
634552 630691 62.5
634552 131090 70.8333
634552 659301 64
634552 615985 63.8889
634552 627066 65.2174
634552 617628 65.3061
634552 617406 65.3061
634552 628979 73.4694
634552 634241 69.5652
634552 404698 62.2222
0 6
1 0
2 0
3 0
4 0
5 3
6 4
7 3
8 1
9 1
10 1
11 2
12 2
13 4
14 8
15 3
16 1
17 3
18 3
19 11
20 9
21 2
22 4
23 7
24 7
25 12
26 8
27 10
28 18
29 21
30 23
31 20
32 29
33 27
34 31
35 41
36 21
37 24
38 43
39 23
40 45
41 21
42 34
43 20
44 44
45 33
46 19
47 35
48 46
49 40
50 54
51 4
52 38
53 29
54 41
55 43
56 42
57 30
58 38
59 34
60 44
61 27
62 37
63 49
64 48
65 2
66 52
67 22
68 35
69 36
70 53
71 27
72 37
73 19
74 42
75 25
76 18
77 16
78 11
79 8
80 24
81 3
82 5
83 2
84 10
85 3
86 3
87 2
88 2
89 0
90 1
91 0
92 3
93 0
94 1
95 0
96 0
97 0
98 0
99 0
100 0
101 0
20
19045
