42
640902 633810 67.6056
640902 663935 77.551
640902 649425 75.4717
640902 681679 72
640902 56138 88.4615
640902 56869 66.6667
640902 699329 66.6667
640902 74468 77.551
640902 656400 88.8889
640902 646001 71.6981
640902 623832 76.9231
640902 640890 80.7018
640902 71439 71.6981
640902 634306 74.0741
640902 142693 66.6667
640902 649427 75.4717
640902 646438 68.5714
640902 648344 70.7317
640902 74380 80
640902 675215 72
640902 83653 86.7925
640902 84552 66.6667
640902 644932 66.6667
640902 670179 66.6667
640902 163661 70.9677
640902 631956 69.2308
640902 659342 70.3704
640902 66688 70.5882
640902 98431 70.8333
640902 679449 68
640902 31976 68
640902 80747 66.6667
640902 131312 68.1818
640902 649424 83.0189
640902 656387 81.4815
640902 405554 69.2308
640902 645334 90.566
640902 689210 83.0189
640902 645089 73.0769
640902 644333 73.0769
640902 659274 88.4615
640902 657803 76.9231
0 2
1 0
2 0
3 0
4 0
5 0
6 1
7 0
8 0
9 0
10 1
11 0
12 0
13 0
14 0
15 0
16 1
17 0
18 0
19 0
20 1
21 0
22 0
23 0
24 0
25 1
26 1
27 0
28 3
29 2
30 0
31 3
32 1
33 1
34 2
35 1
36 3
37 3
38 5
39 3
40 4
41 1
42 1
43 2
44 5
45 5
46 1
47 2
48 5
49 2
50 6
51 2
52 3
53 2
54 8
55 6
56 3
57 6
58 6
59 5
60 7
61 3
62 4
63 6
64 3
65 2
66 5
67 7
68 3
69 2
70 2
71 5
72 4
73 0
74 2
75 1
76 2
77 2
78 2
79 0
80 1
81 1
82 1
83 0
84 2
85 0
86 0
87 1
88 0
89 3
90 0
91 1
92 0
93 0
94 0
95 0
96 0
97 0
98 0
99 0
100 0
101 0
2
142
