845
633216 640743 72.3404
633216 688342 69.7674
633216 618260 61.9048
633216 656388 82.6087
633216 602909 89.3617
633216 630078 69.3878
633216 683715 81.8182
633216 650058 63.8889
633216 526046 66.6667
633216 639476 61.3333
633216 634175 63.8298
633216 63917 62.5
633216 660837 60.8696
633216 80747 80.9524
633216 644633 60.8696
633216 291559 95.6522
633216 12045 86.9565
633216 382319 60.4651
633216 662771 97.8723
633216 638684 80.8511
633216 104116 61.5385
633216 620753 66.6667
633216 338235 62.2222
633216 284701 69.5652
633216 140025 75.8621
633216 689429 63.6364
633216 659975 69.5652
633216 150952 71.1111
633216 102624 63.6364
633216 634552 75
633216 81626 86.3636
633216 634303 79.1667
633216 649420 85.1064
633216 638532 65.7143
633216 4971 83.7209
633216 73709 82.6087
633216 683370 63.4146
633216 625792 91.3043
633216 666728 86.3636
633216 632231 61.1111
633216 60548 62.2222
633216 1185 61.9048
633216 646168 73.913
633216 640892 82.3529
633216 87253 71.4286
633216 645037 65.1163
633216 154741 72.7273
633216 5226 72.7273
633216 649425 72.3404
633216 665122 82.6087
633216 608710 62.2222
633216 644433 97.8723
633216 699339 65.7143
633216 38231 71.1111
633216 660165 85.1064
633216 657809 79.1667
633216 57696 65.1163
633216 631956 86.9565
633216 648358 62.1622
633216 43030 85.1064
633216 686574 73.913
633216 128701 84
633216 644914 85.1064
633216 118151 85.1064
633216 8395 79.0698
633216 629424 66.6667
633216 132313 77.2727
633216 698558 72.7273
633216 635968 79.0698
633216 618121 62.1622
633216 44675 63.6364
633216 643344 79.1667
633216 355954 71.4286
633216 38709 61.9048
633216 660048 91.6667
633216 269161 66.6667
633216 630688 79.1667
633216 657815 90.4762
633216 627903 69.7674
633216 55666 80.9524
633216 657560 80.8511
633216 110344 80.9524
633216 41365 84.4444
633216 650911 83.3333
633216 24303 66.6667
633216 625109 73.913
633216 124081 80.8511
633216 617629 82.6087
633216 625446 90.9091
633216 602670 70.9677
633216 663589 60.8696
633216 646443 62.8571
633216 641831 80
633216 624386 91.6667
633216 33139 91.6667
633216 649429 75.5556
633216 671291 60.6061
633216 99002 81.8182
633216 227902 80.9524
633216 625159 75.5556
633216 68347 68.4211
633216 649690 79.0698
633216 98436 88.8889
633216 33592 87.5
633216 626946 70
633216 645600 79.1667
633216 634193 63.6364
633216 620337 71.4286
633216 74468 65.1163
633216 3846 70.8333
633216 630077 69.3878
633216 646163 85.1064
633216 371727 80
633216 99331 76.1905
633216 626953 90.4762
633216 610998 75
633216 17796 69.5652
633216 646212 71.1111
633216 610185 84.4444
633216 408564 95.8333
633216 677547 69.7674
633216 688039 77.551
633216 634249 80.8511
633216 633221 97.8723
633216 60275 79.1667
633216 67437 70.8333
633216 16448 80
633216 161622 72.7273
633216 74297 73.1707
633216 634617 60.8696
633216 685303 66.6667
633216 636944 75.5556
633216 638593 78.2609
633216 241113 69.5652
633216 645868 73.913
633216 689418 60.4651
633216 18256 66.6667
633216 645089 82.6087
633216 625794 89.3617
633216 624188 68.0851
633216 637006 72.3404
633216 625134 62.2222
633216 655263 69.7674
633216 186053 60.8696
633216 676725 72.3404
633216 624184 68.0851
633216 27419 66.6667
633216 640191 80
633216 122751 77.2727
633216 638173 80.8511
633216 5553 79.0698
633216 686264 74.4186
633216 650034 82.6087
633216 623661 83.7209
633216 109884 80
633216 636473 87.5
633216 645727 69.8413
633216 44217 62.5
633216 64797 65.1163
633216 636098 62.2222
633216 641763 66.6667
633216 623648 82.9268
633216 640645 63.6364
633216 649422 72.3404
633216 172262 62.2222
633216 623711 71.4286
633216 659144 66.6667
633216 625196 68.2927
633216 72272 66.6667
633216 640331 78.2609
633216 295375 63.1579
633216 125718 93.0233
633216 628815 72.7273
633216 145081 82.6087
633216 634304 79.1667
633216 643044 93.0233
633216 625381 84
633216 646204 79.1667
633216 114022 61.5385
633216 647648 70.9677
633216 626945 68.1818
633216 624005 84.4444
633216 12148 85.1064
633216 657818 76.1905
633216 96448 69.7674
633216 32363 80.9524
633216 55619 91.3043
633216 10549 69.5652
633216 664309 71.7949
633216 624004 84.4444
633216 612765 89.3617
633216 627377 78.2609
633216 617378 89.3617
633216 33832 72.3404
633216 646439 68.75
633216 640439 71.1111
633216 646222 86.9565
633216 625648 65.625
633216 28142 90.4762
633216 66597 80.8511
633216 617370 72.3404
633216 693097 67.6471
633216 666439 80.8511
633216 647372 86.3636
633216 646989 62.5
633216 691614 60.4651
633216 215132 72.7273
633216 627073 68.1818
633216 163661 78.5714
633216 700601 88.8889
633216 294109 86.3636
633216 603719 82.6087
633216 619101 79.1667
633216 660420 61.5385
633216 608712 75.5556
633216 639475 63.8889
633216 650059 72.1311
633216 667951 60.6061
633216 602908 95.4545
633216 625462 82.6087
633216 611545 72.3404
633216 683369 68.2927
633216 645548 60.5263
633216 667068 66.6667
633216 301197 63.6364
633216 657806 85.7143
633216 616256 74.4186
633216 33610 79.1667
633216 681316 62.2222
633216 24711 68.1818
633216 623700 75
633216 626544 65.2174
633216 641997 75
633216 194315 66.6667
633216 655264 75.5556
633216 677514 65.1163
633216 630911 69.7674
633216 677513 79.0698
633216 617395 75.5556
633216 638686 63.6364
633216 628867 97.7778
633216 111180 66.6667
633216 56501 66.6667
633216 679275 68.1818
633216 58579 71.4286
633216 679579 88.8889
633216 405968 75
633216 161621 72.7273
633216 124997 76.1905
633216 623635 76.5957
633216 621888 72.7273
633216 652546 63.8298
633216 38468 71.1111
633216 656400 79.1667
633216 41356 77.2727
633216 623650 68.0851
633216 255115 66.6667
633216 664977 63.6364
633216 1163 80.9524
633216 625144 73.913
633216 627074 68.1818
633216 646210 87.5
633216 72286 75
633216 73819 65.1163
633216 677434 66.6667
633216 664284 78.2609
633216 56869 79.1667
633216 645038 60.4651
633216 688887 74.4186
633216 688343 74.4186
633216 256 76.5957
633216 677507 69.7674
633216 55548 76.5957
633216 49210 73.913
633216 646444 68.75
633216 646203 79.1667
633216 641660 64.7059
633216 630915 75.5556
633216 257830 73.913
633216 645978 95.8333
633216 215138 72.7273
633216 626954 95.4545
633216 630690 82.0513
633216 632952 88.3721
633216 658464 65.1163
633216 1168 80.9524
633216 635034 72.4138
633216 76006 66.6667
633216 43871 77.2727
633216 669273 69.7674
633216 649436 93.617
633216 623991 81.8182
633216 87081 75.5556
633216 127964 82.6087
633216 633001 60.6061
633216 644325 88.3721
633216 2743 73.913
633216 638641 78.2609
633216 646164 80
633216 636941 75.5556
633216 626865 78.0488
633216 382814 81.8182
633216 7760 60.4651
633216 160497 80
633216 644432 97.8723
633216 679577 78.2609
633216 601307 63.6364
633216 4140 91.6667
633216 677510 75.5556
633216 600388 79.0698
633216 241173 73.1707
633216 625063 86.3636
633216 522408 80
633216 625465 95.6522
633216 626947 60
633216 229 70.8333
633216 59679 75.5556
633216 656392 79.1667
633216 659234 68.0851
633216 684792 66.6667
633216 647014 64.7059
633216 140665 93.0233
633216 654113 95.6522
633216 118993 66.6667
633216 453 60
633216 341865 72.3404
633216 629267 64.5161
633216 120309 66.6667
633216 663946 60.8696
633216 623992 80.8511
633216 628999 93.0233
633216 629009 95.6522
633216 640286 68.75
633216 697943 86.9565
633216 658397 63.8298
633216 643729 70.8333
633216 620248 73.1707
633216 636790 74.1935
633216 670183 82.6087
633216 36283 97.7778
633216 20122 60.8696
633216 133683 60.8696
633216 641661 65.7143
633216 650981 83.7209
633216 5220 65.2174
633216 625471 86.3636
633216 645335 81.6327
633216 646436 68.75
633216 627725 68.1818
633216 631597 68.4211
633216 700123 85.1064
633216 617683 66.6667
633216 667849 62.2222
633216 658787 68.75
633216 220327 66.6667
633216 54855 91.6667
633216 619072 68.8525
633216 633868 63.6364
633216 1112 68.5714
633216 625412 79.1667
633216 622636 86.9565
633216 294110 90.9091
633216 667952 60.6061
633216 641165 79.1667
633216 624842 66.6667
633216 637641 64.7059
633216 666530 83.7209
633216 30798 95.6522
633216 634135 73.913
633216 84223 72.2222
633216 37752 87.5
633216 657562 74.4186
633216 633890 97.8723
633216 42443 83.3333
633216 636921 75.5556
633216 83398 63.6364
633216 142693 61.5385
633216 626923 69.3878
633216 30131 77.551
633216 16634 97.7778
633216 62778 61.9048
633216 658698 85.1064
633216 629718 80.9524
633216 404000 82.6087
633216 692599 77.2727
633216 656391 73.913
633216 169105 88.8889
633216 651739 66.6667
633216 617363 85.1064
633216 677555 79.0698
633216 637434 72.3404
633216 639682 79.1667
633216 624349 80.8511
633216 660421 76.5957
633216 664853 69.7674
633216 102318 90.9091
633216 650211 66.6667
633216 66070 66.6667
633216 309708 61.1111
633216 651217 80.8511
633216 345650 65.2174
633216 59628 76.5957
633216 74380 89.7959
633216 627383 91.6667
633216 670181 76.1905
633216 685117 66.6667
633216 670149 79.0698
633216 661128 91.6667
633216 623701 71.4286
633216 81669 78.2609
633216 650625 68.1818
633216 67594 72.3404
633216 636993 70.8333
633216 54833 72.3404
633216 30152 68.2927
633216 639472 65.7143
633216 634306 83.3333
633216 653050 60.8696
633216 658487 60.8696
633216 158037 72.7273
633216 64013 79.0698
633216 630692 79.1667
633216 97219 82.6087
633216 639772 67.7966
633216 54829 68.1818
633216 650624 76.5957
633216 666677 60.4651
633216 647024 63.0137
633216 43026 80.8511
633216 52350 76.5957
633216 186233 73.913
633216 338205 66.6667
633216 650064 69.697
633216 645542 67.6923
633216 48911 66.6667
633216 23380 60
633216 60195 61.5385
633216 646440 66.6667
633216 7636 79.0698
633216 102851 82.6087
633216 628265 90.9091
633216 25952 91.3043
633216 624987 75.5556
633216 624671 71.7949
633216 38253 66.6667
633216 639681 79.1667
633216 645129 62.8571
633216 638534 64.7887
633216 55342 75.5556
633216 657817 93.3333
633216 647645 68.75
633216 656390 75
633216 633174 77.551
633216 672208 75.5556
633216 657811 79.1667
633216 634171 75
633216 611078 71.4286
633216 96461 77.2727
633216 626100 71.1111
633216 400230 75
633216 625795 87.5
633216 9659 60.4651
633216 660640 83.7209
633216 625469 82.6087
633216 675282 62.8571
633216 657840 87.5
633216 625042 83.3333
633216 651220 89.3617
633216 665536 64.7887
633216 692226 63.1579
633216 679281 61.9048
633216 128160 90.9091
633216 641699 64.7059
633216 43870 77.2727
633216 180 93.0233
633216 690415 66.6667
633216 633011 70.3704
633216 382815 82.6087
633216 656386 82.6087
633216 116539 72.7273
633216 646645 62.5
633216 634714 87.5
633216 646707 91.6667
633216 635960 75.5556
633216 658776 73.913
633216 369774 95.6522
633216 609067 75
633216 1986 86.3636
633216 694105 73.913
633216 677512 73.1707
633216 627435 82.0513
633216 2750 61.9048
633216 116363 82.6087
633216 47695 80
633216 72089 68.0851
633216 651737 66.6667
633216 650609 85.1064
633216 686466 65.1163
633216 644273 78.0488
633216 685298 60.4651
633216 646910 63.8889
633216 291305 88.8889
633216 636784 80.8511
633216 647068 79.1667
633216 677920 76.1905
633216 148519 64.8649
633216 12463 65.2174
633216 309699 72.7273
633216 617368 66.6667
633216 209084 72.7273
633216 631315 81.8182
633216 164614 60.4651
633216 675186 64.7059
633216 659342 79.1667
633216 695625 76.3636
633216 680715 83.7209
633216 625421 65.2174
633216 646165 85.1064
633216 108408 60.3175
633216 138305 82.9268
633216 616232 73.913
633216 642896 60.4651
633216 647643 65.7143
633216 666665 78.2609
633216 656387 79.1667
633216 638640 66.6667
633216 73166 76.1905
633216 40484 63.8298
633216 624535 83.3333
633216 617316 73.1707
633216 8512 88.8889
633216 636935 72.3404
633216 111920 63.6364
633216 53183 79.1667
633216 658980 62.2222
633216 31976 72.7273
633216 649428 72.3404
633216 404827 63.4146
633216 160587 71.1111
633216 679825 77.9661
633216 646441 62.8571
633216 654114 82.6087
633216 670182 77.2727
633216 84227 61.5385
633216 72288 75
633216 636095 72.3404
633216 665553 86.9565
633216 68955 79.0698
633216 659015 63.8889
633216 617409 82.6087
633216 631128 87.5
633216 636943 85.1064
633216 34632 68.0851
633216 294731 74.4186
633216 631648 80.8511
633216 671292 60.6061
633216 623636 84.4444
633216 663571 72.3404
633216 650783 73.913
633216 45164 80
633216 650061 60.274
633216 326172 63.6364
633216 8774 95.6522
633216 646001 76.5957
633216 697384 77.2727
633216 691995 65.625
633216 637493 65.7143
633216 689210 89.3617
633216 627226 79.0698
633216 657803 91.3043
633216 629474 90.9091
633216 136135 80
633216 667247 71.1111
633216 43798 72.3404
633216 634293 73.913
633216 631630 89.3617
633216 191990 75.5556
633216 63862 91.3043
633216 670179 76.1905
633216 637642 64.7059
633216 634151 78.9474
633216 676713 60.4651
633216 63055 65.1163
633216 672441 68.1818
633216 624961 69.5652
633216 20985 78.0488
633216 650616 82.6087
633216 633879 95.6522
633216 6365 68.4211
633216 601362 70.8333
633216 666432 93.617
633216 676419 61.1111
633216 663915 68.0851
633216 364202 81.8182
633216 662187 80
633216 627436 93.0233
633216 73248 66.6667
633216 628244 85.7143
633216 677516 84.4444
633216 647644 65.7143
633216 30724 65.1163
633216 29851 63.6364
633216 644297 71.4286
633216 650608 61.5385
633216 278461 78.2609
633216 624163 73.913
633216 693434 77.2727
633216 8120 82.6087
633216 690393 72.1311
633216 668362 73.1707
633216 663585 97.8723
633216 623832 69.5652
633216 687813 66.6667
633216 231338 68.1818
633216 624231 66.6667
633216 609818 62.5
633216 657836 82.6087
633216 696224 66.6667
633216 651218 80.8511
633216 650610 88.8889
633216 657805 85.7143
633216 650611 69.7674
633216 629037 75.5556
633216 38243 66.6667
633216 627708 64.5161
633216 616811 60.8696
633216 174612 72.7273
633216 640230 72.3404
633216 634470 76.5957
633216 632227 70
633216 647646 68.75
633216 672960 83.7209
633216 640890 82.3529
633216 628996 87.5
633216 648352 60.274
633216 650634 68.1818
633216 624162 70.8333
633216 670148 95.6522
633216 628296 73.1707
633216 84552 71.1111
633216 651324 80.8511
633216 98431 61.9048
633216 664941 68.6567
633216 311941 79.0698
633216 57598 63.4146
633216 694557 62.1622
633216 625186 79.1667
633216 641698 64.7059
633216 39362 70.8333
633216 637646 70.9677
633216 661471 68.0851
633216 683892 69.5652
633216 83653 72.3404
633216 625464 86.3636
633216 651735 66.6667
633216 174620 76.1905
633216 677915 66.6667
633216 131312 63.1579
633216 56148 73.913
633216 295156 87.8049
633216 638129 91.6667
633216 677916 66.6667
633216 622644 68.0851
633216 656393 75
633216 663952 68.0851
633216 645124 64.7059
633216 602880 63.8298
633216 660053 60.8696
633216 71320 72.7273
633216 63911 82.6087
633216 58895 75.5556
633216 26154 75
633216 649441 80.8511
633216 66479 66.6667
633216 695218 75.5556
633216 640902 73.0769
633216 641654 62.8571
633216 30723 65.1163
633216 638174 80.8511
633216 664269 69.7674
633216 694951 60.4651
633216 663936 72.3404
633216 677545 63.4146
633216 636946 72.3404
633216 630076 69.3878
633216 693424 82.9268
633216 71439 68.0851
633216 405084 70.8333
633216 663576 72.3404
633216 339497 60
633216 174655 63.6364
633216 645098 69.8413
633216 638851 88.3721
633216 628102 70.8333
633216 29232 65.1163
633216 13687 71.1111
633216 109999 68.1818
633216 666436 93.617
633216 82166 69.7674
633216 609819 76.1905
633216 613239 73.913
633216 301196 66.6667
633216 625064 82.6087
633216 628495 75
633216 667470 84.4444
633216 631634 61.5385
633216 86939 60.4651
633216 41554 70.8333
633216 278175 65.1163
633216 691259 63.4921
633216 614939 64.7887
633216 40725 77.2727
633216 662782 63.4146
633216 18255 66.6667
633216 700591 61.5385
633216 624960 69.5652
633216 86080 73.913
633216 624006 84.4444
633216 636118 79.1667
633216 634163 81.8182
633216 34551 89.3617
633216 639683 75
633216 649096 65.2174
633216 642604 76.5957
633216 676712 60.4651
633216 147625 61.5385
633216 642788 82.0513
633216 105373 79.0698
633216 694315 63.6364
633216 1026 78.0488
633216 624331 66.6667
633216 627082 60.8696
633216 646232 69.5652
633216 95102 71.1111
633216 10121 95.6522
633216 4867 75
633216 58104 86.9565
633216 667276 84.4444
633216 636942 85.1064
633216 625468 87.5
633216 23609 72.7273
633216 630262 87.5
633216 662773 65
633216 646166 71.4286
633216 521887 74.4186
633216 666115 70.7692
633216 1118 65
633216 644932 84.4444
633216 55876 95.6522
633216 674195 75.5556
633216 647355 87.5
633216 648929 60.8696
633216 348706 75.5556
633216 202930 63.4146
633216 3124 73.1707
633216 62009 72.3404
633216 636929 75.5556
633216 4771 65.1163
633216 644333 69.5652
633216 295435 77.2727
633216 19984 77.2727
633216 603977 68.1818
633216 616278 90.9091
633216 624051 65.3061
633216 634775 60.8696
633216 60698 63.4146
633216 27116 75
633216 633900 83.3333
633216 79016 60.8696
633216 617633 66.6667
633216 2775 66.6667
633216 646159 71.1111
633216 609820 76.1905
633216 54128 72.3404
633216 631808 81.8182
633216 619147 62.5
633216 636326 86.3636
633216 657843 87.5
633216 294107 75
633216 331770 84.4444
633216 639767 66.6667
633216 646207 91.3043
633216 617398 76.5957
633216 66688 62.2222
633216 667950 62.5
633216 285113 79.0698
633216 634581 62.5
633216 34765 60.8696
633216 649097 66.6667
633216 680494 69.5652
633216 301199 63.6364
633216 157913 63.4146
633216 147110 80.8511
633216 58580 80
633216 699206 62.2222
633216 636947 72.3404
633216 638603 60
633216 609248 88.8889
633216 87254 77.2727
633216 649427 72.3404
633216 624575 63.8889
633216 615011 82.6087
633216 615299 72.3404
633216 637643 64.7059
633216 677917 69.7674
633216 291534 65.2174
633216 56357 86.2745
633216 163501 66.6667
633216 624003 97.8723
633216 58030 89.7959
633216 66069 75
633216 81549 65
633216 644871 85.1064
633216 79707 71.4286
633216 649424 80.8511
633216 681679 63.7681
633216 2741 68.1818
633216 697598 62.1622
633216 663914 66.6667
633216 56470 86.9565
633216 632386 87.5
633216 638521 65.7143
633216 75707 62.5
633216 612049 71.1864
633216 140121 78.2609
633216 25397 78.2609
633216 41355 77.2727
633216 649044 97.8723
633216 636086 63.8298
633216 665282 60.8696
633216 630691 82.6087
633216 131090 78.2609
633216 646438 68.75
633216 659301 83.3333
633216 15193 77.2727
633216 615985 65.7143
633216 627066 72.7273
633216 641697 64.7059
633216 620336 65
633216 617628 72.3404
633216 617406 72.3404
633216 628979 93.617
633216 663935 60.4651
633216 634241 90.9091
633216 404698 65.1163
0 17
1 0
2 0
3 0
4 0
5 0
6 1
7 0
8 0
9 0
10 3
11 5
12 4
13 0
14 8
15 5
16 6
17 0
18 7
19 10
20 19
21 5
22 8
23 11
24 9
25 7
26 10
27 13
28 15
29 10
30 22
31 25
32 28
33 21
34 16
35 38
36 19
37 16
38 21
39 23
40 42
41 15
42 19
43 21
44 25
45 23
46 28
47 31
48 36
49 26
50 46
51 3
52 44
53 37
54 32
55 42
56 22
57 29
58 44
59 15
60 25
61 42
62 21
63 29
64 42
65 20
66 34
67 54
68 3
69 42
70 34
71 16
72 25
73 51
74 29
75 27
76 24
77 22
78 20
79 18
80 54
81 27
82 9
83 35
84 16
85 11
86 18
87 18
88 15
89 11
90 10
91 11
92 15
93 0
94 11
95 0
96 15
97 0
98 11
99 0
100 0
101 0
17
20142
