0
0 0
1 0
2 0
3 0
4 0
5 0
6 0
7 0
8 0
9 0
10 0
11 0
12 0
13 1
14 0
15 1
16 0
17 0
18 0
19 0
20 0
21 0
22 0
23 0
24 0
25 1
26 2
27 1
28 1
29 1
30 2
31 1
32 3
33 2
34 2
35 7
36 4
37 4
38 4
39 7
40 12
41 3
42 10
43 8
44 15
45 15
46 13
47 22
48 27
49 25
50 38
51 22
52 32
53 42
54 40
55 46
56 51
57 51
58 69
59 65
60 80
61 73
62 75
63 85
64 70
65 100
66 83
67 78
68 65
69 71
70 81
71 46
72 51
73 46
74 43
75 34
76 24
77 28
78 11
79 14
80 11
81 5
82 5
83 2
84 6
85 1
86 0
87 2
88 1
89 0
90 0
91 0
92 0
93 0
94 0
95 0
96 0
97 0
98 0
99 0
100 0
101 0
17
16990
