657
304650 40553 75.5556
304650 673919 78.2609
304650 637189 71.1111
304650 636926 80
304650 615009 79.1667
304650 650648 65.1163
304650 633216 69.5652
304650 688342 79.0698
304650 370393 68.1818
304650 656388 69.5652
304650 602909 68.0851
304650 630078 73.4694
304650 683715 72.7273
304650 526046 66.6667
304650 634175 72.3404
304650 63917 75
304650 80747 71.4286
304650 291559 69.5652
304650 12045 69.5652
304650 662771 68.0851
304650 638684 80.8511
304650 625231 63.8298
304650 284701 78.2609
304650 140025 62.069
304650 659975 65.2174
304650 150952 80
304650 102624 72.7273
304650 634552 66.6667
304650 286680 63.6364
304650 634303 66.6667
304650 649420 72.3404
304650 4971 74.4186
304650 625792 69.5652
304650 666728 72.7273
304650 1185 66.6667
304650 621194 68.0851
304650 640892 62.7451
304650 154741 81.8182
304650 649425 76.5957
304650 665122 69.5652
304650 608710 66.6667
304650 644433 68.0851
304650 38231 71.1111
304650 99871 73.1707
304650 660165 76.5957
304650 657809 79.1667
304650 631956 78.2609
304650 43030 85.1064
304650 686574 60.8696
304650 128701 72
304650 644914 63.8298
304650 8395 83.7209
304650 629424 62.5
304650 698558 63.6364
304650 635968 65.1163
304650 44675 81.8182
304650 643344 66.6667
304650 355954 76.1905
304650 660048 66.6667
304650 50850 61.2903
304650 609816 61.5385
304650 658779 60.4651
304650 630688 66.6667
304650 657815 66.6667
304650 627903 65.1163
304650 838 61.9048
304650 657560 68.0851
304650 110344 61.9048
304650 167881 63.6364
304650 371296 61.9048
304650 41365 62.2222
304650 650911 75
304650 24303 66.6667
304650 124081 68.0851
304650 617629 65.2174
304650 625446 63.6364
304650 602670 61.2903
304650 663589 60.8696
304650 641831 88.8889
304650 624386 75
304650 33139 66.6667
304650 649429 80
304650 667249 68.1818
304650 679 71.4286
304650 99002 72.7273
304650 68347 68.4211
304650 649690 60.4651
304650 149704 68.2927
304650 98436 62.2222
304650 33592 75
304650 645600 83.3333
304650 634193 63.6364
304650 74468 79.0698
304650 605469 63.6364
304650 3846 70.8333
304650 634176 64.5161
304650 630077 73.4694
304650 839 71.4286
304650 57549 66.6667
304650 646163 76.5957
304650 371727 66.6667
304650 99331 76.1905
304650 626953 71.4286
304650 610998 60.7143
304650 17796 86.9565
304650 610185 80
304650 408564 66.6667
304650 677547 69.7674
304650 688039 65.3061
304650 633221 68.0851
304650 60275 66.6667
304650 67437 79.1667
304650 16448 75.5556
304650 679449 68.1818
304650 634617 65.2174
304650 636944 80
304650 638593 60.8696
304650 241113 60.8696
304650 689418 60.4651
304650 18256 76.9231
304650 645089 73.913
304650 625794 68.0851
304650 637006 80.8511
304650 655263 60.4651
304650 186053 65.2174
304650 676725 68.0851
304650 640191 75.5556
304650 122751 68.1818
304650 638173 68.0851
304650 5553 65.1163
304650 686264 74.4186
304650 650034 69.5652
304650 109884 62.2222
304650 636473 70.8333
304650 645727 60.3175
304650 64797 65.1163
304650 636098 71.1111
304650 641763 80
304650 70716 63.6364
304650 649422 76.5957
304650 664545 60
304650 172262 75.5556
304650 659144 80
304650 625196 63.4146
304650 109852 61.9048
304650 680519 65.1163
304650 640331 78.2609
304650 125718 74.4186
304650 5729 68.1818
304650 628815 68.1818
304650 145081 69.5652
304650 634304 66.6667
304650 643044 69.7674
304650 625381 68
304650 646204 75
304650 114022 61.5385
304650 624005 71.1111
304650 12148 68.0851
304650 32363 80.9524
304650 55619 65.2174
304650 10549 73.913
304650 42080 70
304650 624004 71.1111
304650 612765 76.5957
304650 617378 63.8298
304650 328442 66.6667
304650 28142 76.1905
304650 66597 72.3404
304650 617370 76.5957
304650 666439 76.5957
304650 690589 60.8696
304650 647372 72.7273
304650 691614 69.7674
304650 215132 77.2727
304650 38241 69.5652
304650 163661 64.2857
304650 700601 71.1111
304650 603719 65.2174
304650 619101 75
304650 660420 61.5385
304650 20579 71.1111
304650 680859 60.4651
304650 608712 75.5556
304650 14023 66.6667
304650 602908 72.7273
304650 298812 65.2174
304650 625462 69.5652
304650 611545 63.8298
304650 657806 76.1905
304650 616256 79.0698
304650 24833 66.6667
304650 33610 66.6667
304650 681316 66.6667
304650 24711 68.1818
304650 656987 72.7273
304650 639840 65.3061
304650 641997 70.8333
304650 664276 62.2222
304650 194315 80
304650 677514 74.4186
304650 677513 74.4186
304650 638686 68.1818
304650 628867 71.1111
304650 56501 75.5556
304650 679579 62.2222
304650 664543 63.6364
304650 405968 79.1667
304650 66476 66.6667
304650 124997 66.6667
304650 623635 85.1064
304650 621888 72.7273
304650 38468 71.1111
304650 656400 75
304650 623650 68.0851
304650 255115 80
304650 664977 63.6364
304650 149987 62.2222
304650 625144 69.5652
304650 646210 75
304650 72286 83.3333
304650 73819 60.4651
304650 677434 66.6667
304650 664284 65.2174
304650 56869 70.8333
304650 645038 65.1163
304650 256 68.0851
304650 677507 65.1163
304650 49210 73.913
304650 646203 75
304650 257830 82.6087
304650 645978 66.6667
304650 215138 77.2727
304650 626954 72.7273
304650 630690 61.5385
304650 632952 74.4186
304650 658464 65.1163
304650 364093 66.6667
304650 76006 75
304650 43871 77.2727
304650 649436 68.0851
304650 87081 84.4444
304650 127964 65.2174
304650 269613 66.6667
304650 644325 74.4186
304650 638641 73.913
304650 646164 75.5556
304650 636941 80
304650 382814 68.1818
304650 7760 69.7674
304650 160497 71.1111
304650 644432 68.0851
304650 601307 77.2727
304650 4140 66.6667
304650 677510 71.1111
304650 600388 79.0698
304650 241173 63.4146
304650 625063 72.7273
304650 522408 71.1111
304650 625465 69.5652
304650 229 66.6667
304650 59679 71.1111
304650 656392 75
304650 659234 68.0851
304650 140665 74.4186
304650 654113 69.5652
304650 118993 76.9231
304650 341865 76.5957
304650 120309 76.1905
304650 663946 65.2174
304650 623992 68.0851
304650 628999 74.4186
304650 629009 69.5652
304650 697943 69.5652
304650 658397 72.3404
304650 643729 75
304650 620248 63.4146
304650 670183 78.2609
304650 36283 71.1111
304650 20122 78.2609
304650 6957 68.2927
304650 650981 74.4186
304650 625471 72.7273
304650 645335 73.4694
304650 627725 63.6364
304650 220327 62.2222
304650 54855 66.6667
304650 633868 63.6364
304650 625412 66.6667
304650 622636 78.2609
304650 294110 63.6364
304650 641165 70.8333
304650 624842 71.1111
304650 666530 69.7674
304650 30798 69.5652
304650 76010 63.6364
304650 634135 60.8696
304650 37752 70.8333
304650 657562 65.1163
304650 633890 68.0851
304650 42443 83.3333
304650 636921 80
304650 83398 72.7273
304650 629374 63.8298
304650 115006 63.6364
304650 142693 61.5385
304650 626923 65.3061
304650 30131 69.3878
304650 66489 68.1818
304650 16634 71.1111
304650 658698 68.0851
304650 629718 61.9048
304650 404000 69.5652
304650 656391 78.2609
304650 169105 80
304650 617363 72.3404
304650 677555 74.4186
304650 637434 80.8511
304650 639682 83.3333
304650 660421 80.8511
304650 664853 65.1163
304650 102318 72.7273
304650 663921 63.4146
304650 66070 83.3333
304650 309708 72.2222
304650 651217 76.5957
304650 345650 60.8696
304650 659122 68.0851
304650 59628 76.5957
304650 74380 65.3061
304650 627383 75
304650 670181 66.6667
304650 685117 66.6667
304650 670149 79.0698
304650 661128 66.6667
304650 81669 86.9565
304650 67594 80.8511
304650 636993 75
304650 54833 76.5957
304650 634306 66.6667
304650 158037 63.6364
304650 64013 69.7674
304650 97219 78.2609
304650 639772 71.1864
304650 54829 63.6364
304650 43026 72.3404
304650 52350 76.5957
304650 67609 62.2222
304650 641764 60
304650 186233 78.2609
304650 116805 63.6364
304650 164774 72.7273
304650 7636 79.0698
304650 102851 69.5652
304650 628265 72.7273
304650 25952 65.2174
304650 38253 66.6667
304650 639681 83.3333
304650 55342 75.5556
304650 657817 66.6667
304650 656390 75
304650 633174 77.551
304650 657811 79.1667
304650 634171 75
304650 96461 77.2727
304650 400230 65
304650 625795 66.6667
304650 36603 61.9048
304650 9659 69.7674
304650 660640 65.1163
304650 625469 69.5652
304650 668523 60.4651
304650 657840 66.6667
304650 625042 66.6667
304650 651220 72.3404
304650 128160 72.7273
304650 43870 77.2727
304650 180 65.1163
304650 690415 75.5556
304650 633011 66.6667
304650 382815 65.2174
304650 656386 69.5652
304650 116539 63.6364
304650 646645 66.6667
304650 634714 66.6667
304650 116523 65.2174
304650 646707 75
304650 635960 84.4444
304650 369774 69.5652
304650 609067 60.7143
304650 694105 78.2609
304650 677512 78.0488
304650 627435 61.5385
304650 116363 65.2174
304650 47695 84.4444
304650 297577 60.8696
304650 685298 60.4651
304650 291305 80
304650 691610 73.1707
304650 636784 68.0851
304650 647068 75
304650 677920 61.9048
304650 12463 73.913
304650 309699 63.6364
304650 209084 68.1818
304650 631315 77.2727
304650 164614 69.7674
304650 659342 66.6667
304650 695625 69.0909
304650 680715 65.1163
304650 625421 60.8696
304650 646165 76.5957
304650 642896 79.0698
304650 627368 73.913
304650 658533 66.6667
304650 666665 60.8696
304650 656387 66.6667
304650 638640 75.5556
304650 73166 80.9524
304650 672018 71.1111
304650 8512 62.2222
304650 636935 80.8511
304650 111920 63.6364
304650 67476 75.5556
304650 53183 75
304650 31976 77.2727
304650 649428 76.5957
304650 404827 68.2927
304650 679825 61.0169
304650 654114 69.5652
304650 670182 63.6364
304650 72288 83.3333
304650 342024 60
304650 31592 61.5385
304650 665553 69.5652
304650 68955 60.4651
304650 617409 69.5652
304650 79447 62.2222
304650 631128 66.6667
304650 663620 60.8696
304650 636943 76.5957
304650 34632 72.3404
304650 631648 76.5957
304650 650783 69.5652
304650 45164 75.5556
304650 8774 69.5652
304650 646001 80.8511
304650 697384 77.2727
304650 691995 62.5
304650 689210 68.0851
304650 60734 73.913
304650 627226 83.7209
304650 657803 69.5652
304650 629474 68.1818
304650 43798 76.5957
304650 634293 60.8696
304650 631630 76.5957
304650 139785 68.1818
304650 63862 65.2174
304650 670179 66.6667
304650 690590 60.8696
304650 63055 74.4186
304650 672441 68.1818
304650 20985 87.8049
304650 650616 60.8696
304650 633879 69.5652
304650 601362 75
304650 19055 63.4146
304650 666432 68.0851
304650 663915 72.3404
304650 364202 63.6364
304650 627436 74.4186
304650 73248 83.3333
304650 628244 65.3061
304650 677516 80
304650 29851 63.6364
304650 278461 73.913
304650 624163 69.5652
304650 668362 63.4146
304650 663585 68.0851
304650 623832 69.5652
304650 624231 60
304650 609818 75
304650 657836 69.5652
304650 651218 76.5957
304650 650610 62.2222
304650 657805 76.1905
304650 675215 63.6364
304650 38243 66.6667
304650 326397 69.5652
304650 15130 63.6364
304650 616811 69.5652
304650 634470 68.0851
304650 672960 83.7209
304650 640890 62.7451
304650 628996 66.6667
304650 625028 63.1579
304650 624162 66.6667
304650 670148 69.5652
304650 84552 62.2222
304650 651324 68.0851
304650 311941 69.7674
304650 625186 62.5
304650 39362 83.3333
304650 122640 66.6667
304650 661471 63.8298
304650 683892 69.5652
304650 83653 76.5957
304650 625464 72.7273
304650 174620 76.1905
304650 131312 63.1579
304650 56148 60.8696
304650 295156 68.2927
304650 638129 66.6667
304650 622644 63.8298
304650 669986 60.4651
304650 656393 75
304650 692011 60.8696
304650 102623 63.6364
304650 71320 77.2727
304650 63911 78.2609
304650 58895 71.1111
304650 26154 65
304650 649441 63.8298
304650 59727 65
304650 66479 71.7949
304650 640902 73.0769
304650 638174 68.0851
304650 663936 76.5957
304650 677545 63.4146
304650 636946 80.8511
304650 630076 73.4694
304650 71439 68.0851
304650 405084 75
304650 663576 76.5957
304650 638851 60.4651
304650 628102 79.1667
304650 680482 72.7273
304650 666436 68.0851
304650 609819 66.6667
304650 625064 69.5652
304650 628495 60.7143
304650 667470 71.1111
304650 103998 62.2222
304650 86939 65.1163
304650 41554 66.6667
304650 278175 60.4651
304650 663927 60.8696
304650 691259 60.3175
304650 662782 73.1707
304650 18255 76.9231
304650 409127 62.2222
304650 86080 69.5652
304650 624006 71.1111
304650 636118 66.6667
304650 634163 63.6364
304650 627222 72.7273
304650 34551 63.8298
304650 639683 83.3333
304650 649096 73.913
304650 642604 68.0851
304650 105373 74.4186
304650 694315 81.8182
304650 1026 68.2927
304650 646232 82.6087
304650 10121 69.5652
304650 4867 66.6667
304650 58104 65.2174
304650 667276 71.1111
304650 636942 76.5957
304650 625468 66.6667
304650 630262 75
304650 662773 60
304650 646166 66.6667
304650 521887 74.4186
304650 648928 68.1818
304650 666115 61.5385
304650 644932 62.2222
304650 55876 69.5652
304650 611783 70.8333
304650 674195 75.5556
304650 647355 62.5
304650 663549 60.8696
304650 648929 65.2174
304650 635820 68.0851
304650 348706 75.5556
304650 202930 68.2927
304650 3124 68.2927
304650 160451 60.8696
304650 62009 72.3404
304650 636929 80
304650 4771 69.7674
304650 644333 60.8696
304650 19984 81.8182
304650 70868 60.8696
304650 327982 60
304650 634220 60.8696
304650 616278 63.6364
304650 624051 73.4694
304650 634775 65.2174
304650 27116 85
304650 79016 78.2609
304650 617633 66.6667
304650 2775 75.5556
304650 646159 75.5556
304650 609820 66.6667
304650 619147 70.8333
304650 636326 77.2727
304650 672019 71.1111
304650 657843 70.8333
304650 331770 71.1111
304650 639767 77.193
304650 646207 69.5652
304650 66688 66.6667
304650 285113 83.7209
304650 634581 75
304650 649097 70.8333
304650 680494 86.9565
304650 13009 66.6667
304650 157913 63.4146
304650 649092 62.2222
304650 147110 76.5957
304650 636947 80.8511
304650 609248 71.1111
304650 649427 76.5957
304650 615011 78.2609
304650 625239 72.3404
304650 627367 73.913
304650 615299 68.0851
304650 677917 60.4651
304650 291534 86.9565
304650 56357 62.7451
304650 624003 68.0851
304650 327445 66.6667
304650 58030 65.3061
304650 66069 83.3333
304650 632913 72.3404
304650 644871 68.0851
304650 79707 76.1905
304650 649424 76.5957
304650 663914 75.5556
304650 56470 69.5652
304650 632386 70.8333
304650 627370 77.2727
304650 75707 79.1667
304650 25397 86.9565
304650 649044 68.0851
304650 663947 69.5652
304650 25413 70.8333
304650 636086 76.5957
304650 665282 65.2174
304650 131090 86.9565
304650 617628 80.8511
304650 617406 89.3617
304650 628979 68.0851
304650 663935 69.7674
304650 634241 63.6364
304650 404698 69.7674
0 9
1 0
2 0
3 0
4 0
5 2
6 3
7 6
8 0
9 1
10 5
11 2
12 7
13 3
14 3
15 5
16 2
17 4
18 10
19 2
20 9
21 6
22 9
23 7
24 2
25 16
26 16
27 23
28 24
29 27
30 25
31 13
32 23
33 14
34 14
35 41
36 20
37 17
38 16
39 23
40 64
41 16
42 28
43 30
44 57
45 47
46 24
47 32
48 39
49 32
50 55
51 3
52 50
53 47
54 32
55 43
56 40
57 36
58 57
59 30
60 40
61 40
62 18
63 24
64 48
65 5
66 40
67 64
68 1
69 59
70 57
71 12
72 31
73 32
74 19
75 40
76 17
77 38
78 14
79 15
80 29
81 12
82 4
83 2
84 15
85 4
86 2
87 6
88 1
89 1
90 1
91 0
92 0
93 0
94 0
95 0
96 0
97 0
98 0
99 0
100 0
101 0
21
20484
