190
24303 10121 66.6667
24303 145081 75.5556
24303 629009 66.6667
24303 311941 80.9524
24303 624051 66.6667
24303 649097 76.5957
24303 631958 66.6667
24303 662765 69.5652
24303 662782 75
24303 672960 66.6667
24303 616256 66.6667
24303 32363 68.2927
24303 630076 70.8333
24303 327982 66.6667
24303 650643 75
24303 380271 69.7674
24303 641997 68.0851
24303 625231 69.5652
24303 39362 72.3404
24303 621194 73.913
24303 29851 69.7674
24303 628815 74.4186
24303 2184 66.6667
24303 626954 69.7674
24303 66597 69.5652
24303 644325 66.6667
24303 604781 79.0698
24303 625064 80
24303 140665 66.6667
24303 58104 71.1111
24303 229 80.8511
24303 14023 68.4211
24303 609695 66.6667
24303 640331 66.6667
24303 649092 77.2727
24303 650798 70
24303 1118 71.7949
24303 186233 66.6667
24303 650800 68.1818
24303 636098 77.2727
24303 28142 68.2927
24303 1126 66.6667
24303 56501 72.7273
24303 602908 69.7674
24303 73248 68.0851
24303 41554 89.3617
24303 697943 75.5556
24303 365560 72.7273
24303 663576 73.913
24303 630077 70.8333
24303 215132 69.7674
24303 628265 69.7674
24303 27116 71.7949
24303 116544 73.913
24303 628999 66.6667
24303 686574 75.5556
24303 608712 77.2727
24303 609694 73.1707
24303 626539 66.6667
24303 665553 66.6667
24303 625186 72.3404
24303 49210 71.1111
24303 650639 74.4186
24303 299385 71.1111
24303 40484 69.5652
24303 650783 80
24303 185354 77.7778
24303 49348 68.4211
24303 667276 77.2727
24303 648475 82.0513
24303 629036 73.1707
24303 646207 66.6667
24303 649422 73.913
24303 647372 69.7674
24303 626953 73.1707
24303 55887 66.6667
24303 111920 88.3721
24303 66070 76.5957
24303 630078 70.8333
24303 122640 77.2727
24303 75707 68.0851
24303 17796 71.1111
24303 630688 72.3404
24303 649429 77.2727
24303 670182 74.4186
24303 342024 76.9231
24303 679542 69.7674
24303 650624 73.913
24303 632952 71.4286
24303 650648 76.1905
24303 12045 66.6667
24303 56426 66.6667
24303 122681 88.3721
24303 622652 76.5957
24303 625464 69.7674
24303 269613 72.7273
24303 627436 66.6667
24303 631808 69.7674
24303 285113 66.6667
24303 670181 78.0488
24303 659144 72.7273
24303 328442 68.2927
24303 624004 68.1818
24303 625042 76.5957
24303 150952 68.1818
24303 627706 67.9245
24303 369774 66.6667
24303 657817 68.1818
24303 625144 66.6667
24303 116539 79.0698
24303 646159 68.1818
24303 54128 69.5652
24303 624163 84.4444
24303 651936 76.9231
24303 625471 69.7674
24303 20985 70
24303 74517 68.4211
24303 667470 68.1818
24303 99002 83.7209
24303 404000 75.5556
24303 657815 68.2927
24303 619101 68.0851
24303 672018 72.7273
24303 633900 68.0851
24303 625792 66.6667
24303 693427 66.6667
24303 650642 71.4286
24303 603977 74.4186
24303 63917 72.3404
24303 681316 68.1818
24303 327445 78.0488
24303 309699 69.7674
24303 9076 76.1905
24303 634552 72.3404
24303 654114 80
24303 43395 66.6667
24303 633868 69.7674
24303 624535 68.0851
24303 174620 68.2927
24303 378242 76.1905
24303 4971 66.6667
24303 622145 69.5652
24303 657805 73.1707
24303 677545 80
24303 650034 66.6667
24303 623992 69.5652
24303 1088 68.2927
24303 650981 76.1905
24303 656084 68.1818
24303 86080 75.5556
24303 658782 68.2927
24303 641165 72.3404
24303 650616 75.5556
24303 625462 66.6667
24303 627226 66.6667
24303 658779 71.4286
24303 637006 69.5652
24303 672019 72.7273
24303 194315 72.7273
24303 660640 66.6667
24303 241113 71.1111
24303 255115 72.7273
24303 125718 66.6667
24303 347504 66.6667
24303 649428 73.913
24303 342008 79.0698
24303 174612 69.7674
24303 158037 79.0698
24303 25397 66.6667
24303 658533 72.3404
24303 650634 69.7674
24303 624162 85.1064
24303 657562 66.6667
24303 649425 73.913
24303 45164 68.1818
24303 2738 71.1111
24303 74468 66.6667
24303 600388 66.6667
24303 649427 73.913
24303 650641 80
24303 60698 70
24303 290504 77.7778
24303 687618 69.7674
24303 84552 68.1818
24303 670179 78.0488
24303 631956 66.6667
24303 8395 66.6667
24303 670180 78.0488
24303 654113 66.6667
24303 657803 66.6667
0 27
1 0
2 0
3 0
4 0
5 5
6 3
7 4
8 0
9 0
10 3
11 4
12 3
13 1
14 2
15 3
16 5
17 8
18 5
19 6
20 11
21 10
22 12
23 21
24 17
25 25
26 19
27 20
28 44
29 25
30 37
31 23
32 43
33 30
34 28
35 33
36 31
37 16
38 42
39 30
40 59
41 17
42 37
43 37
44 28
45 44
46 29
47 54
48 43
49 52
50 56
51 12
52 48
53 45
54 48
55 51
56 43
57 33
58 60
59 19
60 76
61 65
62 12
63 44
64 63
65 5
66 47
67 43
68 1
69 26
70 27
71 3
72 11
73 15
74 12
75 6
76 6
77 10
78 8
79 4
80 9
81 2
82 0
83 1
84 1
85 1
86 1
87 0
88 0
89 2
90 1
91 0
92 0
93 0
94 0
95 0
96 0
97 0
98 0
99 0
100 0
101 0
22
21883
