750
102619 8960 76.1905
102619 663951 68.1818
102619 329097 60.4651
102619 55887 63.4146
102619 677506 61.5385
102619 56450 66.6667
102619 57456 60.4651
102619 617607 61.9048
102619 51143 63.1579
102619 150007 60
102619 299385 68.1818
102619 691613 63.4146
102619 635951 65.1163
102619 294868 60.4651
102619 54256 66.6667
102619 673919 63.6364
102619 637189 60.4651
102619 674324 61.5385
102619 122380 60
102619 370393 61.9048
102619 193520 70.2703
102619 64118 66.6667
102619 526046 64.8649
102619 634175 62.2222
102619 63917 65.2174
102619 80747 60
102619 382319 73.1707
102619 87882 76.4706
102619 104116 70.2703
102619 620753 69.2308
102619 338235 69.7674
102619 625231 62.2222
102619 625659 65.2174
102619 689429 66.6667
102619 659975 72.7273
102619 150952 60.4651
102619 12752 75
102619 102624 66.6667
102619 634552 60.8696
102619 286680 61.9048
102619 634303 60.8696
102619 649420 62.2222
102619 643489 63.1579
102619 683370 71.7949
102619 72366 66.6667
102619 60548 69.7674
102619 1185 70
102619 646168 63.6364
102619 87253 60
102619 635171 63.6364
102619 645037 73.1707
102619 21412 66.6667
102619 608710 69.7674
102619 38231 65.1163
102619 99871 61.5385
102619 657809 60.8696
102619 57696 63.4146
102619 528168 75
102619 526595 64.8649
102619 667254 78.0488
102619 2687 73.6842
102619 128701 66.6667
102619 22947 68.4211
102619 629424 65.2174
102619 698558 66.6667
102619 635968 63.4146
102619 175808 71.4286
102619 355954 60
102619 66415 70.2703
102619 648146 64.8649
102619 38709 60
102619 271622 73.6842
102619 270751 63.6364
102619 269161 60.4651
102619 609816 75.6757
102619 658779 68.2927
102619 344522 63.6364
102619 3427 80
102619 83516 60.4651
102619 55259 71.4286
102619 18621 63.6364
102619 110344 65
102619 4857 72.2222
102619 167881 71.4286
102619 625109 63.6364
102619 629119 65.2174
102619 617629 63.6364
102619 677233 65.1163
102619 663589 68.1818
102619 252048 63.4146
102619 649429 60.4651
102619 667249 61.9048
102619 679 60
102619 100140 60
102619 625159 65.1163
102619 93489 60.6061
102619 68347 61.1111
102619 88653 61.5385
102619 649690 68.2927
102619 149704 66.6667
102619 626946 63.1579
102619 634193 71.4286
102619 620337 60
102619 74468 63.4146
102619 109825 61.5385
102619 605469 61.9048
102619 3846 65.2174
102619 839 60
102619 371727 65.1163
102619 658782 70
102619 355936 76.1905
102619 629717 78.0488
102619 634249 66.6667
102619 244819 76.4706
102619 163335 73.6842
102619 16448 60.4651
102619 161622 61.9048
102619 74297 66.6667
102619 679449 61.9048
102619 685303 69.7674
102619 62597 65.1163
102619 638593 63.6364
102619 71873 73.6842
102619 306735 68.2927
102619 3428 84.4444
102619 645089 63.6364
102619 83558 76.1905
102619 10006 63.6364
102619 344508 73.1707
102619 637519 69.7674
102619 624188 66.6667
102619 100649 65
102619 637006 62.2222
102619 655263 73.1707
102619 186053 63.6364
102619 26245 65
102619 629036 70
102619 4851 76.4706
102619 24626 60.6061
102619 687212 61.5385
102619 624184 66.6667
102619 624915 61.9048
102619 665667 68.4211
102619 3098 63.6364
102619 640191 60.4651
102619 175811 68.4211
102619 677276 65.1163
102619 122751 66.6667
102619 5553 63.4146
102619 166668 85.7143
102619 109884 65.1163
102619 651590 71.7949
102619 636473 60.8696
102619 64797 63.4146
102619 58979 61.5385
102619 641763 60.4651
102619 70716 71.4286
102619 640645 66.6667
102619 649422 62.2222
102619 172262 60.4651
102619 194296 62.8571
102619 659144 60.4651
102619 650786 71.1111
102619 139471 73.6842
102619 113891 64.7059
102619 38256 61.1111
102619 680519 63.4146
102619 647334 66.6667
102619 625191 62.8571
102619 628815 61.9048
102619 648327 63.6364
102619 243616 73.6842
102619 634304 60.8696
102619 625381 62.5
102619 380271 66.6667
102619 114022 70.2703
102619 650741 61.5385
102619 362133 66.6667
102619 38252 66.6667
102619 626945 61.9048
102619 683726 70
102619 662876 66.6667
102619 683724 70
102619 96448 63.4146
102619 512913 65.1163
102619 24710 65
102619 10549 63.6364
102619 42080 68.4211
102619 640439 69.7674
102619 328442 70
102619 26211 72.2222
102619 66597 66.6667
102619 677500 74.4186
102619 677499 61.1111
102619 690589 63.6364
102619 38248 75
102619 691614 63.4146
102619 215132 61.9048
102619 629494 79.0698
102619 45762 60.8696
102619 700601 60.4651
102619 26542 68.2927
102619 603719 63.6364
102619 619101 60.8696
102619 1898 64.7059
102619 20579 60.4651
102619 680859 68.2927
102619 608712 60.4651
102619 622693 60
102619 52602 68.4211
102619 14023 70.2703
102619 6745 62.8571
102619 684041 68.2927
102619 646176 70.2703
102619 32428 76.4706
102619 611545 66.6667
102619 683369 71.7949
102619 639710 66.6667
102619 667068 70
102619 342008 66.6667
102619 4737 61.5385
102619 301197 61.9048
102619 24833 65
102619 622652 65.2174
102619 681316 60.4651
102619 24711 61.9048
102619 626544 68.1818
102619 639840 63.8298
102619 641997 69.5652
102619 664276 74.4186
102619 194315 65.1163
102619 655264 74.4186
102619 677514 63.4146
102619 630911 68.2927
102619 638686 66.6667
102619 111180 75
102619 679275 61.9048
102619 638702 77.2727
102619 71999 75.6757
102619 358737 61.5385
102619 664543 61.9048
102619 405968 60.8696
102619 670248 65.1163
102619 66476 60.8696
102619 161621 61.9048
102619 409962 63.6364
102619 659438 60.4651
102619 124997 60
102619 133865 66.6667
102619 658498 70
102619 624942 65.2174
102619 680857 66.6667
102619 621888 61.9048
102619 73198 70.2703
102619 41356 61.9048
102619 161609 68.4211
102619 255115 65.1163
102619 77845 61.5385
102619 664977 66.6667
102619 149987 65.1163
102619 695648 66.6667
102619 73819 68.2927
102619 663780 66.6667
102619 3225 60.6061
102619 645038 68.2927
102619 193514 70.2703
102619 653048 61.9048
102619 49210 63.6364
102619 643470 63.6364
102619 401554 84.2105
102619 630915 65.1163
102619 215138 61.9048
102619 676737 66.6667
102619 137470 63.6364
102619 76006 60.8696
102619 43871 61.9048
102619 81656 71.7949
102619 127964 63.6364
102619 269613 60.4651
102619 2743 72.7273
102619 45914 75.5556
102619 646164 60.4651
102619 42030 66.6667
102619 622694 60
102619 382814 61.9048
102619 403681 73.6842
102619 629118 60.8696
102619 13506 71.7949
102619 667940 69.7674
102619 7760 68.2927
102619 160497 60.4651
102619 658774 77.2727
102619 601307 61.9048
102619 51867 70
102619 241173 66.6667
102619 522408 65.1163
102619 103805 61.5385
102619 690691 64.8649
102619 626947 68.4211
102619 372154 65
102619 59679 60.4651
102619 659234 62.2222
102619 684792 69.7674
102619 122231 68.4211
102619 160588 76.9231
102619 453 78.9474
102619 101655 61.9048
102619 120309 60
102619 202965 71.7949
102619 663946 63.6364
102619 623992 62.2222
102619 661463 61.1111
102619 620248 66.6667
102619 133683 68.1818
102619 6957 61.5385
102619 677504 60.4651
102619 5220 68.1818
102619 31539 75.5556
102619 371717 61.9048
102619 617683 69.5652
102619 667849 69.7674
102619 220327 79.0698
102619 149965 63.4146
102619 678398 63.4146
102619 633868 71.4286
102619 372360 72.7273
102619 641165 65.2174
102619 607167 86.3636
102619 624842 60.4651
102619 49348 64.8649
102619 677501 65.1163
102619 98696 69.7674
102619 76010 61.9048
102619 37752 60.8696
102619 602889 61.9048
102619 643485 63.1579
102619 83398 66.6667
102619 115006 61.9048
102619 142693 70.2703
102619 626923 63.8298
102619 30131 63.8298
102619 629718 65
102619 51697 66.6667
102619 2253 77.7778
102619 658501 72.7273
102619 651739 60.8696
102619 617363 62.2222
102619 2858 62.8571
102619 664853 68.2927
102619 650037 68.1818
102619 663921 71.7949
102619 650211 60.8696
102619 651217 62.2222
102619 345650 68.1818
102619 59628 62.2222
102619 76031 63.1579
102619 685117 65.1163
102619 643468 60
102619 1390 61.9048
102619 677503 60.4651
102619 636993 60.8696
102619 266126 63.4146
102619 30152 66.6667
102619 680828 68.1818
102619 634306 65.2174
102619 653050 63.6364
102619 526596 66.6667
102619 193513 68.4211
102619 658487 77.2727
102619 64013 63.4146
102619 40450 74.4186
102619 54829 71.4286
102619 687618 61.9048
102619 679482 64.8649
102619 193502 83.7209
102619 87059 69.7674
102619 43026 66.6667
102619 46798 78.9474
102619 49590 78.9474
102619 67609 60.4651
102619 4926 76.9231
102619 365560 69.7674
102619 641764 68.4211
102619 338205 60.4651
102619 667944 69.7674
102619 48911 64.8649
102619 116805 66.6667
102619 179790 70.2703
102619 658309 71.4286
102619 656084 69.7674
102619 23380 78.9474
102619 60195 70.2703
102619 102851 63.6364
102619 14549 65.1163
102619 43395 73.1707
102619 4767 61.9048
102619 624987 65.1163
102619 38253 65
102619 667760 68.2927
102619 672208 60.4651
102619 632920 61.5385
102619 634219 68.1818
102619 667851 63.4146
102619 623233 61.9048
102619 690579 68.1818
102619 657811 60.8696
102619 49494 71.1111
102619 634171 65.2174
102619 611078 65
102619 96461 61.9048
102619 626100 60.4651
102619 400230 63.1579
102619 664551 66.6667
102619 36603 70
102619 634616 60
102619 628334 68.2927
102619 9659 63.4146
102619 193521 71.7949
102619 56338 65.1163
102619 372155 66.6667
102619 692226 66.6667
102619 229540 69.7674
102619 43870 61.9048
102619 690415 60.4651
102619 667063 85
102619 686465 66.6667
102619 633011 65.3846
102619 382815 63.6364
102619 116539 66.6667
102619 33377 76.1905
102619 646645 60.8696
102619 116523 68.1818
102619 658776 63.6364
102619 2750 75
102619 116363 63.6364
102619 42903 64.8649
102619 136014 87.8049
102619 72089 71.1111
102619 675585 61.9048
102619 651737 60.8696
102619 686662 61.5385
102619 158910 66.6667
102619 686466 63.4146
102619 615123 60.8696
102619 297577 72.7273
102619 685298 68.2927
102619 691610 61.5385
102619 611347 66.6667
102619 639709 65.1163
102619 625015 65.1163
102619 681072 68.2927
102619 68888 73.6842
102619 622659 61.9048
102619 677920 60
102619 309699 66.6667
102619 209084 66.6667
102619 164614 68.2927
102619 10479 83.3333
102619 130085 74.4186
102619 625421 68.1818
102619 683879 68.2927
102619 74517 64.8649
102619 642896 63.4146
102619 658533 65.2174
102619 638640 65.1163
102619 40484 62.2222
102619 667850 74.4186
102619 617316 66.6667
102619 672018 69.7674
102619 401553 85.7143
102619 67476 60.4651
102619 658980 69.7674
102619 160587 69.7674
102619 38074 68.2927
102619 674552 61.9048
102619 602890 63.4146
102619 84228 72.2222
102619 670182 61.9048
102619 7528 63.6364
102619 84227 70.2703
102619 342024 63.1579
102619 664911 71.7949
102619 636095 71.1111
102619 641086 70
102619 68955 68.2927
102619 617409 63.6364
102619 100467 76.9231
102619 79447 65.1163
102619 161601 66.6667
102619 663620 63.6364
102619 34632 71.1111
102619 663571 66.6667
102619 45164 60.4651
102619 326172 66.6667
102619 697384 61.9048
102619 328820 64.8649
102619 193517 71.7949
102619 60892 61.5385
102619 43285 73.1707
102619 67800 66.6667
102619 667247 74.4186
102619 637821 85
102619 624856 70.2703
102619 690590 68.1818
102619 676713 63.4146
102619 63055 63.4146
102619 187538 85.7143
102619 672441 66.6667
102619 643480 63.1579
102619 252044 61.5385
102619 209913 60.6061
102619 361456 61.5385
102619 6365 61.1111
102619 601362 60.8696
102619 26249 72.2222
102619 57826 95
102619 19055 61.5385
102619 663915 66.6667
102619 57547 68.2927
102619 364202 66.6667
102619 662156 65.1163
102619 73248 60.8696
102619 57548 71.1111
102619 30724 73.1707
102619 755 66.6667
102619 7598 72.2222
102619 29851 71.4286
102619 644297 70
102619 45463 68.75
102619 668362 66.6667
102619 623832 63.6364
102619 231338 76.1905
102619 62857 66.6667
102619 113665 61.9048
102619 696224 75
102619 651218 62.2222
102619 130895 68.2927
102619 627080 62.2222
102619 686665 61.9048
102619 650611 68.2927
102619 675215 66.6667
102619 664970 66.6667
102619 38243 65
102619 263770 63.4146
102619 685799 63.6364
102619 15130 61.9048
102619 690586 68.1818
102619 616811 63.6364
102619 174612 71.4286
102619 640230 71.1111
102619 64800 69.5652
102619 634470 66.6667
102619 632227 68.4211
102619 684074 72.7273
102619 3110 60.6061
102619 676172 63.6364
102619 69587 71.1111
102619 625028 61.1111
102619 350191 66.6667
102619 647530 64.7059
102619 84552 69.7674
102619 326651 63.6364
102619 633553 62.2222
102619 680831 66.6667
102619 98431 70
102619 154880 66.6667
102619 57598 71.7949
102619 122640 60.4651
102619 661471 71.1111
102619 683892 63.6364
102619 55456 66.6667
102619 651735 60.8696
102619 174620 60
102619 646161 70.5882
102619 38255 69.5652
102619 677915 64.8649
102619 131312 66.6667
102619 56148 72.7273
102619 752 63.6364
102619 677916 70
102619 622644 66.6667
102619 663952 66.6667
102619 632919 61.5385
102619 3767 76.1905
102619 7296 64.8649
102619 602880 71.1111
102619 8151 76.1905
102619 692011 68.1818
102619 646162 72.2222
102619 102623 66.6667
102619 75516 66.6667
102619 686664 69.7674
102619 660053 77.2727
102619 683722 70.2703
102619 686663 60.4651
102619 58895 60.4651
102619 26154 63.1579
102619 649441 66.6667
102619 59727 68.4211
102619 695218 65.1163
102619 25855 70.2703
102619 30723 73.1707
102619 664269 73.1707
102619 694951 68.2927
102619 663936 62.2222
102619 762 61.1111
102619 667749 68.2927
102619 364989 65
102619 6396 62.2222
102619 71439 62.2222
102619 19911 60.4651
102619 339497 68.4211
102619 625027 70
102619 174655 71.4286
102619 29232 68.2927
102619 13687 69.7674
102619 109999 76.1905
102619 680482 61.9048
102619 82166 78.0488
102619 609819 60
102619 613239 63.6364
102619 301196 60
102619 48122 73.6842
102619 103998 74.4186
102619 631634 64.8649
102619 86939 63.4146
102619 18894 62.8571
102619 278175 73.1707
102619 663927 72.7273
102619 187521 88.3721
102619 662782 66.6667
102619 207835 69.7674
102619 409127 69.7674
102619 125185 62.8571
102619 634163 66.6667
102619 627222 66.6667
102619 675278 63.6364
102619 649096 63.6364
102619 642604 66.6667
102619 684035 63.4146
102619 658818 66.6667
102619 676712 63.4146
102619 670237 60
102619 1026 61.5385
102619 627082 68.1818
102619 95102 60.4651
102619 77071 83.3333
102619 4867 73.913
102619 240408 84.2105
102619 683725 72.2222
102619 646166 65
102619 681101 66.6667
102619 648928 61.9048
102619 624151 63.4146
102619 97327 65.1163
102619 632917 78.0488
102619 667941 69.7674
102619 617627 62.5
102619 674195 60.4651
102619 663549 63.6364
102619 648929 72.7273
102619 635820 62.2222
102619 3235 77.7778
102619 3124 61.5385
102619 160451 63.6364
102619 62009 66.6667
102619 4771 63.4146
102619 14787 64.8649
102619 644333 68.1818
102619 295435 61.9048
102619 58978 66.6667
102619 70868 68.1818
102619 327982 63.1579
102619 634220 63.6364
102619 624051 63.8298
102619 634775 68.1818
102619 60698 71.7949
102619 633900 60.8696
102619 683723 68.2927
102619 670091 65
102619 2775 65.1163
102619 646159 65.1163
102619 609820 60
102619 667524 73.1707
102619 667246 65.1163
102619 643487 68.1818
102619 619147 65.2174
102619 672019 69.7674
102619 657843 60.8696
102619 331770 60.4651
102619 10014 84.2105
102619 622661 63.6364
102619 79006 63.4146
102619 66688 65.1163
102619 667950 61.2903
102619 684038 69.7674
102619 64884 73.6842
102619 34765 68.1818
102619 649097 60.8696
102619 301199 61.9048
102619 56285 68.2927
102619 649092 60.4651
102619 147110 62.2222
102619 627011 73.1707
102619 634156 73.1707
102619 699206 74.4186
102619 65007 68.1818
102619 638603 68.4211
102619 87254 61.9048
102619 629716 71.7949
102619 29227 62.8571
102619 638636 71.7949
102619 609695 63.6364
102619 119877 79.0698
102619 685783 69.7674
102619 686667 69.7674
102619 40252 89.4737
102619 677917 73.1707
102619 55459 62.2222
102619 163501 60.4651
102619 327445 60
102619 634615 61.9048
102619 81549 68.4211
102619 79707 60
102619 2741 76.1905
102619 51337 75
102619 647527 72.2222
102619 663914 65.1163
102619 56470 63.6364
102619 632386 65.2174
102619 75518 70
102619 632918 74.4186
102619 140121 68.1818
102619 627175 64.8649
102619 41355 61.9048
102619 8957 68.75
102619 636086 62.2222
102619 51695 72.2222
102619 665282 63.6364
102619 602913 63.6364
102619 79008 63.6364
102619 625813 62.2222
102619 627066 71.4286
102619 401544 76.4706
102619 3609 66.6667
102619 45956 62.8571
102619 653051 61.9048
102619 19191 61.1111
102619 663935 68.2927
102619 404698 63.4146
0 5
1 0
2 0
3 0
4 0
5 2
6 7
7 3
8 0
9 0
10 0
11 0
12 2
13 2
14 3
15 2
16 2
17 3
18 7
19 15
20 7
21 1
22 4
23 4
24 15
25 13
26 2
27 6
28 9
29 25
30 16
31 17
32 10
33 12
34 10
35 19
36 20
37 15
38 11
39 9
40 29
41 22
42 13
43 30
44 29
45 34
46 36
47 26
48 48
49 69
50 60
51 6
52 54
53 64
54 47
55 64
56 33
57 46
58 79
59 31
60 76
61 71
62 82
63 32
64 95
65 31
66 46
67 83
68 0
69 69
70 49
71 16
72 36
73 18
74 25
75 17
76 4
77 17
78 6
79 8
80 4
81 0
82 0
83 0
84 3
85 6
86 3
87 1
88 1
89 1
90 1
91 0
92 0
93 0
94 0
95 1
96 0
97 0
98 0
99 0
100 0
101 0
21
21279
