824
657807 62659 66.6667
657807 693427 80
657807 617599 60.8696
657807 630689 78.0488
657807 631958 83.3333
657807 636932 81.6327
657807 671283 74.1935
657807 629645 69.3878
657807 640889 94.3396
657807 629243 76.9231
657807 622145 73.4694
657807 670180 72.7273
657807 622663 71.1111
657807 20121 66.6667
657807 62660 66.6667
657807 624720 66.6667
657807 643034 74.5763
657807 657812 76
657807 664001 60.4651
657807 405554 70.8333
657807 34460 94.3396
657807 659274 79.1667
657807 671286 67.6471
657807 116544 73.4694
657807 658772 62.5
657807 56497 76
657807 402579 76.5957
657807 638607 68.1818
657807 2184 80
657807 625642 71.4286
657807 347504 80
657807 623651 68.0851
657807 633220 87.5
657807 666730 68.0851
657807 56426 79.1667
657807 656320 62.2222
657807 69607 63.8298
657807 627706 82.1429
657807 646437 63.6364
657807 670150 73.913
657807 662765 61.2245
657807 649649 65.625
657807 2738 70.8333
657807 637653 60.8696
657807 636924 76.5957
657807 659185 60.8696
657807 356359 77.2727
657807 641700 60
657807 623657 68.0851
657807 329097 76.5957
657807 55887 71.1111
657807 679542 86.9565
657807 651330 73.4694
657807 56138 79.1667
657807 645334 85.7143
657807 617607 65.2174
657807 701652 66.6667
657807 122681 65.2174
657807 629273 71.875
657807 294868 68.0851
657807 650065 71.4286
657807 380292 65.7895
657807 601821 81.6327
657807 304650 66.6667
657807 40553 72.3404
657807 641635 66.6667
657807 673919 70.8333
657807 637189 76.5957
657807 636926 76.5957
657807 657833 66.6667
657807 615009 76
657807 650648 62.2222
657807 633216 87.5
657807 640743 61.2245
657807 688342 66.6667
657807 656388 95.8333
657807 602909 97.9592
657807 630078 66.6667
657807 683715 78.2609
657807 650058 67.5676
657807 526046 63.4146
657807 639476 64.9351
657807 634175 61.2245
657807 63917 60
657807 80747 77.2727
657807 291559 91.6667
657807 12045 95.8333
657807 662771 85.7143
657807 700590 69.5652
657807 638684 77.551
657807 284701 66.6667
657807 140025 70
657807 659975 66.6667
657807 150952 68.0851
657807 102624 60.8696
657807 634552 72
657807 81626 73.913
657807 634303 72
657807 649420 81.6327
657807 638532 69.4444
657807 4971 80
657807 73709 70.8333
657807 625792 95.8333
657807 666728 78.2609
657807 646168 62.5
657807 640892 90.566
657807 154741 73.913
657807 5226 60.8696
657807 649425 77.551
657807 665122 95.8333
657807 644433 85.7143
657807 699339 69.4444
657807 38231 68.0851
657807 660165 77.551
657807 657809 76
657807 631956 83.3333
657807 648358 65.7895
657807 43030 81.6327
657807 686574 70.8333
657807 128701 73.0769
657807 644914 81.6327
657807 118151 73.4694
657807 8395 75.5556
657807 629424 64
657807 132313 65.2174
657807 698558 69.5652
657807 696900 61.7284
657807 635968 71.1111
657807 618121 65.7895
657807 44675 60.8696
657807 643344 76
657807 355954 68.1818
657807 650886 60.9756
657807 660048 96
657807 50850 68.75
657807 269161 63.8298
657807 630688 76
657807 657815 81.8182
657807 627903 66.6667
657807 55666 68.1818
657807 657560 81.6327
657807 110344 68.1818
657807 41365 76.5957
657807 650911 80
657807 24303 63.8298
657807 625109 62.5
657807 124081 89.7959
657807 617629 70.8333
657807 625446 78.2609
657807 602670 65.625
657807 641831 76.5957
657807 624386 88
657807 33139 96
657807 649429 72.3404
657807 671291 67.6471
657807 99002 78.2609
657807 227902 68.1818
657807 625159 63.8298
657807 68347 65
657807 64054 63.7681
657807 649690 66.6667
657807 98436 76.5957
657807 33592 88
657807 645600 76
657807 634193 60.8696
657807 74468 62.2222
657807 3846 68
657807 630077 66.6667
657807 646163 81.6327
657807 371727 72.3404
657807 99331 72.7273
657807 626953 86.3636
657807 610998 65.5172
657807 17796 66.6667
657807 610185 80.8511
657807 408564 84
657807 677547 66.6667
657807 688039 90.1961
657807 634249 73.4694
657807 633221 85.7143
657807 60275 92
657807 67437 68
657807 16448 76.5957
657807 161622 60.8696
657807 74297 65.1163
657807 636944 76.5957
657807 638593 66.6667
657807 241113 66.6667
657807 645868 62.5
657807 18256 63.4146
657807 645089 79.1667
657807 625794 97.9592
657807 624188 61.2245
657807 637006 69.3878
657807 655263 66.6667
657807 676725 69.3878
657807 624184 61.2245
657807 640191 76.5957
657807 122751 73.913
657807 638173 89.7959
657807 5553 71.1111
657807 686264 71.1111
657807 650034 95.8333
657807 623661 71.1111
657807 109884 68.0851
657807 636473 80
657807 645727 76.9231
657807 64797 62.2222
657807 641763 63.8298
657807 676509 61.7647
657807 623648 69.7674
657807 640645 60.8696
657807 649422 73.4694
657807 659144 63.8298
657807 625196 65.1163
657807 640331 83.3333
657807 125718 88.8889
657807 628815 69.5652
657807 145081 79.1667
657807 634304 72
657807 643044 84.4444
657807 625381 73.0769
657807 646204 92
657807 648344 64.1026
657807 647648 65.625
657807 624005 85.1064
657807 12148 97.9592
657807 657818 63.6364
657807 682328 60
657807 32363 77.2727
657807 55619 79.1667
657807 10549 66.6667
657807 624004 93.617
657807 612765 85.7143
657807 627377 70.8333
657807 617378 81.6327
657807 33832 61.2245
657807 646439 63.6364
657807 646222 75
657807 625648 60.6061
657807 28142 86.3636
657807 66597 77.551
657807 617370 81.6327
657807 693097 71.4286
657807 666439 89.7959
657807 647372 91.3043
657807 646989 72.7273
657807 215132 69.5652
657807 163661 72.4138
657807 640266 63.2911
657807 700601 76.5957
657807 294109 73.913
657807 603719 70.8333
657807 619101 76
657807 608712 72.3404
657807 639475 67.5676
657807 650059 79.3651
657807 667951 67.6471
657807 602908 86.9565
657807 625462 95.8333
657807 611545 65.3061
657807 683369 60.4651
657807 645548 64.1026
657807 657806 86.3636
657807 616256 71.1111
657807 33610 80
657807 24711 65.2174
657807 623700 64
657807 699329 60.241
657807 641997 72
657807 194315 63.8298
657807 655264 63.8298
657807 677514 62.2222
657807 677513 75.5556
657807 617395 72.3404
657807 638686 60.8696
657807 628867 85.1064
657807 56501 63.8298
657807 645547 63.8889
657807 679579 76.5957
657807 405968 72
657807 161621 60.8696
657807 124997 72.7273
657807 645789 63.0137
657807 623635 73.4694
657807 621888 69.5652
657807 38468 68.0851
657807 656400 88
657807 41356 65.2174
657807 623650 65.3061
657807 255115 63.8298
657807 665527 63.0137
657807 698601 66.6667
657807 664977 60.8696
657807 1163 68.1818
657807 625144 79.1667
657807 646210 92
657807 72286 72
657807 677434 63.6364
657807 664284 70.8333
657807 56869 76
657807 688887 62.2222
657807 688343 62.2222
657807 256 73.4694
657807 677507 66.6667
657807 55548 65.3061
657807 49210 70.8333
657807 646444 63.6364
657807 646203 92
657807 641660 71.4286
657807 630915 63.8298
657807 257830 70.8333
657807 645978 88
657807 215138 69.5652
657807 626954 91.3043
657807 630690 78.0488
657807 632952 88.8889
657807 658464 62.2222
657807 1168 68.1818
657807 635034 63.3333
657807 76006 64
657807 43871 73.913
657807 669273 62.2222
657807 649436 93.8776
657807 623991 69.5652
657807 87081 72.3404
657807 127964 70.8333
657807 633001 67.6471
657807 644325 88.8889
657807 2743 66.6667
657807 638641 75
657807 646164 76.5957
657807 636941 76.5957
657807 626865 65.1163
657807 382814 73.913
657807 160497 72.3404
657807 644432 85.7143
657807 679577 66.6667
657807 601307 60.8696
657807 4140 88
657807 677510 72.3404
657807 600388 75.5556
657807 241173 69.7674
657807 625063 91.3043
657807 522408 76.5957
657807 625465 87.5
657807 229 84
657807 59679 72.3404
657807 656392 88
657807 659234 65.3061
657807 647014 71.4286
657807 140665 88.8889
657807 654113 91.6667
657807 675187 68.5714
657807 118993 63.4146
657807 341865 85.7143
657807 629267 71.875
657807 120309 63.6364
657807 682338 60.241
657807 645540 63.8889
657807 623992 77.551
657807 628999 88.8889
657807 629009 83.3333
657807 640286 75.7576
657807 697943 83.3333
657807 658397 61.2245
657807 643729 80
657807 620248 69.7674
657807 685584 60
657807 636790 78.125
657807 670183 79.1667
657807 36283 85.1064
657807 667948 63.0137
657807 665158 60.9756
657807 641661 69.4444
657807 650981 80
657807 625471 91.3043
657807 645335 86.2745
657807 646436 63.6364
657807 627725 65.2174
657807 700123 73.4694
657807 658787 63.6364
657807 54855 88
657807 619072 63.4921
657807 633868 60.8696
657807 1112 64.8649
657807 625412 84
657807 622636 83.3333
657807 294110 78.2609
657807 667952 67.6471
657807 641165 76
657807 624842 68.0851
657807 637641 60
657807 666530 75.5556
657807 30798 83.3333
657807 634135 75
657807 37752 80
657807 657562 71.1111
657807 633890 85.7143
657807 42443 80
657807 636921 76.5957
657807 83398 60.8696
657807 626923 66.6667
657807 30131 70.5882
657807 16634 85.1064
657807 658698 93.8776
657807 629718 68.1818
657807 404000 83.3333
657807 692599 65.2174
657807 656391 87.5
657807 169105 85.1064
657807 617363 81.6327
657807 677555 75.5556
657807 637434 73.4694
657807 639682 76
657807 624349 69.3878
657807 660421 73.4694
657807 664853 66.6667
657807 102318 91.3043
657807 66070 64
657807 651217 77.551
657807 648360 64.1026
657807 59628 73.4694
657807 74380 98.0392
657807 627383 84
657807 670181 72.7273
657807 685117 63.8298
657807 670149 75.5556
657807 661128 96
657807 81669 75
657807 650625 65.2174
657807 67594 69.3878
657807 636993 68
657807 54833 81.6327
657807 639472 69.4444
657807 634306 72
657807 158037 69.5652
657807 64013 75.5556
657807 630692 68
657807 97219 79.1667
657807 639772 78.6885
657807 54829 65.2174
657807 650624 69.3878
657807 647024 66.6667
657807 43026 77.551
657807 52350 85.7143
657807 186233 87.5
657807 650064 73.5294
657807 645542 74.6269
657807 646440 61.7647
657807 7636 75.5556
657807 102851 75
657807 628265 91.3043
657807 25952 79.1667
657807 624987 63.8298
657807 38253 63.6364
657807 639681 76
657807 645129 69.4444
657807 638534 68.4932
657807 55342 72.3404
657807 657817 85.1064
657807 647645 63.6364
657807 656390 88
657807 675451 60.9756
657807 633174 74.5098
657807 672208 63.8298
657807 678323 60.9756
657807 657811 76
657807 634171 72
657807 611078 63.6364
657807 96461 73.913
657807 400230 71.4286
657807 625795 100
657807 660640 80
657807 625469 95.8333
657807 675282 69.4444
657807 661122 60.9756
657807 657840 100
657807 625042 88
657807 651220 77.551
657807 665536 68.4932
657807 692226 60
657807 128160 91.3043
657807 641699 60
657807 43870 73.913
657807 180 80
657807 690415 63.8298
657807 633011 78.5714
657807 382815 70.8333
657807 656386 95.8333
657807 116539 69.5652
657807 646645 60
657807 634714 100
657807 646707 84
657807 635960 72.3404
657807 658776 62.5
657807 369774 87.5
657807 609067 65.5172
657807 1986 73.913
657807 694105 70.8333
657807 677512 69.7674
657807 627435 78.0488
657807 116363 70.8333
657807 47695 76.5957
657807 650609 73.4694
657807 644273 69.7674
657807 646910 67.5676
657807 291305 85.1064
657807 636784 93.8776
657807 664737 60.9756
657807 647068 76
657807 677920 68.1818
657807 12463 62.5
657807 309699 69.5652
657807 617368 63.6364
657807 701777 60.9756
657807 209084 69.5652
657807 631315 78.2609
657807 675186 71.4286
657807 659342 92
657807 695625 77.193
657807 680715 80
657807 625421 62.5
657807 646165 81.6327
657807 108408 70.7692
657807 138305 69.7674
657807 616232 62.5
657807 647643 61.1111
657807 666665 70.8333
657807 656387 92
657807 638640 63.8298
657807 73166 72.7273
657807 40484 61.2245
657807 624535 72
657807 617316 65.1163
657807 699340 60.241
657807 8512 76.5957
657807 636935 81.6327
657807 111920 60.8696
657807 53183 80
657807 31976 69.5652
657807 649428 77.551
657807 404827 60.4651
657807 679825 81.9672
657807 654114 83.3333
657807 670182 73.913
657807 72288 72
657807 661123 60.9756
657807 636095 61.2245
657807 665553 95.8333
657807 68955 66.6667
657807 659015 62.1622
657807 617409 75
657807 631128 100
657807 636943 89.7959
657807 34632 65.3061
657807 294731 71.1111
657807 661186 62.1622
657807 631648 77.551
657807 671292 67.6471
657807 623636 72.3404
657807 663571 61.2245
657807 650783 70.8333
657807 45164 76.5957
657807 650061 66.6667
657807 8774 91.6667
657807 646001 73.4694
657807 697384 73.913
657807 691995 75.7576
657807 637493 69.4444
657807 625487 61.7647
657807 689210 97.9592
657807 627226 75.5556
657807 657803 95.8333
657807 629474 78.2609
657807 136135 68.0851
657807 43798 77.551
657807 634293 75
657807 631630 89.7959
657807 191990 68.0851
657807 63862 79.1667
657807 670179 72.7273
657807 637642 60
657807 634151 70
657807 63055 62.2222
657807 672441 65.2174
657807 20985 74.4186
657807 650616 75
657807 633879 83.3333
657807 601362 68
657807 670365 60.9756
657807 648400 63.2911
657807 50848 65.6716
657807 666432 85.7143
657807 676419 67.5676
657807 663915 65.3061
657807 364202 69.5652
657807 662187 68.0851
657807 627436 88.8889
657807 73248 64
657807 628244 98.0392
657807 677516 80.8511
657807 647644 61.1111
657807 29851 60.8696
657807 278461 70.8333
657807 624163 70.8333
657807 693434 65.2174
657807 8120 70.8333
657807 690393 66.6667
657807 668362 69.7674
657807 663585 85.7143
657807 623832 66.6667
657807 687813 61.9718
657807 231338 60.8696
657807 624231 74.1935
657807 609818 60
657807 657836 95.8333
657807 696224 63.6364
657807 651218 77.551
657807 650610 76.5957
657807 657805 86.3636
657807 629037 63.8298
657807 38243 63.6364
657807 627708 71.875
657807 647019 65.7143
657807 174612 65.2174
657807 640230 61.2245
657807 634470 65.3061
657807 647646 63.6364
657807 625483 61.7647
657807 666386 62.6866
657807 672960 80
657807 640890 94.3396
657807 628996 100
657807 648352 66.6667
657807 650634 65.2174
657807 624162 68
657807 670148 87.5
657807 628296 60.4651
657807 84552 68.0851
657807 651324 73.4694
657807 664941 66.6667
657807 311941 75.5556
657807 694557 65.7895
657807 625186 76
657807 641698 60
657807 39362 68
657807 637646 65.625
657807 661471 61.2245
657807 683892 66.6667
657807 83653 85.7143
657807 625464 91.3043
657807 174620 72.7273
657807 677915 63.4146
657807 131312 60
657807 56148 62.5
657807 295156 83.7209
657807 638129 88
657807 677916 63.6364
657807 622644 65.3061
657807 656393 88
657807 663952 61.2245
657807 645124 71.4286
657807 676949 61.7647
657807 641530 67.6471
657807 71320 69.5652
657807 63911 83.3333
657807 58895 72.3404
657807 26154 71.4286
657807 649441 69.3878
657807 66479 63.4146
657807 695218 63.8298
657807 640902 81.4815
657807 641654 69.4444
657807 638174 89.7959
657807 663936 69.3878
657807 677545 60.4651
657807 636946 81.6327
657807 630076 66.6667
657807 693424 74.4186
657807 71439 65.3061
657807 405084 80
657807 663576 77.551
657807 645098 76.9231
657807 681170 63.2911
657807 638851 75.5556
657807 628102 72
657807 109999 60.8696
657807 666436 89.7959
657807 82166 62.2222
657807 609819 72.7273
657807 613239 62.5
657807 625064 83.3333
657807 628495 65.5172
657807 667470 93.617
657807 668859 63.8889
657807 41554 72
657807 278175 62.2222
657807 691259 67.6923
657807 614939 68.4932
657807 40725 65.2174
657807 662782 60.4651
657807 18255 63.4146
657807 636661 60.8696
657807 700591 68.6567
657807 86080 79.1667
657807 624006 85.1064
657807 636118 92
657807 634163 69.5652
657807 34551 77.551
657807 639683 72
657807 649096 62.5
657807 642604 69.3878
657807 642788 68.2927
657807 105373 75.5556
657807 694315 60.8696
657807 1026 74.4186
657807 624331 64
657807 646232 66.6667
657807 10121 91.6667
657807 4867 68
657807 58104 79.1667
657807 667276 80.8511
657807 636942 89.7959
657807 625468 100
657807 23609 60.8696
657807 630262 80
657807 646166 68.1818
657807 625482 61.7647
657807 521887 71.1111
657807 666115 74.6269
657807 1118 61.9048
657807 644932 80.8511
657807 694755 65.7895
657807 55876 87.5
657807 674195 72.3404
657807 647355 76
657807 638581 60.8696
657807 348706 72.3404
657807 202930 60.4651
657807 3124 69.7674
657807 62009 69.3878
657807 636929 76.5957
657807 4771 62.2222
657807 644333 62.5
657807 295435 65.2174
657807 19984 78.2609
657807 603977 65.2174
657807 616278 78.2609
657807 624051 62.7451
657807 60698 60.4651
657807 27116 71.4286
657807 633900 72
657807 617633 63.8298
657807 2775 63.8298
657807 646159 68.0851
657807 609820 72.7273
657807 295302 68.6567
657807 54128 61.2245
657807 631808 73.913
657807 619147 60
657807 636326 82.6087
657807 657843 80
657807 294107 61.9048
657807 331770 76.5957
657807 639767 77.9661
657807 646207 95.8333
657807 641626 64.1026
657807 617398 65.3061
657807 667950 69.697
657807 285113 75.5556
657807 634581 60
657807 649097 64
657807 680494 66.6667
657807 157913 60.4651
657807 147110 77.551
657807 58580 68.0851
657807 636947 81.6327
657807 609248 85.1064
657807 87254 65.2174
657807 649427 77.551
657807 624575 67.5676
657807 615011 83.3333
657807 668856 65.7143
657807 615299 69.3878
657807 637643 60
657807 677917 66.6667
657807 291534 62.5
657807 56357 94.3396
657807 624003 89.7959
657807 58030 78.4314
657807 66069 72
657807 81549 61.9048
657807 644871 77.551
657807 79707 68.1818
657807 649424 85.7143
657807 681679 70.4225
657807 2741 60.8696
657807 697598 65.7895
657807 663914 63.8298
657807 56470 75
657807 632386 76
657807 638521 69.4444
657807 75707 60
657807 612049 65.5738
657807 140121 70.8333
657807 25397 75
657807 41355 65.2174
657807 649044 85.7143
657807 636086 61.2245
657807 633810 62.6866
657807 630691 70.8333
657807 131090 75
657807 646438 63.6364
657807 659301 72
657807 15193 65.2174
657807 615985 69.4444
657807 627066 60.8696
657807 641697 60
657807 617628 77.551
657807 617406 73.4694
657807 628979 81.6327
657807 634241 78.2609
657807 404698 62.2222
0 17
1 0
2 0
3 0
4 0
5 0
6 1
7 0
8 0
9 6
10 6
11 6
12 2
13 4
14 13
15 10
16 0
17 6
18 9
19 6
20 12
21 5
22 11
23 13
24 5
25 13
26 6
27 16
28 29
29 10
30 26
31 14
32 19
33 19
34 33
35 47
36 23
37 30
38 31
39 28
40 51
41 27
42 34
43 28
44 35
45 26
46 24
47 25
48 39
49 41
50 45
51 4
52 36
53 41
54 34
55 42
56 38
57 18
58 39
59 32
60 52
61 47
62 28
63 32
64 63
65 7
66 50
67 39
68 21
69 34
70 47
71 25
72 39
73 26
74 32
75 20
76 32
77 26
78 23
79 17
80 33
81 4
82 19
83 2
84 19
85 1
86 23
87 7
88 19
89 6
90 9
91 2
92 19
93 0
94 5
95 4
96 15
97 0
98 4
99 2
100 0
101 6
18
23488
