0
0 0
1 0
2 0
3 0
4 0
5 0
6 0
7 0
8 0
9 0
10 0
11 0
12 0
13 0
14 0
15 0
16 0
17 0
18 0
19 0
20 0
21 0
22 0
23 0
24 1
25 0
26 0
27 1
28 1
29 0
30 2
31 1
32 1
33 4
34 3
35 2
36 0
37 0
38 4
39 9
40 7
41 4
42 5
43 6
44 6
45 13
46 15
47 12
48 19
49 16
50 28
51 10
52 32
53 29
54 35
55 36
56 53
57 38
58 49
59 66
60 72
61 77
62 101
63 80
64 118
65 97
66 124
67 97
68 79
69 98
70 101
71 76
72 66
73 47
74 38
75 44
76 30
77 25
78 29
79 30
80 10
81 6
82 7
83 1
84 5
85 3
86 0
87 0
88 0
89 0
90 0
91 0
92 0
93 0
94 0
95 0
96 0
97 0
98 0
99 0
100 0
101 0
18
19447
