0
0 0
1 0
2 0
3 0
4 0
5 0
6 0
7 0
8 0
9 0
10 0
11 0
12 0
13 0
14 0
15 0
16 0
17 0
18 0
19 0
20 0
21 0
22 0
23 0
24 0
25 0
26 1
27 1
28 0
29 0
30 1
31 2
32 1
33 4
34 6
35 14
36 11
37 6
38 15
39 13
40 35
41 32
42 32
43 46
44 43
45 50
46 56
47 52
48 66
49 71
50 106
51 44
52 76
53 80
54 68
55 80
56 73
57 70
58 71
59 78
60 81
61 67
62 67
63 59
64 47
65 42
66 47
67 31
68 22
69 32
70 23
71 19
72 17
73 12
74 11
75 4
76 8
77 4
78 5
79 1
80 6
81 1
82 3
83 1
84 1
85 1
86 0
87 0
88 0
89 0
90 0
91 0
92 0
93 0
94 0
95 0
96 0
97 0
98 0
99 0
100 0
101 0
19
18409
