1116
622145 670180 88.3721
622145 405288 65.1163
622145 639963 61.9048
622145 622663 72.7273
622145 20121 76.5957
622145 655359 63.8298
622145 62660 72.3404
622145 624720 72.3404
622145 643034 68.9655
622145 657812 73.4694
622145 664001 71.4286
622145 405554 80.8511
622145 34460 69.2308
622145 659274 68.0851
622145 671286 65.6716
622145 116544 87.5
622145 658772 76.5957
622145 56497 77.551
622145 149716 76.1905
622145 402579 86.9565
622145 638607 79.0698
622145 2184 90.9091
622145 660227 62.5
622145 661465 69.5652
622145 279497 65
622145 347504 90.9091
622145 623651 69.5652
622145 633220 76.5957
622145 666730 69.5652
622145 657841 68.2927
622145 56426 76.5957
622145 656320 63.6364
622145 69607 78.2609
622145 627706 69.0909
622145 646437 61.5385
622145 4599 62.5
622145 670150 66.6667
622145 662765 83.3333
622145 636106 70.8333
622145 649649 63.4921
622145 2738 76.5957
622145 636924 69.5652
622145 43634 73.913
622145 659185 80
622145 378242 72.7273
622145 102619 62.2222
622145 356359 74.4186
622145 663951 68.0851
622145 623657 69.5652
622145 290504 63.1579
622145 329097 86.9565
622145 55887 77.2727
622145 679542 80
622145 651330 83.3333
622145 56450 66.6667
622145 57456 73.913
622145 1088 65.1163
622145 56138 76.5957
622145 645334 75
622145 617607 75.5556
622145 701652 68.1818
622145 632922 60
622145 299385 72.3404
622145 650641 63.8298
622145 122681 75.5556
622145 691613 63.6364
622145 629273 66.6667
622145 294868 78.2609
622145 650065 63.7681
622145 634145 62.2222
622145 380292 61.3333
622145 601821 83.3333
622145 304650 68.0851
622145 40553 78.2609
622145 641635 62.1622
622145 673919 76.5957
622145 637189 86.9565
622145 636926 73.913
622145 657833 68.2927
622145 615009 65.3061
622145 650648 72.7273
622145 633216 76.5957
622145 640743 62.5
622145 688342 77.2727
622145 618260 60.4651
622145 81756 63.4146
622145 656388 68.0851
622145 602909 75
622145 630078 76
622145 683715 88.8889
622145 650058 60.274
622145 526046 75
622145 639476 60.5263
622145 634175 66.6667
622145 63917 77.551
622145 660837 63.8298
622145 80747 88.3721
622145 291559 76.5957
622145 12045 72.3404
622145 662771 75
622145 700590 64.7059
622145 638684 75
622145 104116 60
622145 620753 72.7273
622145 623021 63.8298
622145 338235 69.5652
622145 625231 79.1667
622145 284701 68.0851
622145 140025 67.7966
622145 625659 61.2245
622145 689429 75.5556
622145 659975 85.1064
622145 150952 69.5652
622145 12752 65.1163
622145 102624 71.1111
622145 634552 81.6327
622145 81626 75.5556
622145 634303 77.551
622145 649420 83.3333
622145 638532 64.7887
622145 4971 77.2727
622145 73709 68.0851
622145 683370 66.6667
622145 625792 76.5957
622145 666728 84.4444
622145 632231 70.2703
622145 60548 73.913
622145 1185 69.7674
622145 621194 79.1667
622145 646168 72.3404
622145 640892 69.2308
622145 87253 69.7674
622145 645037 68.1818
622145 154741 71.1111
622145 5226 62.2222
622145 649425 75
622145 21412 66.6667
622145 665122 68.0851
622145 608710 82.6087
622145 644433 75
622145 38231 73.913
622145 99871 61.9048
622145 660165 83.3333
622145 657809 73.4694
622145 57696 63.6364
622145 528168 60.4651
622145 646158 73.6842
622145 631956 85.1064
622145 667254 72.7273
622145 648358 61.3333
622145 43030 79.1667
622145 686574 85.1064
622145 128701 78.4314
622145 644914 75
622145 118151 75
622145 8395 72.7273
622145 629424 73.4694
622145 132313 66.6667
622145 698558 80
622145 696900 60
622145 635968 81.8182
622145 44675 71.1111
622145 643344 77.551
622145 355954 69.7674
622145 38709 60.4651
622145 271622 73.1707
622145 660048 73.4694
622145 50850 63.4921
622145 269161 73.913
622145 609816 70
622145 658779 72.7273
622145 630688 77.551
622145 657815 83.7209
622145 627903 77.2727
622145 55666 69.7674
622145 657560 66.6667
622145 110344 79.0698
622145 4857 61.5385
622145 167881 66.6667
622145 371296 60.4651
622145 41365 78.2609
622145 650911 81.6327
622145 24303 73.913
622145 625109 76.5957
622145 124081 66.6667
622145 617629 76.5957
622145 625446 75.5556
622145 602670 63.4921
622145 663589 68.0851
622145 641831 78.2609
622145 624386 81.6327
622145 33139 73.4694
622145 649429 78.2609
622145 667249 66.6667
622145 679 69.7674
622145 671291 62.6866
622145 99002 84.4444
622145 227902 69.7674
622145 625159 73.913
622145 93489 61.1111
622145 68347 76.9231
622145 88653 61.9048
622145 649690 77.2727
622145 149704 76.1905
622145 98436 78.2609
622145 33592 81.6327
622145 626946 68.2927
622145 645600 73.4694
622145 634193 71.1111
622145 620337 69.7674
622145 74468 68.1818
622145 109825 76.1905
622145 3846 77.551
622145 185354 63.1579
622145 630077 76
622145 839 60.4651
622145 57549 65.2174
622145 646163 79.1667
622145 371727 78.2609
622145 99331 83.7209
622145 626953 83.7209
622145 658782 69.7674
622145 610998 66.6667
622145 17796 76.5957
622145 646212 60.8696
622145 610185 78.2609
622145 408564 73.4694
622145 355936 71.1111
622145 677547 77.2727
622145 688039 64
622145 634249 83.3333
622145 633221 75
622145 60275 65.3061
622145 67437 65.3061
622145 16448 78.2609
622145 161622 75.5556
622145 74297 76.1905
622145 634617 68.0851
622145 685303 69.5652
622145 636944 73.913
622145 638593 72.3404
622145 241113 85.1064
622145 645868 63.8298
622145 689418 72.7273
622145 3428 66.6667
622145 18256 75
622145 645089 85.1064
622145 625794 75
622145 637519 65.2174
622145 624188 75
622145 637006 75
622145 625134 60.8696
622145 655263 77.2727
622145 604781 62.2222
622145 186053 68.0851
622145 26245 65.1163
622145 629036 69.7674
622145 676725 62.5
622145 624184 75
622145 27419 65.2174
622145 640191 78.2609
622145 122751 84.4444
622145 638173 66.6667
622145 5553 81.8182
622145 686264 81.8182
622145 650034 68.0851
622145 623661 72.7273
622145 109884 78.2609
622145 651590 61.9048
622145 636473 81.6327
622145 645727 71.875
622145 64797 72.7273
622145 636098 82.6087
622145 641763 69.5652
622145 623648 71.4286
622145 70716 62.2222
622145 640645 84.4444
622145 649422 75
622145 172262 65.2174
622145 623711 65.1163
622145 659144 82.6087
622145 38256 61.5385
622145 625196 76.1905
622145 72272 69.5652
622145 640331 72.3404
622145 125718 81.8182
622145 628815 93.3333
622145 145081 85.1064
622145 634304 77.551
622145 643044 81.8182
622145 625381 78.4314
622145 380271 80
622145 646204 73.4694
622145 114022 70
622145 650741 66.6667
622145 647648 63.4921
622145 362133 61.5385
622145 626945 66.6667
622145 624005 73.913
622145 648475 63.4146
622145 12148 70.8333
622145 662876 66.6667
622145 657818 65.1163
622145 96448 72.7273
622145 24710 69.7674
622145 32363 83.7209
622145 55619 76.5957
622145 10549 72.3404
622145 42080 63.4146
622145 664309 60
622145 624004 69.5652
622145 612765 83.3333
622145 627377 68.0851
622145 617378 79.1667
622145 33832 62.5
622145 646439 64.6154
622145 640439 73.913
622145 328442 74.4186
622145 646222 68.0851
622145 28142 79.0698
622145 66597 91.6667
622145 617370 66.6667
622145 677500 60.8696
622145 666439 75
622145 38248 65.1163
622145 647372 71.1111
622145 646989 70.7692
622145 691614 68.1818
622145 215132 71.1111
622145 629494 60.8696
622145 627073 71.1111
622145 163661 70.1754
622145 700601 86.9565
622145 294109 71.1111
622145 26542 68.1818
622145 603719 80.8511
622145 619101 85.7143
622145 660420 70
622145 20579 65.2174
622145 608712 91.3043
622145 639475 63.0137
622145 14023 75
622145 6745 68.4211
622145 650059 74.1935
622145 667951 62.6866
622145 602908 80
622145 646176 65
622145 298812 72.3404
622145 625462 68.0851
622145 611545 75
622145 683369 71.4286
622145 667068 79.0698
622145 342008 66.6667
622145 301197 66.6667
622145 657806 74.4186
622145 616256 77.2727
622145 24833 60.4651
622145 622652 65.3061
622145 33610 77.551
622145 681316 82.6087
622145 24711 75.5556
622145 623700 65.3061
622145 626544 63.8298
622145 656987 62.2222
622145 639840 68
622145 641997 89.7959
622145 664276 69.5652
622145 194315 78.2609
622145 655264 73.913
622145 677514 72.7273
622145 630911 68.1818
622145 677513 86.3636
622145 617395 65.2174
622145 638686 66.6667
622145 628867 78.2609
622145 111180 74.4186
622145 56501 86.9565
622145 679275 66.6667
622145 58579 60.4651
622145 679579 73.913
622145 638702 76.5957
622145 71999 60
622145 358737 66.6667
622145 405968 69.3878
622145 66476 65.3061
622145 161621 75.5556
622145 124997 83.7209
622145 624942 65.3061
622145 623635 75
622145 621888 80
622145 73198 65
622145 652546 70.8333
622145 38468 82.6087
622145 656400 73.4694
622145 41356 75.5556
622145 623650 79.1667
622145 255115 78.2609
622145 665527 61.1111
622145 664977 71.1111
622145 1163 69.7674
622145 149987 65.2174
622145 627074 71.1111
622145 695648 61.9048
622145 646210 81.6327
622145 72286 77.551
622145 73819 68.1818
622145 677434 74.4186
622145 663780 66.6667
622145 664284 85.1064
622145 56869 77.551
622145 645038 68.1818
622145 688887 63.6364
622145 688343 63.6364
622145 256 75
622145 677507 81.8182
622145 55548 66.6667
622145 49210 89.3617
622145 643470 63.8298
622145 646444 61.5385
622145 646203 73.4694
622145 641660 66.6667
622145 401554 63.4146
622145 630915 73.913
622145 257830 68.0851
622145 645978 73.4694
622145 215138 71.1111
622145 626954 80
622145 630690 80
622145 676737 62.2222
622145 632952 72.7273
622145 658464 77.2727
622145 1168 69.7674
622145 635034 64.4068
622145 364093 69.5652
622145 76006 69.3878
622145 43871 80
622145 54088 60.4651
622145 669273 63.6364
622145 81656 66.6667
622145 649436 75
622145 623991 71.1111
622145 87081 69.5652
622145 127964 80.8511
622145 269613 73.913
622145 633001 62.6866
622145 644325 72.7273
622145 2743 76.5957
622145 638641 80.8511
622145 45914 62.5
622145 646164 82.6087
622145 636941 69.5652
622145 626865 66.6667
622145 382814 84.4444
622145 7760 68.1818
622145 160497 82.6087
622145 644432 75
622145 679577 68.0851
622145 658774 76.5957
622145 601307 66.6667
622145 4140 77.551
622145 51867 69.7674
622145 677510 86.9565
622145 600388 81.8182
622145 241173 80.9524
622145 625063 71.1111
622145 522408 82.6087
622145 625465 76.5957
622145 626947 82.9268
622145 229 69.3878
622145 59679 82.6087
622145 656392 73.4694
622145 659234 66.6667
622145 684792 69.5652
622145 647014 66.6667
622145 140665 81.8182
622145 160588 71.4286
622145 654113 76.5957
622145 675187 66.6667
622145 118993 75
622145 453 63.4146
622145 341865 66.6667
622145 629267 69.8413
622145 120309 74.4186
622145 202965 66.6667
622145 663946 68.0851
622145 645540 61.9718
622145 623992 79.1667
622145 628999 81.8182
622145 629009 76.5957
622145 640286 70.7692
622145 697943 89.3617
622145 658397 62.5
622145 643729 65.3061
622145 620248 80.9524
622145 670183 76.5957
622145 36283 78.2609
622145 20122 76.5957
622145 133683 63.8298
622145 6957 80.9524
622145 641661 64.7887
622145 650981 81.8182
622145 5220 63.8298
622145 625471 71.1111
622145 31539 62.5
622145 645335 76
622145 646436 61.5385
622145 627725 80
622145 700123 70.8333
622145 617683 65.3061
622145 667849 65.2174
622145 658787 61.5385
622145 220327 73.913
622145 54855 77.551
622145 619072 61.2903
622145 633868 84.4444
622145 1112 66.6667
622145 625412 69.3878
622145 372360 63.8298
622145 622636 85.1064
622145 294110 75.5556
622145 667952 65.6716
622145 641165 93.8776
622145 607167 68.0851
622145 624842 65.2174
622145 49348 65
622145 98696 60.8696
622145 666530 86.3636
622145 30798 76.5957
622145 634135 63.8298
622145 37752 81.6327
622145 657562 72.7273
622145 633890 75
622145 42443 77.551
622145 636921 73.913
622145 83398 71.1111
622145 142693 70
622145 626923 72
622145 30131 76
622145 16634 78.2609
622145 658698 70.8333
622145 629718 79.0698
622145 404000 80.8511
622145 692599 66.6667
622145 656391 68.0851
622145 658501 68.0851
622145 169105 86.9565
622145 651739 65.3061
622145 617363 83.3333
622145 677555 86.3636
622145 637434 66.6667
622145 639682 73.4694
622145 624349 66.6667
622145 660421 75
622145 664853 77.2727
622145 102318 80
622145 663921 61.9048
622145 650211 65.3061
622145 66070 77.551
622145 309708 70.2703
622145 651217 83.3333
622145 345650 68.0851
622145 648360 62.3377
622145 659122 62.5
622145 59628 79.1667
622145 74380 72
622145 627383 81.6327
622145 670181 88.3721
622145 76031 63.4146
622145 685117 73.913
622145 670149 86.3636
622145 661128 73.4694
622145 623701 60.4651
622145 81669 76.5957
622145 650625 80
622145 67594 75
622145 636993 77.551
622145 54833 66.6667
622145 30152 66.6667
622145 639472 67.6056
622145 634306 77.551
622145 658487 76.5957
622145 158037 84.4444
622145 64013 86.3636
622145 630692 73.4694
622145 40450 69.5652
622145 97219 76.5957
622145 639772 63.3333
622145 54829 75.5556
622145 687618 62.2222
622145 650624 79.1667
622145 647024 62.1622
622145 87059 65.2174
622145 43026 91.6667
622145 52350 70.8333
622145 4926 66.6667
622145 365560 78.2609
622145 186233 68.0851
622145 338205 69.5652
622145 650064 65.6716
622145 645542 69.697
622145 48911 70
622145 116805 66.6667
622145 179790 70
622145 658309 62.2222
622145 164774 62.2222
622145 23380 63.4146
622145 60195 60
622145 7636 81.8182
622145 102851 80.8511
622145 43395 72.7273
622145 628265 80
622145 25952 76.5957
622145 624987 73.913
622145 624671 60
622145 38253 74.4186
622145 639681 73.4694
622145 645129 64.7887
622145 638534 63.8889
622145 55342 82.6087
622145 657817 78.2609
622145 647645 61.5385
622145 656390 69.3878
622145 667760 63.6364
622145 633174 72
622145 672208 78.2609
622145 632920 61.9048
622145 623233 75.5556
622145 657811 73.4694
622145 634171 77.551
622145 611078 74.4186
622145 96461 80
622145 626100 69.5652
622145 400230 82.9268
622145 625795 73.4694
622145 36603 60.4651
622145 9659 68.1818
622145 660640 90.9091
622145 625469 68.0851
622145 193521 61.9048
622145 668523 63.6364
622145 657840 73.4694
622145 625042 81.6327
622145 651220 83.3333
622145 665536 61.1111
622145 692226 71.7949
622145 679281 69.7674
622145 128160 80
622145 600059 61.5385
622145 43870 80
622145 180 81.8182
622145 690415 65.2174
622145 633011 76.3636
622145 382815 80.8511
622145 656386 68.0851
622145 116539 84.4444
622145 33377 71.1111
622145 646645 65.3061
622145 634714 73.4694
622145 116523 68.0851
622145 646707 81.6327
622145 635960 73.913
622145 658776 76.5957
622145 369774 76.5957
622145 609067 66.6667
622145 1986 75.5556
622145 694105 76.5957
622145 677512 80.9524
622145 627435 80
622145 2750 65.1163
622145 116363 80.8511
622145 47695 78.2609
622145 42903 60
622145 136014 72.7273
622145 72089 66.6667
622145 651737 65.3061
622145 650609 70.8333
622145 686662 61.9048
622145 686466 68.1818
622145 644273 76.1905
622145 615123 61.2245
622145 297577 76.5957
622145 685298 68.1818
622145 650639 62.2222
622145 291305 86.9565
622145 691610 66.6667
622145 611347 66.6667
622145 636784 66.6667
622145 625015 60.8696
622145 681072 63.6364
622145 647068 77.551
622145 677920 83.7209
622145 12463 72.3404
622145 309699 84.4444
622145 617368 60.4651
622145 209084 88.8889
622145 631315 84.4444
622145 164614 68.1818
622145 675186 66.6667
622145 659342 65.3061
622145 695625 71.4286
622145 680715 81.8182
622145 625421 68.0851
622145 646165 79.1667
622145 74517 65
622145 108408 62.5
622145 138305 71.4286
622145 616232 63.8298
622145 642896 68.1818
622145 627368 63.8298
622145 658533 69.3878
622145 666665 72.3404
622145 656387 65.3061
622145 638640 69.5652
622145 73166 79.0698
622145 40484 79.1667
622145 624535 81.6327
622145 667850 73.913
622145 617316 76.1905
622145 672018 73.913
622145 8512 78.2609
622145 636935 66.6667
622145 111920 75.5556
622145 67476 65.2174
622145 53183 73.4694
622145 658980 65.2174
622145 31976 80
622145 649428 75
622145 404827 71.4286
622145 160587 73.913
622145 679825 73.3333
622145 609696 70.2703
622145 654114 80.8511
622145 670182 88.8889
622145 84227 70
622145 72288 77.551
622145 342024 73.1707
622145 636095 83.3333
622145 665553 72.3404
622145 641086 79.0698
622145 68955 77.2727
622145 617409 80.8511
622145 100467 66.6667
622145 79447 60.8696
622145 651936 63.4146
622145 631128 73.4694
622145 161601 75.5556
622145 663620 63.8298
622145 636943 79.1667
622145 34632 83.3333
622145 294731 72.7273
622145 631648 79.1667
622145 671292 65.6716
622145 623636 73.913
622145 663571 70.8333
622145 650783 72.3404
622145 45164 91.3043
622145 650061 62.1622
622145 326172 62.2222
622145 656986 65
622145 8774 76.5957
622145 646001 75
622145 697384 80
622145 691995 70.7692
622145 328820 60
622145 193517 61.9048
622145 637493 64.7887
622145 689210 75
622145 60734 63.8298
622145 627226 77.2727
622145 657803 76.5957
622145 629474 84.4444
622145 67800 76.9231
622145 136135 69.5652
622145 667247 69.5652
622145 637821 69.7674
622145 43798 66.6667
622145 634293 63.8298
622145 631630 83.3333
622145 191990 69.5652
622145 139785 71.1111
622145 63862 76.5957
622145 670179 88.3721
622145 185355 70
622145 637642 60.8696
622145 634151 71.7949
622145 63055 72.7273
622145 672441 71.1111
622145 624961 63.8298
622145 20985 76.1905
622145 209913 61.1111
622145 650616 85.1064
622145 633879 76.5957
622145 6365 66.6667
622145 601362 77.551
622145 50848 60.6061
622145 666432 75
622145 663915 70.8333
622145 364202 80
622145 662187 69.5652
622145 627436 81.8182
622145 73248 73.4694
622145 628244 72
622145 677516 82.6087
622145 30724 63.6364
622145 29851 84.4444
622145 644297 69.7674
622145 650608 65
622145 278461 80.8511
622145 624163 76.5957
622145 693434 66.6667
622145 8120 72.3404
622145 690393 64.5161
622145 668362 80.9524
622145 663585 75
622145 623832 80.8511
622145 687813 65.7143
622145 231338 71.1111
622145 624231 68.8525
622145 609818 69.3878
622145 657836 68.0851
622145 696224 83.7209
622145 651218 83.3333
622145 650610 73.913
622145 657805 74.4186
622145 650611 63.6364
622145 675215 62.2222
622145 629037 65.2174
622145 38243 74.4186
622145 326397 68.0851
622145 627708 66.6667
622145 647019 63.7681
622145 616811 68.0851
622145 174612 80
622145 640230 83.3333
622145 64800 65.3061
622145 634470 75
622145 632227 68.2927
622145 647646 61.5385
622145 684074 72.3404
622145 672960 81.8182
622145 640890 69.2308
622145 628996 73.4694
622145 648352 64.8649
622145 650634 80
622145 625028 66.6667
622145 624162 73.4694
622145 670148 76.5957
622145 647530 70.2703
622145 628296 61.9048
622145 84552 91.3043
622145 629038 62.5
622145 651324 83.3333
622145 98431 69.7674
622145 154880 62.2222
622145 311941 86.3636
622145 57598 61.9048
622145 694557 61.3333
622145 625186 85.7143
622145 39362 77.551
622145 659147 63.1579
622145 637646 63.4921
622145 122640 73.913
622145 661471 70.8333
622145 683892 76.5957
622145 83653 66.6667
622145 625464 71.1111
622145 135284 61.9048
622145 651735 65.3061
622145 174620 83.7209
622145 677915 75
622145 131312 71.7949
622145 56148 72.3404
622145 295156 85.7143
622145 638129 73.4694
622145 677916 79.0698
622145 622644 70.8333
622145 656393 69.3878
622145 663952 70.8333
622145 632919 61.9048
622145 645124 66.6667
622145 602880 62.5
622145 692011 63.8298
622145 646162 66.6667
622145 102623 62.2222
622145 75516 62.2222
622145 686664 60.8696
622145 660053 76.5957
622145 71320 80
622145 63911 76.5957
622145 58895 82.6087
622145 26154 82.9268
622145 649441 75
622145 66479 75
622145 695218 73.913
622145 25855 75
622145 640902 67.9245
622145 641654 64.7887
622145 30723 63.6364
622145 638174 66.6667
622145 664269 68.1818
622145 694951 63.6364
622145 663936 70.8333
622145 667749 68.1818
622145 677545 76.1905
622145 636946 66.6667
622145 630076 76
622145 63599 62.5
622145 693424 76.1905
622145 71439 70.8333
622145 405084 65.3061
622145 19911 60.8696
622145 663576 75
622145 339497 68.2927
622145 625027 60.4651
622145 174655 62.2222
622145 645098 71.875
622145 681170 61.5385
622145 638851 77.2727
622145 628102 65.3061
622145 29232 63.6364
622145 13687 69.5652
622145 109999 71.1111
622145 680482 71.1111
622145 666436 75
622145 82166 72.7273
622145 609819 88.3721
622145 613239 76.5957
622145 301196 69.7674
622145 625064 80.8511
622145 628495 66.6667
622145 667470 69.5652
622145 668859 61.9718
622145 103998 69.5652
622145 631634 60
622145 86939 68.1818
622145 18894 68.4211
622145 41554 69.3878
622145 278175 72.7273
622145 663927 63.8298
622145 691259 68.75
622145 40725 66.6667
622145 662782 80.9524
622145 18255 75
622145 700591 66.6667
622145 409127 69.5652
622145 624960 63.8298
622145 86080 72.3404
622145 624006 73.913
622145 636118 65.3061
622145 634163 80
622145 627222 71.1111
622145 34551 75
622145 639683 77.551
622145 649096 68.0851
622145 642604 75
622145 658818 62.5
622145 147625 65
622145 642788 70
622145 105373 86.3636
622145 694315 75.5556
622145 1026 85.7143
622145 624331 69.3878
622145 646232 68.0851
622145 95102 69.5652
622145 10121 76.5957
622145 4867 85.7143
622145 58104 89.3617
622145 240408 63.4146
622145 667276 82.6087
622145 636942 79.1667
622145 625468 73.4694
622145 23609 62.2222
622145 630262 81.6327
622145 609694 65.1163
622145 662773 68.2927
622145 646166 79.0698
622145 521887 81.8182
622145 648928 62.2222
622145 666115 60.6061
622145 1118 78.0488
622145 624151 63.6364
622145 644932 73.913
622145 632917 63.6364
622145 667941 60.8696
622145 55876 76.5957
622145 611783 65.3061
622145 674195 82.6087
622145 647355 73.4694
622145 663549 63.8298
622145 648929 80.8511
622145 635820 75
622145 348706 82.6087
622145 632921 60
622145 202930 76.1905
622145 3124 80.9524
622145 62009 75
622145 636929 69.5652
622145 4771 72.7273
622145 14787 60
622145 644333 68.0851
622145 295435 75.5556
622145 19984 71.1111
622145 603977 80
622145 70868 63.8298
622145 327982 68.2927
622145 616278 75.5556
622145 624051 76
622145 634775 68.0851
622145 60698 76.1905
622145 27116 78.0488
622145 633900 81.6327
622145 79016 63.8298
622145 617633 69.5652
622145 2775 69.5652
622145 646159 82.6087
622145 609820 88.3721
622145 667524 68.1818
622145 54128 75
622145 631808 84.4444
622145 619147 69.3878
622145 636326 88.8889
622145 672019 73.913
622145 657843 81.6327
622145 294107 63.4146
622145 331770 86.9565
622145 639767 62.069
622145 646207 76.5957
622145 10014 63.4146
622145 617398 66.6667
622145 66688 69.5652
622145 667950 64.6154
622145 285113 77.2727
622145 684038 60.8696
622145 634581 65.3061
622145 34765 68.0851
622145 649097 77.551
622145 680494 68.0851
622145 13009 65.2174
622145 301199 66.6667
622145 157913 76.1905
622145 649092 69.5652
622145 147110 75
622145 58580 69.5652
622145 634156 63.6364
622145 699206 82.6087
622145 636947 66.6667
622145 638603 82.9268
622145 609248 78.2609
622145 87254 75.5556
622145 649427 75
622145 615011 76.5957
622145 638636 66.6667
622145 625239 66.6667
622145 609695 68.0851
622145 668856 63.7681
622145 627367 63.8298
622145 119877 73.913
622145 685783 65.2174
622145 686667 60.8696
622145 615299 79.1667
622145 193341 71.4286
622145 677917 77.2727
622145 291534 72.3404
622145 56357 69.2308
622145 163501 69.5652
622145 624003 75
622145 327445 79.0698
622145 58030 72
622145 66069 73.4694
622145 634615 62.2222
622145 81549 82.9268
622145 644871 79.1667
622145 79707 79.0698
622145 649424 75
622145 2741 71.1111
622145 51337 65.1163
622145 650643 66.6667
622145 647527 61.5385
622145 663914 69.5652
622145 655039 65
622145 56470 80.8511
622145 632386 81.6327
622145 638521 67.6056
622145 627370 62.2222
622145 75707 81.6327
622145 75518 65.1163
622145 632918 69.5652
622145 612049 63.3333
622145 140121 85.1064
622145 25397 76.5957
622145 627175 60
622145 41355 75.5556
622145 649044 75
622145 663947 63.8298
622145 25413 61.2245
622145 636086 79.1667
622145 665282 68.0851
622145 630691 72.3404
622145 131090 76.5957
622145 646438 64.6154
622145 659301 69.3878
622145 625813 62.5
622145 15193 66.6667
622145 615985 67.6056
622145 627066 84.4444
622145 620336 63.4146
622145 679283 66.6667
622145 3609 66.6667
622145 617628 66.6667
622145 653051 62.2222
622145 617406 66.6667
622145 628979 75
622145 663935 68.1818
622145 634241 75.5556
622145 404698 72.7273
622145 635811 63.8298
0 1
1 0
2 0
3 0
4 0
5 1
6 5
7 3
8 1
9 2
10 2
11 1
12 2
13 2
14 1
15 0
16 1
17 1
18 2
19 6
20 4
21 3
22 8
23 6
24 4
25 7
26 7
27 7
28 10
29 14
30 28
31 16
32 15
33 25
34 11
35 12
36 14
37 6
38 18
39 23
40 28
41 12
42 12
43 27
44 35
45 28
46 16
47 24
48 25
49 33
50 25
51 5
52 37
53 25
54 39
55 35
56 29
57 32
58 52
59 28
60 55
61 29
62 39
63 45
64 71
65 21
66 54
67 74
68 6
69 68
70 84
71 22
72 44
73 42
74 64
75 62
76 27
77 63
78 38
79 27
80 53
81 22
82 32
83 22
84 24
85 14
86 15
87 16
88 1
89 10
90 4
91 3
92 5
93 0
94 2
95 0
96 0
97 0
98 0
99 0
100 0
101 0
22
23045
