27
158037 658533 69.5652
158037 650634 76.1905
158037 624162 86.9565
158037 8120 68.1818
158037 657562 68.2927
158037 54855 69.5652
158037 45164 79.0698
158037 615011 68.1818
158037 600388 68.2927
158037 655039 75.6757
158037 650641 68.1818
158037 60698 76.9231
158037 290504 74.2857
158037 256 66.6667
158037 680715 78.0488
158037 84552 74.4186
158037 670179 80
158037 659342 69.5652
158037 8395 68.2927
158037 20121 68.1818
158037 131312 66.6667
158037 689429 71.4286
158037 622636 68.1818
158037 405554 68.1818
158037 670180 75
158037 654113 68.1818
158037 645089 68.1818
0 3
1 0
2 0
3 0
4 0
5 0
6 0
7 0
8 1
9 0
10 0
11 1
12 0
13 0
14 0
15 2
16 0
17 1
18 1
19 0
20 3
21 1
22 2
23 3
24 2
25 0
26 0
27 2
28 4
29 1
30 1
31 2
32 6
33 2
34 0
35 1
36 5
37 4
38 2
39 7
40 2
41 4
42 5
43 3
44 3
45 4
46 2
47 1
48 5
49 4
50 4
51 0
52 4
53 5
54 6
55 10
56 3
57 4
58 9
59 2
60 6
61 5
62 4
63 3
64 8
65 4
66 4
67 2
68 0
69 11
70 3
71 0
72 1
73 0
74 0
75 3
76 1
77 2
78 0
79 1
80 2
81 0
82 0
83 0
84 0
85 0
86 0
87 1
88 0
89 0
90 0
91 0
92 0
93 0
94 0
95 0
96 0
97 0
98 0
99 0
100 0
101 0
2
173
