63
282037 160451 63.4146
282037 78998 75.6757
282037 58978 72.2222
282037 70868 68.2927
282037 634220 73.1707
282037 634775 68.2927
282037 82807 87.1795
282037 683723 68.4211
282037 60549 87.8049
282037 79016 68.2927
282037 670091 75.6757
282037 2775 60
282037 667246 65
282037 643487 68.2927
282037 180816 75.6757
282037 619147 65.1163
282037 672019 60
282037 622661 63.4146
282037 79006 78.9474
282037 264039 68.2927
282037 66688 65
282037 684038 70
282037 634581 60.4651
282037 34765 63.4146
282037 680494 63.4146
282037 56285 73.6842
282037 100139 74.2857
282037 627011 63.1579
282037 634156 73.6842
282037 65007 68.2927
282037 638636 61.1111
282037 625239 61.9048
282037 119877 60
282037 685783 70
282037 686667 75
282037 749 82.9268
282037 55459 66.6667
282037 634615 66.6667
282037 632913 61.9048
282037 65987 83.3333
282037 51337 64.8649
282037 647527 66.6667
282037 663914 60
282037 57884 68.2927
282037 627370 61.5385
282037 75518 70.2703
282037 632918 60
282037 663947 68.2927
282037 270531 83.3333
282037 25413 83.7209
282037 665282 63.4146
282037 26540 63.1579
282037 60188 75
282037 602913 87.8049
282037 79008 78.0488
282037 33671 60
282037 1895 75
282037 177951 71.7949
282037 625813 66.6667
282037 192626 68.5714
282037 653051 66.6667
282037 630639 77.7778
282037 663935 63.1579
0 3
1 0
2 0
3 0
4 0
5 0
6 0
7 0
8 1
9 0
10 1
11 0
12 0
13 0
14 0
15 1
16 1
17 1
18 0
19 1
20 1
21 1
22 1
23 1
24 1
25 5
26 4
27 4
28 7
29 6
30 6
31 8
32 2
33 2
34 5
35 5
36 4
37 2
38 4
39 2
40 4
41 1
42 5
43 8
44 6
45 3
46 5
47 7
48 1
49 1
50 6
51 0
52 5
53 7
54 4
55 4
56 0
57 1
58 3
59 2
60 6
61 1
62 4
63 0
64 8
65 3
66 1
67 5
68 0
69 10
70 2
71 1
72 1
73 1
74 3
75 4
76 3
77 0
78 1
79 2
80 0
81 0
82 0
83 1
84 3
85 0
86 0
87 0
88 3
89 0
90 0
91 0
92 0
93 0
94 0
95 0
96 0
97 0
98 0
99 0
100 0
101 0
2
176
