78
649690 609816 72.2222
649690 637646 67.7966
649690 102851 88.3721
649690 698558 73.1707
649690 174612 68.2927
649690 43870 78.0488
649690 629424 71.1111
649690 641086 66.6667
649690 44217 66.6667
649690 631634 77.7778
649690 638641 74.4186
649690 25397 74.4186
649690 650634 68.2927
649690 657818 71.7949
649690 120309 71.7949
649690 33077 74.4186
649690 8120 74.4186
649690 642788 77.7778
649690 5553 80
649690 41355 87.8049
649690 663935 75
649690 650211 84.4444
649690 56138 69.7674
649690 56869 71.1111
649690 54855 66.6667
649690 45164 71.4286
649690 26154 86.4865
649690 663951 74.4186
649690 74468 70
649690 615011 69.7674
649690 600388 75
649690 667068 76.9231
649690 656400 66.6667
649690 5220 83.7209
649690 626865 78.9474
649690 294868 85.7143
649690 624987 95.2381
649690 646001 68.1818
649690 643487 69.7674
649690 620753 70.5882
649690 623832 79.0698
649690 71439 77.2727
649690 634306 88.8889
649690 629494 66.6667
649690 142693 72.2222
649690 666665 69.7674
649690 632227 75.6757
649690 675215 68.2927
649690 301197 68.2927
649690 62660 74.4186
649690 84552 76.1905
649690 43634 71.4286
649690 625109 93.0233
649690 73709 74.4186
649690 362133 68.5714
649690 163661 75.4717
649690 118151 77.2727
649690 631956 69.7674
649690 683369 89.4737
649690 38248 76.9231
649690 639709 71.4286
649690 72286 66.6667
649690 623650 68.1818
649690 98431 71.7949
649690 679449 68.2927
649690 31976 68.2927
649690 80747 76.9231
649690 131312 80
649690 649424 68.1818
649690 689429 73.1707
649690 622636 74.4186
649690 102623 68.2927
649690 405554 69.7674
649690 670180 66.6667
649690 645334 68.1818
649690 654113 74.4186
649690 645089 79.0698
649690 644333 74.4186
0 2
1 0
2 0
3 0
4 0
5 0
6 0
7 1
8 0
9 0
10 0
11 0
12 0
13 0
14 0
15 0
16 2
17 0
18 1
19 3
20 1
21 0
22 0
23 0
24 1
25 2
26 1
27 2
28 3
29 2
30 1
31 2
32 0
33 0
34 2
35 1
36 1
37 2
38 3
39 3
40 6
41 1
42 5
43 1
44 2
45 4
46 4
47 2
48 3
49 5
50 4
51 0
52 2
53 5
54 6
55 7
56 3
57 2
58 7
59 4
60 10
61 3
62 7
63 3
64 5
65 6
66 6
67 7
68 1
69 12
70 7
71 1
72 8
73 2
74 2
75 12
76 2
77 4
78 4
79 2
80 4
81 0
82 0
83 0
84 1
85 1
86 1
87 1
88 1
89 2
90 1
91 0
92 0
93 0
94 1
95 0
96 1
97 0
98 0
99 0
100 0
101 0
2
235
