103
635820 348706 65.2174
635820 202930 76.1905
635820 3124 66.6667
635820 160451 68.0851
635820 62009 75
635820 636929 65.2174
635820 4771 72.7273
635820 644333 63.8298
635820 19984 71.1111
635820 603977 66.6667
635820 70868 68.0851
635820 327982 73.1707
635820 634220 63.8298
635820 624051 80
635820 634775 68.0851
635820 60698 61.9048
635820 27116 73.1707
635820 633900 61.2245
635820 683723 63.6364
635820 79016 76.5957
635820 670091 65.1163
635820 617633 60.8696
635820 2775 78.2609
635820 646159 78.2609
635820 609820 69.7674
635820 631808 66.6667
635820 619147 73.4694
635820 636326 66.6667
635820 672019 82.6087
635820 657843 69.3878
635820 331770 65.2174
635820 639767 62.069
635820 264039 72.3404
635820 66688 73.913
635820 667950 61.5385
635820 285113 68.1818
635820 684038 60.8696
635820 634581 73.4694
635820 34765 63.8298
635820 649097 77.551
635820 680494 76.5957
635820 13009 65.2174
635820 157913 71.4286
635820 649092 73.913
635820 147110 70.8333
635820 627011 68.1818
635820 634156 68.1818
635820 699206 73.913
635820 636947 70.8333
635820 649427 75
635820 615011 68.0851
635820 638636 66.6667
635820 625239 83.3333
635820 609695 68.0851
635820 668856 63.7681
635820 627367 85.1064
635820 119877 65.2174
635820 685783 60.8696
635820 686667 60.8696
635820 615299 62.5
635820 677917 68.1818
635820 291534 76.5957
635820 55459 66.6667
635820 163501 65.2174
635820 327445 74.4186
635820 66069 69.3878
635820 632913 70.8333
635820 81549 63.4146
635820 644871 66.6667
635820 79707 79.0698
635820 649424 66.6667
635820 51337 74.4186
635820 650643 61.9048
635820 647527 76.9231
635820 663914 78.2609
635820 56470 68.0851
635820 632386 69.3878
635820 627370 75.5556
635820 75707 85.7143
635820 75518 69.7674
635820 632918 73.913
635820 612049 60
635820 140121 63.8298
635820 25397 72.3404
635820 663947 72.3404
635820 25413 73.4694
635820 636086 91.6667
635820 665282 72.3404
635820 633810 60.6061
635820 26540 77.2727
635820 602913 63.8298
635820 131090 72.3404
635820 646438 61.5385
635820 625813 70.8333
635820 192626 63.4146
635820 627066 62.2222
635820 679283 66.6667
635820 3609 66.6667
635820 617628 75
635820 617406 66.6667
635820 630639 61.9048
635820 663935 77.2727
635820 404698 72.7273
0 2
1 0
2 0
3 0
4 0
5 0
6 1
7 1
8 0
9 0
10 0
11 0
12 0
13 1
14 1
15 0
16 0
17 0
18 0
19 1
20 0
21 3
22 1
23 0
24 0
25 0
26 3
27 2
28 3
29 5
30 1
31 4
32 2
33 1
34 1
35 3
36 1
37 3
38 2
39 0
40 0
41 0
42 2
43 1
44 3
45 5
46 1
47 5
48 4
49 3
50 6
51 0
52 6
53 8
54 4
55 9
56 4
57 3
58 10
59 1
60 3
61 5
62 6
63 3
64 9
65 0
66 7
67 11
68 0
69 10
70 5
71 4
72 2
73 7
74 9
75 5
76 1
77 5
78 3
79 3
80 2
81 0
82 0
83 1
84 1
85 0
86 2
87 0
88 0
89 0
90 0
91 0
92 1
93 0
94 0
95 0
96 0
97 0
98 0
99 0
100 0
101 0
2
190
