0
0 0
1 0
2 0
3 0
4 0
5 0
6 0
7 0
8 0
9 0
10 0
11 0
12 0
13 0
14 1
15 0
16 0
17 0
18 1
19 0
20 4
21 1
22 1
23 2
24 1
25 2
26 2
27 4
28 5
29 5
30 1
31 9
32 8
33 4
34 5
35 7
36 6
37 6
38 7
39 8
40 11
41 7
42 8
43 9
44 6
45 12
46 3
47 12
48 16
49 7
50 15
51 4
52 9
53 9
54 6
55 7
56 3
57 5
58 7
59 2
60 4
61 2
62 3
63 5
64 7
65 4
66 3
67 0
68 2
69 2
70 1
71 0
72 1
73 0
74 0
75 2
76 0
77 1
78 0
79 1
80 0
81 0
82 0
83 0
84 0
85 0
86 0
87 1
88 0
89 0
90 0
91 0
92 0
93 0
94 0
95 0
96 0
97 0
98 0
99 0
100 0
101 0
2
259
