159
409127 125185 66.6667
409127 86080 62.2222
409127 634163 65.1163
409127 627222 88.3721
409127 675278 71.1111
409127 639683 63.8298
409127 649096 80
409127 642604 73.913
409127 684035 80.9524
409127 658818 86.9565
409127 670237 78.0488
409127 105373 61.9048
409127 694315 69.7674
409127 1026 65
409127 627082 62.2222
409127 646232 75.5556
409127 4867 63.8298
409127 58104 62.2222
409127 667276 63.6364
409127 683725 75.6757
409127 49512 66.6667
409127 609694 63.4146
409127 646166 68.2927
409127 681101 80
409127 625482 61.5385
409127 521887 71.4286
409127 648928 83.7209
409127 1118 66.6667
409127 97327 63.6364
409127 632917 76.1905
409127 667941 81.8182
409127 617627 66.6667
409127 611783 80.8511
409127 674195 68.1818
409127 663549 75.5556
409127 648929 88.8889
409127 638581 60.6061
409127 635820 78.2609
409127 643484 61.9048
409127 282037 70
409127 202930 65
409127 3124 65
409127 160451 75.5556
409127 62009 73.913
409127 4771 71.4286
409127 14787 63.1579
409127 644333 66.6667
409127 295435 60.4651
409127 19984 65.1163
409127 78998 68.2927
409127 603977 65.1163
409127 58978 70
409127 70868 84.4444
409127 327982 82.0513
409127 634220 75.5556
409127 624051 83.3333
409127 634775 75.5556
409127 60698 70
409127 27116 66.6667
409127 82807 74.4186
409127 683723 71.4286
409127 60549 71.1111
409127 79016 80
409127 670091 82.9268
409127 2775 77.2727
409127 646159 72.7273
409127 609820 63.4146
409127 54128 60.8696
409127 643487 71.1111
409127 631808 60.4651
409127 180816 68.2927
409127 619147 76.5957
409127 636326 60.4651
409127 672019 90.9091
409127 657843 63.8298
409127 639767 60.7143
409127 622661 66.6667
409127 79006 71.4286
409127 264039 80
409127 66688 81.8182
409127 41551 61.1111
409127 667950 60.3175
409127 285113 61.9048
409127 684038 81.8182
409127 634581 76.5957
409127 34765 75.5556
409127 649097 76.5957
409127 680494 75.5556
409127 13009 68.1818
409127 56285 66.6667
409127 100139 71.7949
409127 157913 70
409127 649092 81.8182
409127 147110 69.5652
409127 627011 80.9524
409127 634156 80.9524
409127 699206 81.8182
409127 65007 75.5556
409127 636947 65.2174
409127 638603 66.6667
409127 87254 60.4651
409127 649427 69.5652
409127 615011 62.2222
409127 638636 70
409127 625239 78.2609
409127 627367 66.6667
409127 119877 77.2727
409127 685783 72.7273
409127 686667 81.8182
409127 677917 71.4286
409127 291534 62.2222
409127 749 62.2222
409127 55459 73.913
409127 327445 78.0488
409127 66069 63.8298
409127 634615 65.1163
409127 632913 73.913
409127 81549 66.6667
409127 644871 60.8696
409127 79707 73.1707
409127 65987 70
409127 649424 60.8696
409127 51337 87.8049
409127 650643 70
409127 647527 81.0811
409127 663914 77.2727
409127 56470 62.2222
409127 632386 63.8298
409127 627370 79.0698
409127 75707 76.5957
409127 75518 78.0488
409127 632918 77.2727
409127 612049 65.5172
409127 140121 62.2222
409127 25397 66.6667
409127 41355 60.4651
409127 663947 80
409127 270531 65
409127 25413 80.8511
409127 636086 78.2609
409127 665282 80
409127 633810 62.5
409127 26540 66.6667
409127 60188 61.1111
409127 602913 80
409127 79008 80
409127 131090 66.6667
409127 177951 60.4651
409127 625813 65.2174
409127 192626 61.5385
409127 627066 69.7674
409127 3609 75
409127 617628 69.5652
409127 45956 66.6667
409127 653051 65.1163
409127 617406 60.8696
409127 630639 70
409127 663935 80.9524
409127 404698 71.4286
0 3
1 0
2 0
3 0
4 0
5 0
6 1
7 1
8 0
9 0
10 0
11 0
12 0
13 1
14 0
15 0
16 0
17 0
18 1
19 0
20 1
21 1
22 0
23 0
24 1
25 2
26 0
27 3
28 3
29 2
30 2
31 6
32 2
33 4
34 1
35 0
36 4
37 2
38 1
39 2
40 4
41 0
42 1
43 1
44 1
45 2
46 2
47 11
48 10
49 9
50 7
51 0
52 5
53 5
54 1
55 2
56 3
57 9
58 4
59 0
60 11
61 13
62 7
63 9
64 10
65 4
66 8
67 15
68 0
69 5
70 13
71 0
72 10
73 2
74 5
75 2
76 9
77 5
78 4
79 6
80 9
81 6
82 7
83 2
84 2
85 1
86 0
87 1
88 1
89 2
90 0
91 1
92 0
93 0
94 0
95 0
96 0
97 0
98 0
99 0
100 0
101 0
3
366
