26
618121 645540 71.4286
618121 697445 80.3279
618121 380292 78.4314
618121 664737 85.1852
618121 623310 74.5455
618121 663418 71.2121
618121 699339 77.551
618121 679825 68.9655
618121 650058 86
618121 698553 66.129
618121 681679 80.4124
618121 638534 82.8283
618121 699329 75.2294
618121 665536 78.7879
618121 9168 78.9916
618121 629267 66.6667
618121 665158 81.4815
618121 646438 67.3913
618121 648344 76.9231
618121 663417 67.6471
618121 701201 70.7692
618121 641660 77.0833
618121 660371 68.3333
618121 665356 67.1756
618121 682699 74.5763
618121 664208 66.1017
0 0
1 0
2 0
3 1
4 3
5 0
6 1
7 1
8 1
9 1
10 2
11 0
12 1
13 1
14 3
15 4
16 0
17 4
18 3
19 4
20 2
21 3
22 3
23 3
24 4
25 8
26 0
27 4
28 7
29 5
30 5
31 7
32 8
33 4
34 3
35 4
36 11
37 4
38 6
39 9
40 8
41 4
42 5
43 3
44 6
45 7
46 5
47 2
48 11
49 7
50 12
51 7
52 9
53 5
54 3
55 6
56 8
57 2
58 2
59 3
60 3
61 2
62 3
63 8
64 5
65 2
66 3
67 3
68 3
69 2
70 0
71 1
72 2
73 0
74 0
75 2
76 1
77 1
78 2
79 3
80 0
81 2
82 1
83 1
84 0
85 0
86 2
87 0
88 0
89 0
90 0
91 0
92 0
93 0
94 0
95 0
96 0
97 0
98 0
99 0
100 0
101 0
4
419
