55
40593 680482 66.6667
40593 278175 63.1579
40593 187521 60
40593 207835 60
40593 409127 60
40593 125185 68.75
40593 684035 63.1579
40593 670237 64.8649
40593 694315 61.5385
40593 683725 72.7273
40593 681101 66.6667
40593 648928 61.5385
40593 97327 60
40593 632917 63.1579
40593 667941 60
40593 617627 75.8621
40593 611783 65.1163
40593 635820 71.4286
40593 282037 66.6667
40593 58978 61.1111
40593 82807 61.5385
40593 683723 68.4211
40593 670091 64.8649
40593 2775 60
40593 667246 60
40593 180816 64.8649
40593 672019 60
40593 264039 68.2927
40593 66688 60
40593 684038 60
40593 56285 63.1579
40593 627011 63.1579
40593 634156 63.1579
40593 638636 61.1111
40593 625239 66.6667
40593 627367 68.2927
40593 119877 60
40593 685783 60
40593 686667 60
40593 55459 66.6667
40593 163501 60
40593 65987 66.6667
40593 51337 64.8649
40593 647527 66.6667
40593 663914 60
40593 632918 60
40593 270531 61.1111
40593 636086 61.9048
40593 26540 94.7368
40593 60188 62.5
40593 625813 76.1905
40593 192626 80
40593 679283 66.6667
40593 630639 83.3333
40593 663935 63.1579
0 2
1 0
2 0
3 0
4 0
5 0
6 1
7 1
8 2
9 0
10 1
11 1
12 1
13 1
14 2
15 1
16 6
17 2
18 7
19 5
20 3
21 4
22 2
23 0
24 2
25 1
26 1
27 3
28 7
29 8
30 13
31 14
32 5
33 3
34 6
35 6
36 7
37 3
38 5
39 6
40 14
41 0
42 8
43 9
44 4
45 5
46 7
47 9
48 5
49 12
50 8
51 0
52 6
53 11
54 5
55 6
56 7
57 5
58 10
59 21
60 17
61 0
62 7
63 1
64 7
65 4
66 1
67 8
68 0
69 4
70 0
71 0
72 1
73 1
74 0
75 0
76 1
77 1
78 0
79 0
80 1
81 0
82 0
83 0
84 1
85 0
86 0
87 0
88 0
89 0
90 0
91 0
92 0
93 0
94 0
95 1
96 0
97 0
98 0
99 0
100 0
101 0
3
528
