0
0 0
1 0
2 0
3 0
4 0
5 0
6 0
7 0
8 0
9 0
10 0
11 0
12 0
13 0
14 0
15 0
16 0
17 0
18 0
19 0
20 0
21 0
22 0
23 0
24 0
25 1
26 1
27 0
28 0
29 0
30 2
31 0
32 2
33 0
34 0
35 1
36 1
37 3
38 2
39 0
40 1
41 1
42 1
43 2
44 3
45 2
46 2
47 2
48 7
49 9
50 9
51 3
52 10
53 6
54 9
55 10
56 14
57 5
58 18
59 11
60 11
61 7
62 16
63 8
64 13
65 14
66 16
67 8
68 13
69 14
70 9
71 9
72 13
73 9
74 9
75 7
76 8
77 7
78 2
79 6
80 1
81 4
82 2
83 0
84 2
85 1
86 1
87 0
88 0
89 1
90 0
91 0
92 0
93 0
94 0
95 0
96 0
97 0
98 0
99 0
100 0
101 0
3
419
