6
656387 670180 72.7273
656387 645334 81.6327
656387 689210 85.7143
656387 654113 70.8333
656387 659274 79.1667
656387 657803 83.3333
0 2
1 0
2 0
3 0
4 0
5 0
6 0
7 0
8 0
9 0
10 1
11 0
12 0
13 0
14 0
15 0
16 0
17 0
18 0
19 1
20 1
21 1
22 0
23 0
24 0
25 1
26 1
27 0
28 1
29 0
30 0
31 2
32 0
33 0
34 1
35 3
36 0
37 0
38 0
39 0
40 1
41 1
42 0
43 1
44 0
45 0
46 0
47 0
48 1
49 0
50 1
51 0
52 0
53 2
54 0
55 2
56 0
57 1
58 0
59 1
60 0
61 0
62 0
63 2
64 0
65 0
66 0
67 0
68 0
69 0
70 0
71 1
72 0
73 1
74 0
75 0
76 0
77 0
78 0
79 0
80 1
81 0
82 1
83 0
84 1
85 0
86 1
87 0
88 0
89 0
90 0
91 0
92 0
93 0
94 0
95 0
96 0
97 0
98 0
99 0
100 0
101 0
0
0
