0
0 0
1 0
2 0
3 0
4 0
5 0
6 0
7 0
8 0
9 0
10 0
11 0
12 0
13 0
14 0
15 0
16 0
17 0
18 0
19 0
20 0
21 0
22 0
23 0
24 0
25 0
26 1
27 0
28 1
29 0
30 1
31 0
32 1
33 2
34 0
35 1
36 2
37 1
38 1
39 1
40 3
41 1
42 3
43 4
44 7
45 10
46 6
47 7
48 9
49 9
50 15
51 5
52 15
53 11
54 13
55 17
56 15
57 8
58 16
59 15
60 14
61 9
62 19
63 12
64 19
65 17
66 16
67 6
68 10
69 11
70 10
71 7
72 11
73 4
74 9
75 6
76 3
77 4
78 1
79 1
80 0
81 1
82 0
83 1
84 0
85 0
86 1
87 1
88 0
89 0
90 0
91 0
92 0
93 0
94 0
95 0
96 0
97 0
98 0
99 0
100 0
101 0
3
554
