97
651330 52350 66.6667
651330 650981 68.1818
651330 657812 69.3878
651330 666530 86.3636
651330 36283 73.913
651330 650608 70
651330 38468 69.5652
651330 630692 73.4694
651330 650616 85.1064
651330 625462 68.0851
651330 627226 68.1818
651330 627066 66.6667
651330 650609 83.3333
651330 371727 82.6087
651330 33832 66.6667
651330 617409 76.5957
651330 616232 72.3404
651330 649436 70.8333
651330 647068 73.4694
651330 625446 88.8889
651330 623701 69.7674
651330 664853 72.7273
651330 609820 83.7209
651330 625412 69.3878
651330 278461 76.5957
651330 624331 73.4694
651330 40725 75.5556
651330 640743 66.6667
651330 651324 100
651330 634171 69.3878
651330 688343 72.7273
651330 69607 69.5652
651330 644432 79.1667
651330 617398 75
651330 125718 72.7273
651330 668362 66.6667
651330 623700 73.4694
651330 666728 93.3333
651330 666432 75
651330 644871 79.1667
651330 1163 69.7674
651330 347504 77.2727
651330 695218 73.913
651330 8774 72.3404
651330 677917 68.1818
651330 649690 77.2727
651330 637646 66.6667
651330 102851 85.1064
651330 43870 75.5556
651330 638641 76.5957
651330 25397 72.3404
651330 650634 66.6667
651330 657818 69.7674
651330 8120 72.3404
651330 41355 71.1111
651330 650211 69.3878
651330 56138 68.0851
651330 54855 77.551
651330 45164 69.5652
651330 26154 73.1707
651330 2738 68.0851
651330 74468 72.7273
651330 615011 68.0851
651330 600388 72.7273
651330 626865 66.6667
651330 294868 78.2609
651330 624987 78.2609
651330 646001 75
651330 623832 76.5957
651330 71439 75
651330 634306 81.6327
651330 666665 68.0851
651330 646438 70.7692
651330 600059 66.6667
651330 74380 72
651330 256 66.6667
651330 62660 68.0851
651330 644932 69.5652
651330 625109 80.8511
651330 73709 76.5957
651330 163661 66.6667
651330 118151 79.1667
651330 631956 76.5957
651330 683369 71.4286
651330 72286 69.3878
651330 623650 70.8333
651330 31976 75.5556
651330 80747 83.7209
651330 649424 66.6667
651330 622636 76.5957
651330 670180 69.7674
651330 645334 66.6667
651330 689210 66.6667
651330 654113 80.8511
651330 645089 72.3404
651330 644333 68.0851
651330 657803 72.3404
0 0
1 0
2 0
3 0
4 0
5 0
6 0
7 1
8 1
9 1
10 0
11 1
12 0
13 0
14 3
15 1
16 1
17 1
18 2
19 5
20 3
21 1
22 0
23 6
24 3
25 4
26 5
27 9
28 6
29 1
30 3
31 1
32 6
33 6
34 5
35 9
36 2
37 2
38 2
39 4
40 12
41 6
42 9
43 5
44 5
45 11
46 5
47 9
48 10
49 9
50 8
51 1
52 5
53 6
54 10
55 13
56 5
57 4
58 6
59 5
60 8
61 10
62 10
63 16
64 18
65 2
66 12
67 14
68 0
69 10
70 14
71 3
72 3
73 11
74 7
75 4
76 3
77 7
78 3
79 2
80 3
81 2
82 1
83 1
84 3
85 0
86 2
87 1
88 0
89 1
90 0
91 0
92 0
93 0
94 1
95 0
96 0
97 0
98 0
99 0
100 0
101 1
4
877
