52
626496 685583 65.4321
626496 65856 78.8462
626496 642654 71.7703
626496 665356 78.3626
626496 58058 77.8281
626496 662427 69.1358
626496 670887 60.8997
626496 673653 80.543
626496 697671 87.7005
626496 623310 78.6667
626496 668535 67.7291
626496 631567 76.4977
626496 636589 78.1116
626496 79589 72.8261
626496 700288 91.0995
626496 700357 83.7438
626496 665535 81.9277
626496 699497 71.0938
626496 318534 66.6667
626496 680411 81.8182
626496 698506 74.2857
626496 648540 78.6026
626496 694755 66.1972
626496 622229 76.0563
626496 34929 84.375
626496 673317 80.9756
626496 684694 63.4146
626496 632485 76.0563
626496 663417 75
626496 47770 75.3363
626496 664893 83.6538
626496 78743 79.2271
626496 78741 77.8325
626496 638583 76.4398
626496 641626 63.8889
626496 634555 71.6981
626496 638365 77.7202
626496 680416 80.4124
626496 624575 62.8571
626496 642655 70.1422
626496 664892 85.2941
626496 701201 77.6471
626496 65849 76.4151
626496 639779 69.1358
626496 681679 61.3139
626496 697598 61.9718
626496 682700 67.8788
626496 647977 64.0927
626496 34931 77.8846
626496 700290 92.228
626496 649971 79.4702
626496 645793 68.5259
0 3
1 0
2 1
3 0
4 4
5 1
6 5
7 0
8 3
9 1
10 3
11 4
12 13
13 8
14 4
15 19
16 14
17 12
18 6
19 13
20 12
21 6
22 17
23 16
24 20
25 18
26 9
27 9
28 16
29 12
30 12
31 9
32 16
33 4
34 18
35 4
36 9
37 9
38 8
39 5
40 4
41 3
42 6
43 3
44 7
45 5
46 3
47 2
48 3
49 0
50 2
51 1
52 0
53 0
54 1
55 1
56 1
57 1
58 1
59 0
60 0
61 1
62 2
63 1
64 2
65 1
66 1
67 2
68 2
69 1
70 2
71 1
72 3
73 1
74 0
75 2
76 1
77 5
78 5
79 5
80 2
81 3
82 2
83 0
84 2
85 1
86 1
87 0
88 1
89 0
90 0
91 0
92 1
93 1
94 0
95 0
96 0
97 0
98 0
99 0
100 0
101 0
8
946
