0
0 0
1 0
2 0
3 0
4 0
5 0
6 0
7 0
8 0
9 0
10 0
11 0
12 0
13 0
14 0
15 0
16 0
17 0
18 0
19 0
20 0
21 0
22 0
23 0
24 0
25 0
26 1
27 0
28 0
29 0
30 0
31 0
32 0
33 0
34 0
35 0
36 0
37 1
38 1
39 0
40 0
41 0
42 0
43 2
44 3
45 2
46 2
47 2
48 3
49 2
50 4
51 2
52 6
53 10
54 6
55 11
56 11
57 7
58 9
59 18
60 11
61 6
62 9
63 19
64 19
65 16
66 26
67 16
68 23
69 25
70 16
71 20
72 19
73 18
74 10
75 23
76 14
77 13
78 15
79 12
80 4
81 6
82 8
83 5
84 5
85 5
86 1
87 1
88 5
89 2
90 1
91 0
92 0
93 0
94 0
95 0
96 0
97 0
98 0
99 0
100 0
101 0
4
856
