18
659327 680416 68.8372
659327 654262 98.2456
659327 693165 68.1818
659327 673654 71.5447
659327 699497 74.3682
659327 47761 66.0944
659327 674897 67.4286
659327 636589 69.2913
659327 626496 83.7438
659327 623310 67.8363
659327 700290 77.5701
659327 698623 83.7736
659327 650898 83.1169
659327 9168 68.8889
659327 640323 72.6368
659327 527017 84.4262
659327 665356 67.7083
659327 662283 67.7165
0 0
1 0
2 1
3 0
4 3
5 6
6 0
7 5
8 5
9 1
10 7
11 11
12 4
13 16
14 13
15 11
16 13
17 15
18 13
19 19
20 20
21 19
22 11
23 14
24 12
25 21
26 14
27 12
28 25
29 19
30 24
31 9
32 8
33 16
34 9
35 7
36 5
37 5
38 3
39 4
40 2
41 1
42 3
43 0
44 3
45 0
46 0
47 1
48 0
49 1
50 1
51 1
52 1
53 0
54 2
55 6
56 3
57 3
58 7
59 1
60 6
61 4
62 4
63 1
64 8
65 1
66 3
67 1
68 4
69 3
70 1
71 0
72 1
73 1
74 0
75 1
76 0
77 0
78 1
79 0
80 0
81 0
82 0
83 0
84 3
85 1
86 0
87 0
88 0
89 0
90 0
91 0
92 0
93 0
94 0
95 0
96 0
97 0
98 0
99 1
100 0
101 0
11
1220
