269
675215 664970 61.1111
675215 38243 85
675215 326397 72.7273
675215 263770 87.8049
675215 685799 68.1818
675215 82804 80.9524
675215 15130 76.1905
675215 690586 81.8182
675215 616811 95.4545
675215 640230 66.6667
675215 64800 86.9565
675215 634470 80
675215 632227 68.4211
675215 647646 61.2903
675215 684074 72.7273
675215 680708 68.4211
675215 676172 86.3636
675215 672960 68.2927
675215 69587 84.4444
675215 625028 83.3333
675215 58511 78.9474
675215 84552 69.7674
675215 326651 68.1818
675215 633553 62.2222
675215 680831 71.7949
675215 651324 62.2222
675215 98431 85
675215 664941 61.5385
675215 122381 73.6842
675215 154880 95.2381
675215 57598 66.6667
675215 641698 63.6364
675215 39362 65.2174
675215 637646 63.3333
675215 122640 60.4651
675215 661471 80
675215 683892 86.3636
675215 55456 80
675215 135284 71.7949
675215 651735 65.2174
675215 174620 75
675215 38255 73.913
675215 677915 75.6757
675215 131312 83.3333
675215 56148 81.8182
675215 295156 61.5385
675215 752 68.1818
675215 45410 64.5161
675215 677916 80
675215 622644 84.4444
675215 669986 73.1707
675215 663952 80
675215 632919 66.6667
675215 602880 75.5556
675215 692011 81.8182
675215 646162 66.6667
675215 641530 62.5
675215 680466 78.0488
675215 102623 90.4762
675215 75516 85.7143
675215 686664 74.4186
675215 660053 86.3636
675215 71320 71.4286
675215 683722 64.8649
675215 63911 68.1818
675215 686663 65.1163
675215 58895 74.4186
675215 26154 73.6842
675215 649441 71.1111
675215 59727 89.4737
675215 66479 70.2703
675215 695218 69.7674
675215 640902 72
675215 30723 78.0488
675215 664269 73.1707
675215 694951 78.0488
675215 663936 75.5556
675215 762 61.1111
675215 667749 78.0488
675215 636946 62.2222
675215 7967 71.4286
675215 364989 75
675215 63599 80
675215 693424 61.5385
675215 6396 75.5556
675215 71439 88.8889
675215 405084 65.2174
675215 19911 65.1163
675215 339497 78.9474
675215 625027 95
675215 40593 61.5385
675215 690574 77.2727
675215 628102 73.913
675215 29232 78.0488
675215 13687 79.0698
675215 680482 80.9524
675215 609819 70
675215 613239 68.1818
675215 628495 74.0741
675215 103998 69.7674
675215 86939 87.8049
675215 18894 80
675215 278175 87.8049
675215 663927 86.3636
675215 691259 65.5738
675215 187521 60.4651
675215 662782 66.6667
675215 207835 83.7209
675215 18255 70.2703
675215 700591 63.4921
675215 409127 79.0698
675215 125185 80
675215 626433 63.4146
675215 634163 71.4286
675215 627222 80.9524
675215 675278 77.2727
675215 639683 73.913
675215 649096 90.9091
675215 642604 80
675215 684035 68.2927
675215 658818 80
675215 670237 80
675215 105373 68.2927
675215 694315 71.4286
675215 1026 71.7949
675215 627082 72.7273
675215 646232 77.2727
675215 95102 65.1163
675215 4867 60.8696
675215 636942 62.2222
675215 683725 66.6667
675215 630262 60.8696
675215 662773 73.6842
675215 646166 75
675215 681101 87.1795
675215 521887 78.0488
675215 648928 85.7143
675215 666115 66.6667
675215 1118 63.1579
675215 97327 74.4186
675215 632917 82.9268
675215 667941 79.0698
675215 617627 68.75
675215 611783 82.6087
675215 674195 74.4186
675215 663549 90.9091
675215 648929 81.8182
675215 635820 66.6667
675215 48226 61.1111
675215 643484 73.1707
675215 348706 65.1163
675215 282037 71.7949
675215 202930 66.6667
675215 3124 71.7949
675215 160451 86.3636
675215 62009 80
675215 4771 73.1707
675215 644333 81.8182
675215 295435 66.6667
675215 19984 61.9048
675215 78998 60
675215 58978 82.0513
675215 70868 81.8182
675215 327982 68.4211
675215 634220 81.8182
675215 624051 72.3404
675215 634775 90.9091
675215 27116 63.1579
675215 82807 80.9524
675215 683723 78.0488
675215 60549 86.3636
675215 79016 86.3636
675215 670091 85
675215 617633 65.1163
675215 2775 79.0698
675215 646159 65.1163
675215 609820 70
675215 295302 63.4921
675215 667246 74.4186
675215 643487 81.8182
675215 180816 65
675215 619147 82.6087
675215 636326 66.6667
675215 672019 74.4186
675215 657843 69.5652
675215 331770 65.1163
675215 639767 65.4545
675215 622661 72.7273
675215 79006 78.0488
675215 264039 77.2727
675215 66688 93.0233
675215 285113 63.4146
675215 684038 79.0698
675215 634581 78.2609
675215 34765 90.9091
675215 649097 60.8696
675215 680494 77.2727
675215 13009 69.7674
675215 56285 87.8049
675215 100139 63.1579
675215 649092 65.1163
675215 147110 75.5556
675215 627011 73.1707
675215 634156 87.8049
675215 699206 79.0698
675215 65007 77.2727
675215 636947 62.2222
675215 638603 63.1579
675215 87254 66.6667
675215 615011 68.1818
675215 638636 82.0513
675215 625239 80
675215 627367 63.6364
675215 119877 74.4186
675215 685783 93.0233
675215 686667 83.7209
675215 615299 62.2222
675215 637643 63.6364
675215 677917 82.9268
675215 749 77.2727
675215 55459 84.4444
675215 163501 69.7674
675215 327445 60
675215 66069 73.913
675215 634615 80.9524
675215 632913 80
675215 81549 68.4211
675215 644871 66.6667
675215 79707 80
675215 65987 71.7949
675215 649424 66.6667
675215 51337 80
675215 647527 72.2222
675215 663914 79.0698
675215 57884 68.1818
675215 56470 68.1818
675215 632386 69.5652
675215 627370 76.1905
675215 75707 65.2174
675215 75518 85
675215 632918 83.7209
675215 612049 70.1754
675215 25397 77.2727
675215 41355 66.6667
675215 663947 81.8182
675215 270531 76.9231
675215 25413 78.2609
675215 636086 66.6667
675215 665282 90.9091
675215 26540 68.2927
675215 60188 80
675215 602913 77.2727
675215 79008 72.7273
675215 131090 77.2727
675215 1895 62.8571
675215 646438 61.2903
675215 177951 76.1905
675215 625813 80
675215 192626 63.1579
675215 627066 66.6667
675215 641697 63.6364
675215 679283 66.6667
675215 3609 61.5385
675215 617628 66.6667
675215 45956 62.8571
675215 653051 80.9524
675215 630639 66.6667
675215 663935 82.9268
675215 404698 73.1707
0 2
1 0
2 0
3 0
4 0
5 0
6 0
7 0
8 1
9 0
10 1
11 0
12 0
13 0
14 1
15 1
16 1
17 0
18 2
19 2
20 4
21 0
22 2
23 3
24 1
25 2
26 0
27 3
28 4
29 7
30 7
31 4
32 4
33 2
34 2
35 3
36 2
37 1
38 1
39 1
40 4
41 1
42 2
43 8
44 7
45 8
46 8
47 2
48 8
49 2
50 10
51 0
52 8
53 17
54 14
55 14
56 13
57 4
58 24
59 6
60 11
61 5
62 11
63 9
64 14
65 3
66 14
67 20
68 0
69 17
70 9
71 3
72 12
73 7
74 13
75 11
76 5
77 4
78 10
79 12
80 25
81 6
82 9
83 7
84 5
85 7
86 2
87 8
88 6
89 1
90 1
91 6
92 0
93 0
94 2
95 1
96 2
97 0
98 0
99 0
100 0
101 0
5
1279
