4
150014 7296 78.5714
150014 16561 72.7273
150014 8957 60.8696
150014 401544 64
0 5
1 0
2 0
3 0
4 0
5 1
6 13
7 10
8 6
9 1
10 5
11 20
12 30
13 19
14 25
15 10
16 11
17 27
18 33
19 28
20 18
21 10
22 17
23 41
24 20
25 22
26 4
27 3
28 18
29 15
30 8
31 11
32 13
33 2
34 7
35 5
36 6
37 3
38 4
39 2
40 1
41 0
42 1
43 1
44 2
45 0
46 0
47 0
48 0
49 3
50 3
51 0
52 2
53 1
54 1
55 2
56 5
57 0
58 0
59 1
60 3
61 1
62 0
63 0
64 1
65 0
66 0
67 0
68 0
69 0
70 0
71 0
72 0
73 1
74 0
75 0
76 0
77 0
78 0
79 1
80 0
81 0
82 0
83 0
84 0
85 0
86 0
87 0
88 0
89 0
90 0
91 0
92 0
93 0
94 0
95 0
96 0
97 0
98 0
99 0
100 0
101 0
5
1284
