50
625648 625659 72.7273
625648 665282 71.875
625648 677276 66.6667
625648 695625 79.4521
625648 636661 68.2353
625648 133683 68.75
625648 617629 68.75
625648 625421 71.875
625648 345650 68.75
625648 693097 74.4186
625648 700591 74.6988
625648 657812 66.6667
625648 691259 76.5432
625648 371727 69.8413
625648 617409 71.875
625648 149987 66.6667
625648 697780 71.1111
625648 629118 66.6667
625648 634171 66.6667
625648 635034 86.8421
625648 57548 67.6923
625648 644432 67.6923
625648 643470 68.75
625648 644871 67.6923
625648 685303 66.6667
625648 695218 66.6667
625648 629374 73.8462
625648 637646 77.5
625648 102851 68.75
625648 629424 75.7576
625648 699339 72.7273
625648 679825 67.5325
625648 633810 69.8795
625648 4935 66.6667
625648 66069 66.6667
625648 646441 75
625648 662427 66.0714
625648 643487 68.75
625648 620753 77.7778
625648 71439 67.6923
625648 634306 72.7273
625648 646438 78.0488
625648 163661 81.0811
625648 700590 72.9412
625648 639709 66.6667
625648 66688 66.6667
625648 344522 68.75
625648 645089 68.75
625648 644333 71.875
625648 646443 75
0 2
1 0
2 0
3 0
4 0
5 0
6 0
7 0
8 0
9 1
10 1
11 0
12 2
13 0
14 1
15 3
16 0
17 1
18 1
19 1
20 0
21 0
22 0
23 3
24 1
25 1
26 3
27 1
28 1
29 2
30 6
31 0
32 2
33 5
34 8
35 5
36 12
37 6
38 10
39 6
40 6
41 8
42 4
43 11
44 6
45 18
46 11
47 11
48 7
49 10
50 18
51 2
52 15
53 16
54 33
55 15
56 15
57 19
58 22
59 31
60 30
61 14
62 20
63 27
64 19
65 10
66 16
67 12
68 5
69 9
70 2
71 0
72 5
73 4
74 1
75 4
76 1
77 1
78 2
79 1
80 1
81 0
82 1
83 0
84 0
85 0
86 0
87 1
88 0
89 0
90 0
91 0
92 0
93 0
94 0
95 0
96 0
97 0
98 0
99 0
100 0
101 0
7
1598
