0
0 0
1 0
2 0
3 0
4 0
5 0
6 0
7 0
8 0
9 0
10 0
11 0
12 0
13 0
14 0
15 0
16 0
17 0
18 0
19 0
20 0
21 0
22 0
23 0
24 0
25 0
26 0
27 0
28 0
29 1
30 0
31 1
32 1
33 0
34 1
35 2
36 5
37 0
38 2
39 1
40 1
41 0
42 2
43 6
44 1
45 4
46 6
47 3
48 4
49 8
50 11
51 11
52 15
53 10
54 11
55 19
56 7
57 14
58 19
59 21
60 18
61 17
62 20
63 20
64 24
65 24
66 22
67 15
68 14
69 24
70 24
71 22
72 22
73 19
74 12
75 15
76 11
77 13
78 15
79 3
80 3
81 2
82 4
83 3
84 3
85 1
86 2
87 0
88 0
89 1
90 0
91 0
92 0
93 0
94 0
95 0
96 0
97 0
98 0
99 0
100 0
101 0
5
1234
