0
0 0
1 0
2 0
3 0
4 0
5 0
6 0
7 0
8 0
9 0
10 0
11 0
12 0
13 0
14 0
15 0
16 0
17 1
18 0
19 0
20 0
21 0
22 1
23 0
24 0
25 0
26 0
27 2
28 3
29 2
30 3
31 1
32 1
33 2
34 5
35 7
36 4
37 7
38 11
39 8
40 10
41 12
42 9
43 10
44 12
45 11
46 9
47 15
48 13
49 18
50 20
51 9
52 27
53 21
54 21
55 16
56 11
57 16
58 20
59 23
60 16
61 11
62 20
63 24
64 11
65 11
66 12
67 13
68 8
69 12
70 4
71 14
72 15
73 6
74 0
75 7
76 3
77 4
78 1
79 4
80 1
81 0
82 0
83 1
84 1
85 0
86 2
87 1
88 0
89 0
90 0
91 0
92 0
93 0
94 0
95 0
96 0
97 0
98 0
99 0
100 0
101 0
5
1249
