128
648400 50848 85.4167
648400 5015 63.2258
648400 666432 61.5385
648400 676419 83.4951
648400 73248 60.7595
648400 628244 65
648400 641039 69.3878
648400 647644 71.2871
648400 698554 73.913
648400 690393 76.087
648400 663585 61.5385
648400 687813 80
648400 662831 75.7576
648400 624231 70.3297
648400 657733 81.6
648400 665357 82.6446
648400 651218 61.5385
648400 34934 61.0778
648400 70804 84.2975
648400 699349 87.931
648400 660373 84.8
648400 47764 62.4277
648400 647976 60.1156
648400 627708 73.1183
648400 647019 80.8081
648400 662830 82.0513
648400 640230 61.5385
648400 647646 67.3684
648400 625483 80.4124
648400 666386 85.4167
648400 682699 82.6446
648400 640890 68.2927
648400 628996 63.2911
648400 648352 84.6154
648400 78748 61.7143
648400 664941 79.5918
648400 694557 83.8095
648400 641698 68.6869
648400 39362 60.7595
648400 685583 75.2
648400 637646 68.8172
648400 65856 61.9883
648400 83653 61.5385
648400 673997 82.5688
648400 622644 61.5385
648400 656393 60.7595
648400 642654 60.4651
648400 645124 86.8687
648400 676949 80.4124
648400 665356 74.6269
648400 641530 82.4742
648400 662427 80
648400 649441 61.5385
648400 640902 69.8795
648400 641654 85.1485
648400 697671 65.3333
648400 623310 72.5664
648400 636946 61.5385
648400 71439 61.5385
648400 405084 63.2911
648400 663576 61.5385
648400 645098 80.8511
648400 681170 87.037
648400 628102 63.2911
648400 666436 61.5385
648400 628495 71.2644
648400 668859 83.1683
648400 79589 72.1088
648400 691259 76.5957
648400 614939 90.1961
648400 636661 83.6735
648400 700591 79.1667
648400 636118 63.2911
648400 665535 65.1163
648400 642604 61.5385
648400 318534 76.3359
648400 636942 61.5385
648400 625468 63.2911
648400 680411 63.354
648400 625482 80.4124
648400 666115 83.3333
648400 694755 81.9048
648400 638581 83.6735
648400 34929 63.2258
648400 673317 64.2857
648400 684694 80.315
648400 632485 60.2273
648400 663417 71.9424
648400 619377 66.6667
648400 624051 65
648400 633900 60.7595
648400 295302 79.1667
648400 78743 63.5294
648400 78741 62.6506
648400 657843 63.2911
648400 638583 66.2338
648400 639767 70.4545
648400 641626 82.243
648400 667950 75.7895
648400 638365 66.6667
648400 147110 61.5385
648400 680416 64.9682
648400 636947 61.5385
648400 649427 61.5385
648400 624575 83.4951
648400 668856 80.8081
648400 664892 61.0778
648400 701201 72.1805
648400 637643 68.6869
648400 56357 68.2927
648400 624003 61.5385
648400 639779 70.4
648400 644871 61.5385
648400 649424 61.5385
648400 681679 86
648400 697598 91.4286
648400 682700 79.6875
648400 632386 63.2911
648400 638521 83.1683
648400 612049 73.3333
648400 649044 61.5385
648400 633810 85.4167
648400 646438 67.3684
648400 615985 83.1683
648400 649971 71.9298
648400 641697 68.6869
648400 64057 87.3786
648400 617628 61.5385
0 2
1 0
2 0
3 0
4 0
5 0
6 0
7 1
8 0
9 2
10 0
11 0
12 0
13 0
14 0
15 0
16 0
17 0
18 2
19 1
20 1
21 1
22 1
23 2
24 1
25 5
26 0
27 4
28 1
29 6
30 3
31 2
32 4
33 4
34 6
35 6
36 3
37 9
38 6
39 9
40 9
41 6
42 11
43 8
44 11
45 11
46 27
47 14
48 24
49 11
50 32
51 12
52 19
53 16
54 16
55 18
56 32
57 15
58 25
59 17
60 21
61 7
62 25
63 2
64 11
65 4
66 2
67 3
68 2
69 6
70 2
71 3
72 4
73 3
74 3
75 1
76 3
77 3
78 0
79 0
80 6
81 7
82 2
83 6
84 9
85 3
86 5
87 1
88 3
89 0
90 0
91 1
92 1
93 0
94 0
95 0
96 0
97 0
98 0
99 0
100 0
101 0
8
1672
