82
634552 654114 75
634552 646210 72
634552 103998 68.0851
634552 656391 66.6667
634552 633174 66.6667
634552 661128 68
634552 63911 70.8333
634552 633868 69.5652
634552 624535 68
634552 665122 70.8333
634552 220327 72.3404
634552 656390 68
634552 98436 68.0851
634552 378242 75.5556
634552 4971 71.1111
634552 622145 73.4694
634552 657805 77.2727
634552 637821 68.1818
634552 650034 70.8333
634552 623992 77.551
634552 651330 73.4694
634552 650981 80
634552 666530 66.6667
634552 86080 79.1667
634552 641165 72
634552 650616 79.1667
634552 625462 70.8333
634552 657836 70.8333
634552 108408 67.6923
634552 647068 72
634552 625446 69.5652
634552 672019 68.0851
634552 609820 68.1818
634552 194315 72.3404
634552 660640 66.6667
634552 625412 76
634552 624331 68
634552 651324 73.4694
634552 241113 75
634552 69607 68.0851
634552 125718 66.6667
634552 634249 73.4694
634552 666728 69.5652
634552 666432 73.4694
634552 347504 66.6667
634552 649428 69.3878
634552 102851 66.6667
634552 174612 82.6087
634552 43870 69.5652
634552 638641 70.8333
634552 650634 69.5652
634552 624162 72
634552 649425 69.3878
634552 56138 70.8333
634552 54855 68
634552 2738 87.5
634552 629267 71.875
634552 656400 68
634552 646001 69.3878
634552 640890 67.9245
634552 649427 69.3878
634552 650641 66.6667
634552 60698 79.0698
634552 74380 70.5882
634552 62660 70.8333
634552 84552 72.3404
634552 644932 68.0851
634552 670179 81.8182
634552 631956 70.8333
634552 659342 68
634552 623650 69.3878
634552 31976 73.913
634552 80747 68.1818
634552 649424 69.3878
634552 656387 68
634552 670180 81.8182
634552 645334 69.3878
634552 689210 73.4694
634552 654113 66.6667
634552 659274 66.6667
634552 657803 75
634552 624231 67.7419
0 2
1 0
2 0
3 0
4 0
5 1
6 2
7 1
8 1
9 0
10 1
11 1
12 1
13 0
14 4
15 1
16 0
17 2
18 2
19 1
20 4
21 1
22 1
23 4
24 2
25 4
26 3
27 3
28 7
29 8
30 13
31 6
32 9
33 7
34 5
35 19
36 8
37 5
38 12
39 9
40 21
41 7
42 8
43 13
44 11
45 6
46 14
47 9
48 20
49 11
50 15
51 2
52 13
53 12
54 13
55 22
56 25
57 11
58 23
59 9
60 14
61 4
62 9
63 17
64 13
65 1
66 15
67 10
68 11
69 8
70 12
71 10
72 6
73 3
74 7
75 3
76 2
77 0
78 2
79 0
80 4
81 0
82 2
83 1
84 0
85 0
86 0
87 0
88 1
89 0
90 0
91 0
92 0
93 0
94 0
95 0
96 0
97 0
98 0
99 0
100 0
101 0
6
1735
