221
691995 637493 84.0909
691995 625487 83.3333
691995 689210 73.8462
691995 627226 62.2951
691995 657803 71.875
691995 629474 61.2903
691995 43798 70.7692
691995 631630 73.8462
691995 671055 66.0714
691995 670179 63.3333
691995 651018 67.2269
691995 637642 62.7907
691995 672441 61.2903
691995 20985 61.0169
691995 650616 65.625
691995 633879 62.5
691995 601362 63.6364
691995 670365 65.3061
691995 648400 82.1053
691995 50848 86.747
691995 666432 64.6154
691995 676419 77.7778
691995 663915 61.5385
691995 364202 61.2903
691995 627436 65.5738
691995 73248 69.697
691995 628244 77.6119
691995 677516 66.6667
691995 647644 65.9091
691995 29851 64.5161
691995 698554 64
691995 278461 68.75
691995 624163 65.625
691995 690393 65.8228
691995 668362 61.0169
691995 663585 64.6154
691995 623832 62.5
691995 687813 73.5632
691995 662831 62.1849
691995 624231 79.4872
691995 657733 66.0714
691995 665357 68.5185
691995 657836 71.875
691995 696224 63.3333
691995 651218 70.7692
691995 657805 63.3333
691995 70804 66.6667
691995 699349 75.7282
691995 660373 71.4286
691995 38243 63.3333
691995 627708 82.5
691995 647019 88.3721
691995 662830 69.2308
691995 640230 64.6154
691995 634470 64.6154
691995 647646 63.4146
691995 625483 83.3333
691995 684074 62.5
691995 666386 79.5181
691995 682699 66.6667
691995 672960 65.5738
691995 640890 81.1594
691995 628996 75.7576
691995 648352 85.7143
691995 650634 61.2903
691995 624162 63.6364
691995 670148 65.625
691995 84552 69.8413
691995 651324 61.5385
691995 664941 70.5882
691995 311941 65.5738
691995 694557 80.4348
691995 625186 69.697
691995 641698 62.7907
691995 39362 75.7576
691995 685583 64.2857
691995 637646 65
691995 122640 63.4921
691995 683892 62.5
691995 83653 73.8462
691995 625464 67.7419
691995 174620 63.3333
691995 673997 81.25
691995 295156 61.0169
691995 638129 66.6667
691995 622644 61.5385
691995 656393 72.7273
691995 645124 86.0465
691995 676949 83.3333
691995 665356 61.157
691995 641530 78.5714
691995 660053 62.5
691995 71320 61.2903
691995 63911 71.875
691995 58895 66.6667
691995 662427 66.0714
691995 649441 61.5385
691995 640902 77.1429
691995 641654 84.0909
691995 623310 64
691995 638174 67.6923
691995 663936 64.6154
691995 636946 73.8462
691995 630076 71.6418
691995 71439 61.5385
691995 405084 69.697
691995 663576 73.8462
691995 645098 86.4198
691995 681170 84.2105
691995 628102 66.6667
691995 666436 67.6923
691995 609819 60
691995 625064 71.875
691995 628495 62.1622
691995 667470 69.8413
691995 668859 86.3636
691995 41554 66.6667
691995 691259 76.5432
691995 614939 78.6517
691995 662782 61.0169
691995 636661 77.6471
691995 700591 79.5181
691995 86080 68.75
691995 624006 63.4921
691995 636118 75.7576
691995 634163 61.2903
691995 627222 61.2903
691995 639683 69.697
691995 649096 62.5
691995 642604 64.6154
691995 105373 62.2951
691995 694315 61.2903
691995 1026 61.0169
691995 646232 65.625
691995 10121 68.75
691995 4867 63.6364
691995 58104 68.75
691995 667276 69.8413
691995 318534 62.7119
691995 636942 73.8462
691995 625468 75.7576
691995 630262 66.6667
691995 646166 60
691995 625482 83.3333
691995 521887 65.5738
691995 666115 81.9277
691995 644932 60.3175
691995 694755 76.087
691995 55876 65.625
691995 674195 66.6667
691995 648929 65.625
691995 638581 77.6471
691995 348706 60.3175
691995 62009 64.6154
691995 636929 63.4921
691995 684694 64.9123
691995 19984 67.7419
691995 603977 61.2903
691995 624051 68.6567
691995 633900 63.6364
691995 2775 60.3175
691995 646159 66.6667
691995 609820 60
691995 295302 74.6988
691995 631808 61.2903
691995 619147 60.6061
691995 636326 67.7419
691995 672019 63.4921
691995 657843 69.697
691995 331770 63.4921
691995 639767 77.3333
691995 646207 71.875
691995 641626 78.7234
691995 667950 82.9268
691995 285113 62.2951
691995 649097 69.697
691995 680494 65.625
691995 649092 60.3175
691995 147110 67.6923
691995 699206 66.6667
691995 636947 73.8462
691995 609248 63.4921
691995 649427 73.8462
691995 624575 77.7778
691995 615011 71.875
691995 668856 88.3721
691995 119877 60.3175
691995 701201 60
691995 637643 62.7907
691995 56357 75.3623
691995 624003 67.6923
691995 327445 60
691995 66069 69.697
691995 639779 64.2857
691995 644871 67.6923
691995 79707 63.3333
691995 649424 73.8462
691995 681679 80.4598
691995 697598 78.2609
691995 682700 62.6087
691995 663914 60.3175
691995 56470 65.625
691995 632386 66.6667
691995 638521 86.3636
691995 75707 69.697
691995 612049 62.3377
691995 140121 62.5
691995 25397 71.875
691995 649044 64.6154
691995 636086 64.6154
691995 633810 79.5181
691995 131090 71.875
691995 646438 63.4146
691995 615985 84.0909
691995 627066 61.2903
691995 649971 63.3663
691995 641697 62.7907
691995 64057 82.2222
691995 617628 70.7692
691995 617406 64.6154
691995 628979 61.5385
0 3
1 0
2 0
3 0
4 0
5 0
6 0
7 1
8 0
9 1
10 1
11 0
12 0
13 0
14 0
15 0
16 0
17 1
18 0
19 1
20 0
21 1
22 1
23 2
24 3
25 0
26 1
27 3
28 2
29 4
30 0
31 1
32 2
33 4
34 8
35 5
36 11
37 5
38 8
39 5
40 13
41 8
42 13
43 6
44 10
45 19
46 16
47 16
48 14
49 15
50 33
51 18
52 16
53 22
54 18
55 18
56 11
57 16
58 20
59 19
60 17
61 7
62 23
63 19
64 21
65 15
66 15
67 15
68 9
69 6
70 12
71 4
72 10
73 1
74 10
75 1
76 6
77 2
78 7
79 4
80 4
81 2
82 3
83 4
84 4
85 4
86 1
87 5
88 0
89 2
90 0
91 0
92 0
93 0
94 0
95 0
96 0
97 0
98 0
99 0
100 0
101 0
8
2118
