249
623636 663571 78.2609
623636 45164 72.7273
623636 326172 74.4186
623636 8774 80
623636 646001 65.2174
623636 697384 69.7674
623636 689210 73.913
623636 627226 66.6667
623636 657803 75.5556
623636 629474 88.3721
623636 136135 90.9091
623636 667247 72.7273
623636 634293 66.6667
623636 631630 73.913
623636 191990 77.2727
623636 63862 88.8889
623636 670179 73.1707
623636 634151 81.0811
623636 676713 66.6667
623636 63055 66.6667
623636 672441 65.1163
623636 624961 75.5556
623636 20985 65
623636 650616 84.4444
623636 633879 88.8889
623636 6365 70.2703
623636 601362 63.8298
623636 666432 86.9565
623636 663915 65.2174
623636 364202 83.7209
623636 662187 86.3636
623636 627436 80.9524
623636 628244 70.8333
623636 677516 72.7273
623636 647644 63.7681
623636 57548 65.2174
623636 30724 66.6667
623636 29851 65.1163
623636 644297 73.1707
623636 650608 63.1579
623636 278461 80
623636 624163 62.2222
623636 693434 83.7209
623636 8120 88.8889
623636 690393 66.6667
623636 668362 75
623636 663585 86.9565
623636 623832 71.1111
623636 231338 69.7674
623636 657836 66.6667
623636 696224 68.2927
623636 651218 73.913
623636 650610 90.9091
623636 657805 73.1707
623636 650611 71.4286
623636 629037 81.8182
623636 38243 68.2927
623636 634139 63.4146
623636 616811 62.2222
623636 174612 74.4186
623636 640230 78.2609
623636 634470 78.2609
623636 632227 71.7949
623636 647646 69.8413
623636 672960 71.4286
623636 640890 68
623636 628996 72.3404
623636 650634 69.7674
623636 670148 84.4444
623636 628296 80
623636 84552 72.7273
623636 629038 65.2174
623636 651324 82.6087
623636 98431 63.4146
623636 664941 60.6061
623636 311941 71.4286
623636 57598 70
623636 625186 72.3404
623636 641698 65.6716
623636 637646 65.5738
623636 661471 69.5652
623636 683892 71.1111
623636 118613 65.1163
623636 625464 69.7674
623636 651735 72.3404
623636 174620 73.1707
623636 38255 63.8298
623636 677915 68.4211
623636 131312 64.8649
623636 56148 75.5556
623636 295156 85
623636 638129 76.5957
623636 677916 68.2927
623636 622644 65.2174
623636 669986 61.9048
623636 663952 69.5652
623636 602880 69.5652
623636 102623 65.1163
623636 660053 62.2222
623636 71320 74.4186
623636 63911 66.6667
623636 58895 77.2727
623636 26154 76.9231
623636 649441 82.6087
623636 66479 68.4211
623636 695218 81.8182
623636 30723 66.6667
623636 638174 65.2174
623636 664269 71.4286
623636 694951 61.9048
623636 663936 60.8696
623636 677545 65
623636 693424 90
623636 71439 65.2174
623636 339497 61.5385
623636 174655 65.1163
623636 645098 61.2903
623636 638851 95.2381
623636 29232 66.6667
623636 13687 77.2727
623636 109999 69.7674
623636 680482 60.4651
623636 666436 82.6087
623636 82166 71.4286
623636 609819 78.0488
623636 613239 80
623636 301196 73.1707
623636 625064 66.6667
623636 628495 72.7273
623636 667470 68.1818
623636 631634 68.4211
623636 86939 61.9048
623636 18894 61.1111
623636 278175 66.6667
623636 40725 83.7209
623636 662782 65
623636 18255 68.4211
623636 624960 75.5556
623636 624006 68.1818
623636 636118 63.8298
623636 634163 83.7209
623636 34551 86.9565
623636 639683 63.8298
623636 649096 62.2222
623636 642604 73.913
623636 676712 66.6667
623636 147625 68.4211
623636 642788 84.2105
623636 105373 76.1905
623636 694315 60.4651
623636 1026 80
623636 624331 68.0851
623636 627082 66.6667
623636 95102 77.2727
623636 10121 80
623636 4867 72.3404
623636 58104 80
623636 667276 68.1818
623636 636942 69.5652
623636 625468 72.3404
623636 23609 79.0698
623636 630262 76.5957
623636 662773 66.6667
623636 646166 73.1707
623636 521887 76.1905
623636 1118 66.6667
623636 644932 77.2727
623636 55876 84.4444
623636 674195 72.7273
623636 647355 85.1064
623636 648929 62.2222
623636 348706 77.2727
623636 202930 65
623636 3124 75
623636 62009 69.5652
623636 636929 68.1818
623636 4771 66.6667
623636 644333 66.6667
623636 295435 83.7209
623636 19984 60.4651
623636 603977 69.7674
623636 616278 93.0233
623636 634775 62.2222
623636 60698 65
623636 27116 66.6667
623636 633900 85.1064
623636 617633 63.6364
623636 2775 63.6364
623636 646159 63.6364
623636 609820 78.0488
623636 54128 78.2609
623636 631808 88.3721
623636 619147 63.8298
623636 636326 79.0698
623636 657843 76.5957
623636 294107 82.0513
623636 331770 81.8182
623636 646207 75.5556
623636 617398 82.6087
623636 66688 63.6364
623636 285113 66.6667
623636 34765 62.2222
623636 301199 69.7674
623636 157913 65
623636 147110 65.2174
623636 58580 81.8182
623636 699206 63.6364
623636 638603 61.5385
623636 609248 77.2727
623636 87254 79.0698
623636 615011 66.6667
623636 638636 60
623636 615299 69.5652
623636 193341 60
623636 677917 71.4286
623636 56357 76
623636 163501 68.1818
623636 624003 82.6087
623636 58030 83.3333
623636 66069 63.8298
623636 632913 60.8696
623636 81549 66.6667
623636 644871 82.6087
623636 79707 73.1707
623636 649424 65.2174
623636 2741 69.7674
623636 663914 63.6364
623636 57884 62.2222
623636 56470 84.4444
623636 632386 80.8511
623636 612049 68.9655
623636 140121 80
623636 25397 66.6667
623636 41355 83.7209
623636 649044 86.9565
623636 665282 62.2222
623636 630691 84.4444
623636 131090 66.6667
623636 646438 63.4921
623636 659301 85.1064
623636 15193 83.7209
623636 627066 74.4186
623636 641697 65.6716
623636 620336 71.7949
623636 679283 60.4651
623636 628979 86.9565
623636 663935 61.9048
623636 634241 93.0233
623636 404698 66.6667
0 5
1 0
2 0
3 0
4 0
5 0
6 1
7 0
8 0
9 0
10 1
11 1
12 4
13 0
14 1
15 3
16 1
17 1
18 1
19 5
20 2
21 4
22 7
23 4
24 2
25 5
26 6
27 9
28 7
29 6
30 14
31 4
32 10
33 9
34 4
35 10
36 10
37 5
38 4
39 7
40 22
41 8
42 9
43 2
44 14
45 17
46 2
47 9
48 12
49 13
50 10
51 3
52 6
53 12
54 9
55 16
56 20
57 17
58 24
59 5
60 12
61 7
62 8
63 9
64 17
65 7
66 17
67 25
68 1
69 15
70 16
71 2
72 10
73 11
74 11
75 6
76 6
77 6
78 7
79 6
80 11
81 2
82 5
83 7
84 8
85 7
86 3
87 6
88 0
89 5
90 1
91 2
92 0
93 0
94 2
95 0
96 1
97 0
98 0
99 0
100 0
101 0
7
2217
