0
0 0
1 0
2 0
3 0
4 0
5 0
6 0
7 0
8 0
9 0
10 0
11 0
12 0
13 0
14 0
15 0
16 0
17 0
18 0
19 0
20 0
21 0
22 1
23 0
24 2
25 0
26 0
27 0
28 0
29 0
30 1
31 0
32 2
33 4
34 0
35 2
36 4
37 1
38 3
39 4
40 6
41 0
42 5
43 4
44 7
45 4
46 8
47 10
48 4
49 11
50 15
51 6
52 12
53 8
54 24
55 16
56 16
57 14
58 19
59 23
60 18
61 14
62 20
63 23
64 22
65 13
66 23
67 19
68 17
69 32
70 18
71 18
72 26
73 22
74 24
75 14
76 16
77 14
78 14
79 14
80 15
81 7
82 9
83 5
84 2
85 4
86 3
87 1
88 1
89 1
90 2
91 0
92 0
93 0
94 0
95 0
96 0
97 0
98 0
99 0
100 0
101 0
6
1802
