44
358737 4926 66.6667
358737 382814 66.6667
358737 38231 70
358737 327445 70.2703
358737 30723 68.4211
358737 102624 71.7949
358737 10549 68.2927
358737 42080 74.2857
358737 43030 66.6667
358737 103998 80
358737 659185 66.6667
358737 75518 75.6757
358737 99331 70.2703
358737 640645 66.6667
358737 139785 82.0513
358737 164614 68.4211
358737 684074 68.2927
358737 686466 78.9474
358737 167881 71.7949
358737 81669 73.1707
358737 635968 68.4211
358737 646162 66.6667
358737 651590 66.6667
358737 627066 66.6667
358737 101655 66.6667
358737 664853 68.4211
358737 264039 73.1707
358737 691613 68.4211
358737 668362 66.6667
358737 339497 68.5714
358737 626947 68.5714
358737 56450 66.6667
358737 120309 70.2703
358737 26154 68.5714
358737 663951 68.2927
358737 66069 69.7674
358737 600388 68.4211
358737 667068 70.2703
358737 629494 70
358737 675215 66.6667
358737 43634 70
358737 20121 68.2927
358737 131312 66.6667
358737 102623 66.6667
0 2
1 0
2 0
3 0
4 0
5 0
6 0
7 0
8 0
9 1
10 1
11 0
12 1
13 5
14 2
15 1
16 5
17 2
18 6
19 6
20 3
21 5
22 3
23 3
24 5
25 8
26 6
27 5
28 5
29 3
30 12
31 5
32 3
33 2
34 2
35 3
36 6
37 3
38 3
39 7
40 16
41 0
42 10
43 9
44 5
45 8
46 9
47 14
48 16
49 30
50 17
51 2
52 30
53 35
54 26
55 31
56 26
57 22
58 43
59 31
60 29
61 2
62 33
63 2
64 30
65 26
66 3
67 14
68 0
69 13
70 4
71 4
72 2
73 0
74 2
75 1
76 1
77 0
78 0
79 1
80 1
81 0
82 0
83 1
84 0
85 0
86 0
87 0
88 0
89 0
90 0
91 0
92 0
93 0
94 0
95 0
96 0
97 0
98 0
99 0
100 0
101 0
7
2449
