57
84228 670182 61.1111
84228 664911 72.7273
84228 656986 64.5161
84228 67800 60
84228 637821 76.4706
84228 185355 64.5161
84228 187538 72.2222
84228 6365 60
84228 26249 100
84228 57826 70.5882
84228 7598 100
84228 231338 83.3333
84228 650611 80
84228 174612 72.2222
84228 648306 71.7949
84228 647530 71.4286
84228 628296 60.6061
84228 629038 61.5385
84228 3767 77.7778
84228 8151 61.1111
84228 25855 64.5161
84228 174655 83.3333
84228 109999 83.3333
84228 82166 80
84228 301196 64.7059
84228 48122 93.75
84228 187521 70.2703
84228 147625 70.9677
84228 77071 86.6667
84228 4867 65
84228 240408 81.25
84228 624151 80
84228 3235 86.6667
84228 2788 61.5385
84228 60698 66.6667
84228 633900 60
84228 667524 80
84228 54128 61.5385
84228 10014 81.25
84228 64884 93.75
84228 301199 72.2222
84228 638603 62.5
84228 629716 66.6667
84228 29227 82.7586
84228 193341 60.6061
84228 40252 75
84228 81549 62.5
84228 2741 83.3333
84228 626580 66.6667
84228 140121 68.4211
84228 627175 70.9677
84228 8957 84.6154
84228 51695 100
84228 627066 61.1111
84228 620336 62.5
84228 401544 78.5714
84228 19191 86.6667
0 5
1 0
2 0
3 0
4 0
5 0
6 0
7 1
8 0
9 0
10 1
11 0
12 3
13 1
14 2
15 3
16 6
17 3
18 5
19 5
20 4
21 5
22 9
23 13
24 11
25 23
26 12
27 17
28 19
29 7
30 13
31 13
32 20
33 9
34 11
35 19
36 26
37 34
38 22
39 15
40 18
41 1
42 18
43 28
44 13
45 13
46 17
47 20
48 17
49 32
50 18
51 0
52 22
53 14
54 2
55 12
56 13
57 7
58 5
59 9
60 5
61 2
62 6
63 3
64 0
65 5
66 0
67 3
68 0
69 1
70 0
71 4
72 2
73 4
74 0
75 1
76 0
77 1
78 1
79 1
80 4
81 0
82 2
83 1
84 4
85 1
86 0
87 3
88 0
89 0
90 0
91 0
92 0
93 0
94 2
95 0
96 0
97 0
98 0
99 0
100 0
101 3
7
2450
