221
401553 658980 65.1163
401553 160587 69.7674
401553 38074 68.2927
401553 674552 61.9048
401553 84228 83.3333
401553 84227 70.2703
401553 664911 76.9231
401553 636095 66.6667
401553 641086 70
401553 68955 63.4146
401553 100467 76.9231
401553 682813 63.1579
401553 79447 60.4651
401553 161601 71.4286
401553 34632 66.6667
401553 663571 66.6667
401553 326172 71.4286
401553 684032 61.5385
401553 328820 75.6757
401553 193517 66.6667
401553 60892 66.6667
401553 43285 63.4146
401553 600779 64.8649
401553 67800 66.6667
401553 667247 69.7674
401553 637821 80
401553 624856 70.2703
401553 676713 68.2927
401553 187538 90.4762
401553 672441 61.9048
401553 252044 66.6667
401553 209913 66.6667
401553 634614 61.5385
401553 361456 61.5385
401553 6365 66.6667
401553 292598 60
401553 26249 83.3333
401553 57826 85
401553 57547 68.2927
401553 364202 61.9048
401553 662156 65.1163
401553 57548 71.1111
401553 30724 73.1707
401553 755 61.9048
401553 7598 83.3333
401553 29851 66.6667
401553 644297 65
401553 45463 68.75
401553 668362 61.5385
401553 231338 76.1905
401553 62857 72.2222
401553 696224 70
401553 651218 62.2222
401553 130895 68.2927
401553 627080 71.1111
401553 686665 66.6667
401553 650611 73.1707
401553 150014 60.6061
401553 675215 61.9048
401553 664970 72.2222
401553 38243 65
401553 174612 66.6667
401553 640230 66.6667
401553 64800 65.2174
401553 634470 66.6667
401553 632227 68.4211
401553 648306 62.2222
401553 684074 72.7273
401553 3110 66.6667
401553 69587 66.6667
401553 625028 66.6667
401553 350191 71.4286
401553 647530 70.5882
401553 58511 63.1579
401553 84552 65.1163
401553 680831 66.6667
401553 98431 70
401553 154880 61.9048
401553 57598 71.7949
401553 661471 66.6667
401553 118613 61.9048
401553 55456 66.6667
401553 651735 60.8696
401553 646161 70.5882
401553 38255 69.5652
401553 677915 64.8649
401553 131312 61.1111
401553 56148 68.1818
401553 677916 65
401553 622644 62.2222
401553 663952 66.6667
401553 3767 80.9524
401553 7296 75.6757
401553 602880 71.1111
401553 8151 76.1905
401553 646162 66.6667
401553 680466 68.2927
401553 102623 61.9048
401553 75516 66.6667
401553 686664 74.4186
401553 660053 72.7273
401553 683722 70.2703
401553 686663 69.7674
401553 58895 60.4651
401553 649441 62.2222
401553 695218 60.4651
401553 25855 75.6757
401553 30723 73.1707
401553 664269 68.2927
401553 694951 68.2927
401553 667749 68.2927
401553 348404 64.7059
401553 19911 65.1163
401553 339497 73.6842
401553 625027 65
401553 174655 76.1905
401553 29232 73.1707
401553 13687 69.7674
401553 109999 76.1905
401553 82166 73.1707
401553 613239 63.6364
401553 301196 60
401553 48122 84.2105
401553 103998 69.7674
401553 631634 70.2703
401553 86939 63.4146
401553 18894 62.8571
401553 278175 68.2927
401553 663927 63.6364
401553 187521 88.3721
401553 207835 60.4651
401553 16561 61.9048
401553 409127 60.4651
401553 125185 74.2857
401553 626433 73.1707
401553 634163 61.9048
401553 627222 61.9048
401553 675278 68.1818
401553 642604 62.2222
401553 684035 63.4146
401553 676712 68.2927
401553 147625 64.8649
401553 627082 72.7273
401553 95102 60.4651
401553 77071 83.3333
401553 4867 69.5652
401553 240408 84.2105
401553 683725 72.2222
401553 662773 63.1579
401553 646166 60
401553 624151 73.1707
401553 97327 69.7674
401553 632917 73.1707
401553 667941 69.7674
401553 617627 68.75
401553 674195 60.4651
401553 648929 68.1818
401553 3235 77.7778
401553 62009 62.2222
401553 14787 70.2703
401553 644333 63.6364
401553 295435 61.9048
401553 58978 71.7949
401553 327982 63.1579
401553 634775 63.6364
401553 60698 61.5385
401553 683723 73.1707
401553 667524 82.9268
401553 667246 74.4186
401553 643487 63.6364
401553 672019 60.4651
401553 10014 84.2105
401553 79006 68.2927
401553 66688 60.4651
401553 667950 61.2903
401553 684038 69.7674
401553 64884 84.2105
401553 34765 63.6364
401553 301199 66.6667
401553 56285 68.2927
401553 627011 63.4146
401553 634156 73.1707
401553 699206 74.4186
401553 65007 68.1818
401553 638603 68.4211
401553 629716 82.0513
401553 23272 64.8649
401553 29227 68.5714
401553 72982 61.1111
401553 638636 61.5385
401553 119877 74.4186
401553 685783 65.1163
401553 686667 69.7674
401553 40252 89.4737
401553 677917 63.4146
401553 163501 65.1163
401553 634615 61.9048
401553 81549 68.4211
401553 79707 60
401553 2741 76.1905
401553 51337 65
401553 647527 72.2222
401553 57884 68.1818
401553 632386 60.8696
401553 75518 75
401553 632918 69.7674
401553 140121 63.6364
401553 627175 64.8649
401553 41355 61.9048
401553 270531 66.6667
401553 8957 68.75
401553 51695 83.3333
401553 60188 68.5714
401553 177951 61.9048
401553 625813 62.2222
401553 627066 66.6667
401553 620336 68.4211
401553 401544 76.4706
401553 45956 74.2857
401553 653051 61.9048
401553 19191 72.2222
0 3
1 0
2 0
3 0
4 0
5 0
6 0
7 0
8 0
9 0
10 1
11 1
12 0
13 2
14 1
15 1
16 1
17 1
18 3
19 3
20 2
21 0
22 1
23 3
24 5
25 3
26 2
27 0
28 7
29 7
30 7
31 8
32 5
33 3
34 2
35 13
36 7
37 13
38 6
39 7
40 21
41 12
42 12
43 7
44 8
45 17
46 15
47 16
48 21
49 26
50 24
51 1
52 10
53 34
54 14
55 22
56 11
57 20
58 26
59 10
60 33
61 12
62 25
63 8
64 17
65 11
66 7
67 26
68 0
69 26
70 15
71 7
72 8
73 8
74 11
75 7
76 3
77 8
78 1
79 0
80 1
81 1
82 0
83 2
84 5
85 5
86 0
87 0
88 0
89 1
90 1
91 1
92 0
93 0
94 0
95 0
96 0
97 0
98 0
99 0
100 0
101 0
7
2611
