1
103769 635120 69.2308
0 3
1 0
2 0
3 0
4 3
5 0
6 6
7 4
8 3
9 7
10 8
11 13
12 25
13 12
14 11
15 6
16 12
17 25
18 24
19 15
20 14
21 7
22 12
23 32
24 14
25 29
26 10
27 7
28 44
29 31
30 24
31 17
32 22
33 17
34 25
35 13
36 26
37 23
38 23
39 16
40 20
41 0
42 23
43 10
44 9
45 3
46 15
47 5
48 9
49 5
50 4
51 0
52 2
53 3
54 4
55 2
56 1
57 0
58 3
59 0
60 0
61 1
62 0
63 0
64 0
65 0
66 0
67 0
68 0
69 0
70 1
71 0
72 0
73 0
74 0
75 0
76 0
77 0
78 0
79 0
80 0
81 0
82 0
83 0
84 0
85 0
86 0
87 0
88 0
89 0
90 0
91 0
92 0
93 0
94 0
95 0
96 0
97 0
98 0
99 0
100 0
101 0
7
2672
