306
624535 617316 69.7674
624535 672018 68.0851
624535 8512 85.1064
624535 111920 69.5652
624535 53183 64
624535 658980 63.8298
624535 31976 60.8696
624535 649428 65.3061
624535 404827 60.4651
624535 160587 80.8511
624535 679825 72.1311
624535 646441 61.1111
624535 609696 68.4211
624535 654114 79.1667
624535 670182 82.6087
624535 72288 64
624535 342024 61.9048
624535 636095 85.7143
624535 665553 70.8333
624535 641086 63.6364
624535 68955 75.5556
624535 617409 79.1667
624535 651936 61.9048
624535 631128 72
624535 161601 65.2174
624535 636943 69.3878
624535 34632 69.3878
624535 294731 71.1111
624535 631648 65.3061
624535 623636 85.1064
624535 663571 77.551
624535 650783 70.8333
624535 45164 80.8511
624535 326172 60.8696
624535 656986 63.4146
624535 8774 79.1667
624535 646001 65.3061
624535 697384 69.5652
624535 691995 63.6364
624535 637493 66.6667
624535 689210 73.4694
624535 627226 66.6667
624535 657803 75
624535 629474 82.6087
624535 67800 65
624535 136135 76.5957
624535 667247 68.0851
624535 637821 63.6364
624535 634293 66.6667
624535 631630 73.4694
624535 191990 72.3404
624535 63862 87.5
624535 670179 81.8182
624535 185355 68.2927
624535 637642 62.8571
624535 634151 75
624535 676713 66.6667
624535 63055 62.2222
624535 672441 65.2174
624535 624961 70.8333
624535 20985 65.1163
624535 650616 95.8333
624535 633879 87.5
624535 6365 65
624535 601362 64
624535 648400 60.7595
624535 666432 85.7143
624535 663915 65.3061
624535 364202 78.2609
624535 662187 85.1064
624535 627436 80
624535 73248 64
624535 628244 70.5882
624535 677516 72.3404
624535 647644 61.1111
624535 57548 61.2245
624535 30724 62.2222
624535 29851 73.913
624535 644297 68.1818
624535 278461 75
624535 624163 75
624535 693434 82.6087
624535 8120 87.5
624535 690393 66.6667
624535 668362 69.7674
624535 663585 85.7143
624535 623832 66.6667
624535 687813 70.4225
624535 231338 73.913
624535 624231 64.5161
624535 657836 66.6667
624535 696224 72.7273
624535 651218 73.4694
624535 650610 93.617
624535 657805 72.7273
624535 650611 71.1111
624535 629037 80.8511
624535 38243 63.6364
624535 627708 62.5
624535 174612 82.6087
624535 640230 85.7143
624535 634470 73.4694
624535 632227 66.6667
624535 647646 66.6667
624535 684074 62.5
624535 672960 71.1111
624535 640890 67.9245
624535 628996 72
624535 650634 78.2609
624535 624162 72
624535 670148 83.3333
624535 628296 79.0698
624535 84552 80.8511
624535 629038 73.4694
624535 651324 81.6327
624535 664941 63.7681
624535 311941 84.4444
624535 57598 65.1163
624535 694557 60.5263
624535 625186 84
624535 641698 62.8571
624535 39362 68
624535 637646 68.75
624535 122640 68.0851
624535 661471 65.3061
624535 683892 66.6667
624535 118613 65.2174
624535 625464 69.5652
624535 651735 72
624535 174620 68.1818
624535 38255 64
624535 677915 63.4146
624535 131312 60
624535 56148 70.8333
624535 295156 79.0698
624535 638129 76
624535 677916 63.6364
624535 622644 65.3061
624535 656393 60
624535 663952 65.3061
624535 645124 62.8571
624535 602880 69.3878
624535 660053 66.6667
624535 71320 69.5652
624535 63911 66.6667
624535 58895 72.3404
624535 26154 71.4286
624535 649441 81.6327
624535 66479 63.4146
624535 695218 76.5957
624535 25855 63.4146
624535 30723 62.2222
624535 638174 65.3061
624535 664269 66.6667
624535 663936 61.2245
624535 677545 74.4186
624535 630076 66.6667
624535 693424 83.7209
624535 71439 65.3061
624535 663576 65.3061
624535 174655 69.5652
624535 645098 67.6923
624535 638851 88.8889
624535 29232 62.2222
624535 13687 72.3404
624535 109999 73.913
624535 666436 81.6327
624535 82166 75.5556
624535 609819 72.7273
624535 613239 75
624535 301196 86.3636
624535 625064 79.1667
624535 628495 72.4138
624535 667470 68.0851
624535 48122 61.9048
624535 631634 63.4146
624535 41554 68
624535 278175 62.2222
624535 691259 61.5385
624535 614939 60.274
624535 40725 82.6087
624535 662782 69.7674
624535 18255 63.4146
624535 624960 70.8333
624535 86080 70.8333
624535 624006 68.0851
624535 636118 64
624535 634163 78.2609
624535 627222 60.8696
624535 34551 89.7959
624535 639683 64
624535 649096 62.5
624535 642604 73.4694
624535 676712 66.6667
624535 147625 78.0488
624535 642788 78.0488
624535 105373 71.1111
624535 1026 74.4186
624535 624331 64
624535 627082 62.5
624535 95102 76.5957
624535 10121 79.1667
624535 4867 76
624535 58104 91.6667
624535 667276 80.8511
624535 636942 69.3878
624535 625468 72
624535 23609 78.2609
624535 630262 76
624535 662773 61.9048
624535 646166 68.1818
624535 521887 71.1111
624535 1118 76.1905
624535 624151 66.6667
624535 644932 76.5957
624535 55876 83.3333
624535 674195 68.0851
624535 647355 88
624535 648929 70.8333
624535 635820 61.2245
624535 348706 72.3404
624535 3235 60
624535 202930 60.4651
624535 3124 69.7674
624535 62009 69.3878
624535 4771 62.2222
624535 644333 66.6667
624535 295435 78.2609
624535 19984 60.8696
624535 603977 78.2609
624535 616278 91.3043
624535 624051 66.6667
624535 60698 74.4186
624535 27116 66.6667
624535 633900 96
624535 617633 63.8298
624535 2775 63.8298
624535 646159 72.3404
624535 609820 72.7273
624535 667524 62.2222
624535 54128 85.7143
624535 631808 91.3043
624535 619147 60
624535 636326 78.2609
624535 672019 68.0851
624535 657843 76
624535 294107 80.9524
624535 331770 76.5957
624535 646207 75
624535 617398 81.6327
624535 667950 60.6061
624535 285113 66.6667
624535 64884 61.9048
624535 649097 68
624535 301199 82.6087
624535 157913 74.4186
624535 147110 65.3061
624535 58580 76.5957
624535 699206 72.3404
624535 638603 71.4286
624535 609248 76.5957
624535 87254 73.913
624535 649427 65.3061
624535 615011 66.6667
624535 609695 62.5
624535 119877 68.0851
624535 615299 65.3061
624535 193341 69.7674
624535 637643 62.8571
624535 677917 66.6667
624535 56357 75.4717
624535 163501 63.8298
624535 624003 81.6327
624535 327445 68.1818
624535 58030 86.2745
624535 66069 64
624535 81549 71.4286
624535 644871 81.6327
624535 79707 68.1818
624535 649424 65.3061
624535 2741 73.913
624535 650643 65.1163
624535 663914 63.8298
624535 655039 63.4146
624535 56470 83.3333
624535 632386 80
624535 638521 69.4444
624535 75707 68
624535 612049 68.8525
624535 140121 87.5
624535 25397 66.6667
624535 41355 78.2609
624535 649044 85.7143
624535 636086 65.3061
624535 630691 79.1667
624535 131090 66.6667
624535 646438 66.6667
624535 659301 88
624535 15193 82.6087
624535 615985 69.4444
624535 627066 82.6087
624535 641697 62.8571
624535 620336 66.6667
624535 628979 85.7143
624535 634241 91.3043
624535 404698 62.2222
0 7
1 0
2 0
3 0
4 0
5 0
6 1
7 0
8 0
9 0
10 0
11 2
12 0
13 0
14 2
15 1
16 0
17 0
18 0
19 1
20 3
21 0
22 3
23 4
24 2
25 5
26 1
27 3
28 13
29 5
30 5
31 12
32 7
33 10
34 14
35 14
36 9
37 4
38 13
39 5
40 13
41 5
42 14
43 6
44 9
45 11
46 8
47 10
48 14
49 12
50 17
51 0
52 17
53 16
54 15
55 21
56 15
57 5
58 18
59 16
60 18
61 10
62 11
63 18
64 27
65 3
66 21
67 26
68 6
69 17
70 17
71 9
72 13
73 13
74 11
75 10
76 7
77 8
78 1
79 10
80 10
81 6
82 7
83 8
84 5
85 1
86 10
87 2
88 6
89 1
90 1
91 0
92 4
93 0
94 1
95 0
96 2
97 0
98 0
99 0
100 0
101 0
8
2724
