13
118151 631956 76.5957
118151 683369 66.6667
118151 623650 66.6667
118151 31976 66.6667
118151 80747 79.0698
118151 649424 66.6667
118151 622636 68.0851
118151 670180 74.4186
118151 645334 66.6667
118151 689210 70.8333
118151 654113 76.5957
118151 645089 68.0851
118151 657803 76.5957
0 2
1 0
2 0
3 0
4 0
5 0
6 0
7 0
8 0
9 0
10 1
11 0
12 0
13 0
14 1
15 0
16 0
17 0
18 0
19 1
20 0
21 3
22 2
23 0
24 1
25 2
26 1
27 0
28 0
29 3
30 1
31 0
32 2
33 0
34 0
35 1
36 0
37 0
38 0
39 1
40 5
41 0
42 2
43 1
44 2
45 1
46 1
47 1
48 0
49 2
50 0
51 1
52 2
53 2
54 2
55 1
56 4
57 0
58 0
59 0
60 2
61 1
62 2
63 1
64 1
65 0
66 2
67 5
68 0
69 2
70 0
71 1
72 0
73 0
74 0
75 1
76 0
77 3
78 0
79 0
80 1
81 0
82 0
83 0
84 0
85 0
86 0
87 0
88 0
89 0
90 0
91 0
92 0
93 0
94 0
95 0
96 0
97 0
98 0
99 0
100 0
101 0
0
10
