78
690575 177951 71.4286
690575 680827 81.8182
690575 55456 66.6667
690575 674553 77.2727
690575 193513 73.6842
690575 282037 87.1795
690575 44675 66.6667
690575 270531 76.9231
690575 690578 95.4545
690575 653048 76.1905
690575 57048 90.4762
690575 630640 66.6667
690575 102624 66.6667
690575 512913 74.4186
690575 671881 71.4286
690575 677276 74.4186
690575 648928 71.4286
690575 225122 77.2727
690575 67609 83.7209
690575 12463 68.1818
690575 133683 68.1818
690575 36921 73.913
690575 14085 66.6667
690575 670091 70
690575 602889 76.1905
690575 167881 66.6667
690575 141014 84.2105
690575 692011 77.2727
690575 345650 68.1818
690575 97327 69.7674
690575 282064 74.2857
690575 605469 76.1905
690575 8145 66.6667
690575 674350 68.2927
690575 635951 69.7674
690575 77845 71.7949
690575 677504 74.4186
690575 679078 82.9268
690575 101655 80.9524
690575 658498 70
690575 629118 78.2609
690575 656987 76.1905
690575 78998 75
690575 690586 77.2727
690575 264039 68.1818
690575 681072 68.2927
690575 99871 71.7949
690575 675585 85.7143
690575 677503 74.4186
690575 344521 77.2727
690575 306735 68.2927
690575 263770 73.1707
690575 266126 73.1707
690575 326651 68.1818
690575 60734 77.2727
690575 19055 76.9231
690575 56285 68.2927
690575 100141 75
690575 4935 78.2609
690575 83516 74.4186
690575 113444 76.1905
690575 680466 78.0488
690575 60549 90.9091
690575 684033 79.0698
690575 674329 76.9231
690575 674552 80.9524
690575 675215 66.6667
690575 839 75
690575 18621 68.1818
690575 60530 90.9091
690575 60188 68.5714
690575 679449 66.6667
690575 344522 72.7273
690575 102623 66.6667
690575 4438 82.0513
690575 675279 81.8182
690575 51143 78.9474
690575 371717 71.4286
0 3
1 0
2 0
3 0
4 0
5 1
6 1
7 0
8 3
9 2
10 0
11 1
12 6
13 2
14 1
15 1
16 2
17 3
18 12
19 3
20 3
21 1
22 5
23 5
24 9
25 4
26 3
27 22
28 33
29 13
30 27
31 17
32 42
33 11
34 16
35 19
36 18
37 9
38 12
39 14
40 20
41 11
42 13
43 12
44 17
45 18
46 10
47 17
48 21
49 18
50 23
51 0
52 18
53 14
54 16
55 15
56 10
57 5
58 10
59 3
60 13
61 8
62 7
63 2
64 13
65 6
66 7
67 10
68 0
69 11
70 4
71 0
72 6
73 1
74 4
75 9
76 0
77 8
78 6
79 4
80 1
81 2
82 2
83 2
84 1
85 1
86 1
87 0
88 1
89 0
90 0
91 3
92 0
93 0
94 0
95 0
96 1
97 0
98 0
99 0
100 0
101 0
7
2878
