66
66068 690575 78.0488
66068 177951 68.2927
66068 680827 74.4186
66068 193513 70.2703
66068 4926 68.4211
66068 282037 68.4211
66068 634616 66.6667
66068 270531 84.2105
66068 690578 74.4186
66068 653048 68.2927
66068 57048 68.2927
66068 30723 70
66068 102624 68.2927
66068 512913 76.1905
66068 671881 78.0488
66068 677276 76.1905
66068 67609 71.4286
66068 75518 71.7949
66068 133683 69.7674
66068 36921 66.6667
66068 602889 78.0488
66068 692011 74.4186
66068 345650 69.7674
66068 97327 66.6667
66068 605469 68.2927
66068 73819 70
66068 635951 66.6667
66068 77845 73.6842
66068 38468 71.4286
66068 677504 71.4286
66068 679078 70
66068 328820 66.6667
66068 101655 82.9268
66068 629118 71.1111
66068 656987 68.2927
66068 690586 69.7674
66068 264039 74.4186
66068 694315 68.2927
66068 99871 68.4211
66068 675585 68.2927
66068 677503 71.4286
66068 344521 69.7674
66068 306735 70
66068 677500 66.6667
66068 685303 66.6667
66068 684032 73.6842
66068 263770 70
66068 266126 70
66068 60734 69.7674
66068 19055 73.6842
66068 100141 71.7949
66068 4935 66.6667
66068 682813 70.2703
66068 83516 71.4286
66068 680466 75
66068 60549 83.7209
66068 674329 73.6842
66068 60530 69.7674
66068 20121 69.7674
66068 60188 76.4706
66068 344522 74.4186
66068 690691 72.2222
66068 102623 68.2927
66068 51143 70.2703
66068 683722 66.6667
66068 66296 71.7949
0 0
1 0
2 0
3 0
4 0
5 0
6 0
7 0
8 2
9 1
10 0
11 2
12 3
13 2
14 0
15 5
16 3
17 2
18 7
19 5
20 4
21 4
22 4
23 8
24 11
25 10
26 3
27 4
28 9
29 2
30 5
31 8
32 9
33 7
34 7
35 12
36 12
37 17
38 21
39 17
40 34
41 24
42 29
43 15
44 21
45 24
46 20
47 21
48 22
49 22
50 20
51 1
52 29
53 21
54 14
55 28
56 17
57 6
58 19
59 8
60 10
61 6
62 17
63 6
64 20
65 7
66 6
67 9
68 0
69 12
70 13
71 3
72 9
73 1
74 4
75 6
76 0
77 3
78 0
79 3
80 0
81 0
82 0
83 1
84 1
85 1
86 0
87 0
88 0
89 0
90 0
91 0
92 0
93 0
94 0
95 0
96 0
97 0
98 0
99 0
100 0
101 0
8
2955
