42
2687 8957 71.4286
2687 51695 81.25
2687 2253 87.5
2687 163335 88.2353
2687 23380 88.2353
2687 309699 68.4211
2687 4851 86.6667
2687 220327 71.7949
2687 122231 70.5882
2687 22947 76.4706
2687 667063 66.6667
2687 193502 76.9231
2687 3767 78.9474
2687 637821 83.3333
2687 650786 68.2927
2687 77071 81.25
2687 8960 78.9474
2687 64884 88.2353
2687 46798 70.5882
2687 29227 70.9677
2687 40252 76.4706
2687 66415 78.7879
2687 83558 73.6842
2687 71873 88.2353
2687 187538 73.6842
2687 528168 66.6667
2687 634249 68.2927
2687 174612 73.6842
2687 10014 88.2353
2687 2738 75
2687 667068 66.6667
2687 32428 73.3333
2687 629494 66.6667
2687 664911 68.5714
2687 60698 74.2857
2687 301197 68.4211
2687 401544 73.3333
2687 62660 70
2687 667524 75.6757
2687 1898 73.3333
2687 26249 81.25
2687 51697 73.6842
0 6
1 0
2 0
3 0
4 0
5 0
6 0
7 2
8 0
9 0
10 1
11 1
12 4
13 1
14 2
15 2
16 5
17 6
18 5
19 6
20 5
21 5
22 8
23 10
24 10
25 10
26 4
27 12
28 18
29 7
30 10
31 4
32 13
33 8
34 11
35 31
36 21
37 21
38 18
39 23
40 52
41 1
42 26
43 30
44 30
45 35
46 13
47 16
48 21
49 42
50 39
51 0
52 29
53 23
54 2
55 13
56 7
57 6
58 9
59 10
60 7
61 2
62 10
63 1
64 5
65 1
66 0
67 4
68 0
69 5
70 1
71 3
72 2
73 0
74 7
75 2
76 1
77 3
78 0
79 3
80 0
81 0
82 3
83 0
84 1
85 0
86 0
87 1
88 1
89 5
90 0
91 0
92 0
93 0
94 0
95 0
96 0
97 0
98 0
99 0
100 0
101 0
8
3138
