1
156204 16895 100
0 7
1 0
2 0
3 0
4 8
5 2
6 4
7 53
8 65
9 27
10 21
11 11
12 13
13 13
14 13
15 12
16 10
17 6
18 11
19 30
20 41
21 19
22 22
23 16
24 18
25 14
26 18
27 14
28 19
29 16
30 12
31 8
32 9
33 10
34 27
35 12
36 7
37 6
38 14
39 14
40 24
41 0
42 21
43 6
44 10
45 11
46 20
47 14
48 3
49 10
50 20
51 0
52 4
53 1
54 4
55 1
56 4
57 0
58 0
59 3
60 0
61 3
62 0
63 0
64 0
65 0
66 0
67 0
68 0
69 0
70 0
71 0
72 0
73 0
74 0
75 0
76 0
77 0
78 0
79 0
80 0
81 0
82 0
83 0
84 0
85 0
86 0
87 0
88 0
89 0
90 0
91 0
92 0
93 0
94 0
95 0
96 0
97 0
98 0
99 0
100 0
101 1
6
3301
