0
0 0
1 0
2 0
3 0
4 0
5 0
6 0
7 0
8 0
9 0
10 0
11 0
12 0
13 0
14 0
15 0
16 0
17 0
18 0
19 0
20 0
21 0
22 0
23 0
24 0
25 0
26 0
27 0
28 0
29 0
30 0
31 0
32 0
33 1
34 1
35 2
36 3
37 3
38 3
39 0
40 4
41 0
42 2
43 1
44 0
45 0
46 0
47 5
48 4
49 3
50 9
51 12
52 13
53 7
54 17
55 12
56 26
57 24
58 26
59 25
60 40
61 26
62 28
63 31
64 44
65 44
66 45
67 29
68 32
69 46
70 32
71 41
72 19
73 26
74 20
75 25
76 15
77 16
78 14
79 12
80 5
81 6
82 3
83 5
84 3
85 2
86 0
87 0
88 0
89 0
90 0
91 0
92 0
93 0
94 0
95 0
96 0
97 0
98 0
99 0
100 0
101 0
7
2755
