3
630612 630625 88.8889
630612 630638 84.6154
630612 630614 68.75
0 190
1 0
2 3
3 2
4 20
5 5
6 118
7 80
8 33
9 12
10 10
11 46
12 61
13 43
14 18
15 10
16 3
17 20
18 15
19 12
20 12
21 2
22 5
23 25
24 13
25 14
26 5
27 7
28 9
29 6
30 6
31 1
32 3
33 3
34 3
35 0
36 1
37 0
38 1
39 1
40 0
41 0
42 0
43 0
44 0
45 0
46 0
47 0
48 0
49 0
50 0
51 0
52 0
53 0
54 0
55 1
56 0
57 0
58 0
59 0
60 0
61 1
62 0
63 0
64 0
65 1
66 0
67 0
68 0
69 1
70 0
71 0
72 0
73 0
74 0
75 0
76 0
77 0
78 0
79 0
80 0
81 0
82 0
83 0
84 0
85 1
86 0
87 0
88 0
89 1
90 0
91 0
92 0
93 0
94 0
95 0
96 0
97 0
98 0
99 0
100 0
101 0
8
3673
