197
658980 84227 68.4211
658980 676713 76.1905
658980 109852 68.2927
658980 646158 66.6667
658980 679281 68.2927
658980 657817 68.1818
658980 667247 86.3636
658980 118613 69.7674
658980 76699 68.5714
658980 658487 71.1111
658980 660053 71.1111
658980 252048 71.4286
658980 48911 73.6842
658980 194296 66.6667
658980 690590 66.6667
658980 602880 86.9565
658980 688887 71.4286
658980 364202 69.7674
658980 637189 68.1818
658980 382319 80.9524
658980 664001 80
658980 680857 70
658980 657841 76.9231
658980 667944 68.1818
658980 663589 75.5556
658980 66068 66.6667
658980 70716 69.7674
658980 639710 73.913
658980 683892 84.4444
658980 643478 70
658980 689418 66.6667
658980 664977 79.0698
658980 611545 78.2609
658980 663921 70
658980 638603 66.6667
658980 4926 75
658980 625027 68.2927
658980 382814 74.4186
658980 634616 73.1707
658980 38231 72.7273
658980 657833 71.7949
658980 44675 69.7674
658980 270531 70
658980 693424 75
658980 659975 66.6667
658980 4771 71.4286
658980 71320 69.7674
658980 116363 71.1111
658980 58895 72.7273
658980 30723 85.7143
658980 102624 74.4186
658980 628495 72.7273
658980 665667 66.6667
658980 10549 71.1111
658980 512913 77.2727
658980 42080 66.6667
658980 69587 78.2609
658980 643489 66.6667
658980 684038 68.1818
658980 625659 72.3404
658980 169105 68.1818
658980 677276 77.2727
658980 648928 69.7674
658980 67609 68.1818
658980 659185 79.0698
658980 75518 73.1707
658980 12463 71.1111
658980 382815 71.1111
658980 133683 88.8889
658980 603719 75.5556
658980 624961 66.6667
658980 617629 66.6667
658980 625421 71.1111
658980 670091 73.1707
658980 164614 71.4286
658980 684074 75.5556
658980 602889 69.7674
658980 651739 72.3404
658980 686466 66.6667
658980 167881 69.7674
658980 60548 68.1818
658980 692011 66.6667
658980 345650 84.4444
658980 626945 74.4186
658980 608710 68.1818
658980 625239 69.5652
658980 613239 75.5556
658980 623648 70
658980 643484 71.4286
658980 98696 68.1818
658980 658774 71.1111
658980 19911 68.1818
658980 605469 74.4186
658980 635968 71.4286
658980 73819 85.7143
658980 626946 71.7949
658980 651330 69.5652
658980 38255 76.5957
658980 666530 66.6667
658980 38468 72.7273
658980 651590 70
658980 677504 68.1818
658980 694951 80.9524
658980 409127 68.1818
658980 119877 77.2727
658980 328820 73.6842
658980 676712 76.1905
658980 371727 72.7273
658980 617409 71.1111
658980 149987 72.7273
658980 62009 69.5652
658980 101655 74.4186
658980 658498 68.2927
658980 664853 76.1905
658980 609820 68.2927
658980 629118 76.5957
658980 278461 71.1111
658980 620248 70
658980 651324 69.5652
658980 635034 70.1754
658980 57598 75
658980 690586 66.6667
658980 691613 66.6667
658980 643475 71.7949
658980 696224 68.2927
658980 688343 66.6667
658980 601307 69.7674
658980 57548 69.5652
658980 681072 71.4286
658980 30152 70
658980 209084 69.7674
658980 99871 75
658980 677503 68.1818
658980 306735 76.1905
658980 668362 75
658980 677500 72.7273
658980 339497 76.9231
658980 643470 80
658980 297577 66.6667
658980 666728 69.7674
658980 644871 78.2609
658980 685303 90.9091
658980 347504 66.6667
658980 695218 72.7273
658980 677917 66.6667
658980 649690 76.1905
658980 102851 71.1111
658980 698558 74.4186
658980 263770 71.4286
658980 266126 71.4286
658980 629424 76.5957
658980 631634 68.4211
658980 60734 66.6667
658980 699206 68.1818
658980 25397 66.6667
658980 19055 75
658980 56285 71.4286
658980 657818 73.1707
658980 33077 66.6667
658980 8120 66.6667
658980 5553 71.4286
658980 650211 72.3404
658980 83516 68.1818
658980 680466 66.6667
658980 26154 66.6667
658980 663951 71.1111
658980 60549 71.1111
658980 600388 66.6667
658980 5220 71.1111
658980 294868 77.2727
658980 624987 77.2727
658980 643487 84.4444
658980 620753 75.4717
658980 623832 66.6667
658980 71439 73.913
658980 634306 68.0851
658980 142693 68.4211
658980 675215 69.7674
658980 839 68.2927
658980 43634 68.1818
658980 625109 75.5556
658980 683369 80
658980 38248 78.0488
658980 639709 72.7273
658980 66688 72.7273
658980 20121 71.1111
658980 60188 72.2222
658980 344522 75.5556
658980 3427 69.5652
658980 690691 84.2105
658980 622636 66.6667
658980 102623 74.4186
658980 405554 71.1111
658980 51143 71.7949
658980 645089 66.6667
658980 644333 75.5556
658980 193514 68.4211
0 3
1 0
2 0
3 0
4 0
5 0
6 0
7 0
8 0
9 0
10 0
11 1
12 0
13 0
14 1
15 3
16 1
17 2
18 10
19 3
20 0
21 2
22 3
23 5
24 8
25 5
26 4
27 10
28 2
29 1
30 2
31 2
32 3
33 6
34 4
35 7
36 6
37 5
38 11
39 4
40 10
41 1
42 12
43 25
44 23
45 20
46 9
47 23
48 13
49 18
50 19
51 2
52 20
53 29
54 28
55 20
56 26
57 16
58 24
59 11
60 44
61 31
62 17
63 22
64 45
65 10
66 22
67 31
68 0
69 29
70 26
71 1
72 31
73 14
74 8
75 13
76 8
77 10
78 5
79 4
80 5
81 2
82 0
83 0
84 0
85 4
86 2
87 2
88 0
89 1
90 0
91 1
92 0
93 0
94 0
95 0
96 0
97 0
98 0
99 0
100 0
101 0
8
3904
