0
0 0
1 0
2 0
3 0
4 0
5 0
6 0
7 0
8 0
9 0
10 0
11 0
12 0
13 0
14 0
15 0
16 0
17 0
18 0
19 0
20 0
21 0
22 0
23 0
24 0
25 0
26 1
27 0
28 1
29 1
30 0
31 2
32 0
33 0
34 0
35 2
36 3
37 3
38 2
39 3
40 2
41 1
42 5
43 1
44 2
45 5
46 7
47 8
48 11
49 5
50 10
51 6
52 11
53 10
54 10
55 18
56 13
57 16
58 23
59 33
60 21
61 19
62 18
63 20
64 26
65 34
66 21
67 30
68 31
69 30
70 34
71 38
72 40
73 27
74 41
75 38
76 27
77 22
78 26
79 17
80 33
81 9
82 10
83 12
84 5
85 2
86 3
87 2
88 1
89 2
90 0
91 0
92 0
93 1
94 0
95 0
96 0
97 0
98 0
99 0
100 0
101 0
8
3080
