0
0 0
1 0
2 0
3 0
4 0
5 0
6 0
7 0
8 0
9 0
10 0
11 0
12 0
13 0
14 0
15 0
16 0
17 0
18 0
19 0
20 0
21 0
22 0
23 0
24 0
25 0
26 0
27 0
28 0
29 1
30 0
31 0
32 0
33 2
34 0
35 0
36 4
37 2
38 3
39 3
40 5
41 4
42 7
43 9
44 11
45 17
46 19
47 13
48 25
49 32
50 40
51 24
52 27
53 30
54 46
55 33
56 43
57 43
58 46
59 40
60 37
61 26
62 35
63 33
64 34
65 25
66 29
67 19
68 26
69 21
70 15
71 13
72 18
73 3
74 7
75 10
76 3
77 4
78 2
79 1
80 0
81 0
82 1
83 0
84 0
85 0
86 0
87 0
88 0
89 0
90 0
91 0
92 0
93 0
94 0
95 0
96 0
97 0
98 0
99 0
100 0
101 0
8
3369
