411
641764 338205 61.5385
641764 667944 82.0513
641764 48911 66.6667
641764 66068 70.2703
641764 116805 78.9474
641764 179790 66.6667
641764 658309 84.2105
641764 370399 63.1579
641764 164774 73.6842
641764 656084 76.9231
641764 677554 71.7949
641764 177950 65
641764 4120 70.9677
641764 7636 64.8649
641764 102851 65
641764 14549 66.6667
641764 43395 70.2703
641764 643475 70.5882
641764 4767 68.4211
641764 624987 61.5385
641764 38253 72.2222
641764 639681 66.6667
641764 55342 61.5385
641764 650753 75.8621
641764 667760 86.4865
641764 633174 69.7674
641764 632920 62.8571
641764 634219 80
641764 667851 75.6757
641764 690579 85
641764 657811 71.4286
641764 634171 71.4286
641764 674553 70
641764 611078 66.6667
641764 96461 68.4211
641764 400230 64.7059
641764 664551 97.1429
641764 36603 83.3333
641764 634616 66.6667
641764 9659 81.0811
641764 193521 80
641764 668523 70.2703
641764 56338 71.7949
641764 372155 89.4737
641764 692226 68.75
641764 679281 61.1111
641764 229540 71.7949
641764 43870 68.4211
641764 66296 61.1111
641764 690415 82.0513
641764 667063 61.1111
641764 686465 68.4211
641764 382815 60
641764 53376 70.5882
641764 26346 71.7949
641764 33377 84.2105
641764 646645 76.1905
641764 116523 85
641764 635960 66.6667
641764 658776 60
641764 609067 68
641764 643467 68.75
641764 690578 75
641764 694105 70
641764 677512 62.8571
641764 116363 60
641764 47695 66.6667
641764 4436 74.4186
641764 136014 70.2703
641764 72089 73.1707
641764 675585 73.6842
641764 158910 78.9474
641764 686466 64.8649
641764 615123 80.9524
641764 297577 80
641764 685298 86.4865
641764 691610 74.2857
641764 611347 89.4737
641764 639709 66.6667
641764 103776 63.1579
641764 625015 76.9231
641764 681072 81.0811
641764 647068 61.9048
641764 68888 82.3529
641764 622659 73.6842
641764 622695 70.5882
641764 677920 61.1111
641764 12463 75
641764 209084 63.1579
641764 164614 81.0811
641764 695625 69.3878
641764 130085 66.6667
641764 625421 80
641764 683879 75.6757
641764 74517 66.6667
641764 76699 86.6667
641764 642896 81.0811
641764 627368 65
641764 264045 75
641764 658533 71.4286
641764 638640 76.9231
641764 73166 61.1111
641764 667850 76.9231
641764 617316 68.5714
641764 643493 64.7059
641764 672018 76.9231
641764 671880 65
641764 636935 63.4146
641764 67476 82.0513
641764 658980 82.0513
641764 404827 62.8571
641764 38074 70.2703
641764 150501 70.5882
641764 674552 73.6842
641764 602890 86.4865
641764 7528 85
641764 84227 72.7273
641764 72288 61.9048
641764 342024 64.7059
641764 31592 78.7879
641764 68955 64.8649
641764 617409 65
641764 100467 80
641764 682813 70.5882
641764 79447 87.1795
641764 161601 63.1579
641764 663620 85
641764 637039 62.069
641764 82806 70
641764 663571 63.4146
641764 326172 68.4211
641764 643478 68.5714
641764 646001 63.4146
641764 697384 68.4211
641764 328820 66.6667
641764 193517 91.4286
641764 43285 75.6757
641764 60734 75
641764 67800 62.5
641764 60530 70
641764 667247 76.9231
641764 624856 72.7273
641764 43798 63.4146
641764 225122 70
641764 139785 68.4211
641764 690590 85
641764 63055 75.6757
641764 672441 78.9474
641764 141014 70.5882
641764 643480 88.2353
641764 20985 62.8571
641764 252044 68.5714
641764 634614 62.8571
641764 361456 80
641764 601362 71.4286
641764 57826 61.1111
641764 19055 85.7143
641764 663915 73.1707
641764 57547 70.2703
641764 364202 63.1579
641764 662156 76.9231
641764 73248 71.4286
641764 57548 73.1707
641764 30724 75.6757
641764 755 78.9474
641764 29851 68.4211
641764 644297 66.6667
641764 278461 65
641764 45463 64.2857
641764 690393 61.8182
641764 668362 68.5714
641764 623832 75
641764 62857 75
641764 609818 80.9524
641764 113665 89.4737
641764 696224 66.6667
641764 671881 68.4211
641764 651218 68.2927
641764 130895 70.2703
641764 686665 68.4211
641764 675215 89.4737
641764 664970 68.75
641764 38243 72.2222
641764 326397 75
641764 263770 86.4865
641764 685799 75
641764 82804 84.2105
641764 15130 84.2105
641764 690586 85
641764 616811 85
641764 64800 80.9524
641764 634470 68.2927
641764 632227 64.7059
641764 684074 70
641764 680708 76.4706
641764 3110 62.069
641764 676172 80
641764 69587 82.9268
641764 625028 75
641764 58511 76.4706
641764 84552 61.5385
641764 326651 75
641764 633553 63.4146
641764 680831 80
641764 98431 77.7778
641764 122381 76.4706
641764 154880 89.4737
641764 57598 62.8571
641764 39362 61.9048
641764 122640 61.5385
641764 661471 73.1707
641764 683892 80
641764 55456 73.1707
641764 135284 62.8571
641764 174620 66.6667
641764 646161 60
641764 38255 66.6667
641764 677915 66.6667
641764 131312 75
641764 56148 75
641764 752 75
641764 45410 66.6667
641764 677916 72.2222
641764 622644 78.0488
641764 669986 64.8649
641764 663952 73.1707
641764 632919 62.8571
641764 602880 73.1707
641764 692011 80
641764 646162 68.75
641764 680466 70.2703
641764 102623 78.9474
641764 75516 78.9474
641764 686664 66.6667
641764 660053 80
641764 71320 63.1579
641764 683722 72.7273
641764 63911 60
641764 58895 66.6667
641764 26154 64.7059
641764 649441 63.4146
641764 59727 94.1176
641764 66479 66.6667
641764 695218 61.5385
641764 640902 65.2174
641764 30723 75.6757
641764 664269 70.2703
641764 694951 70.2703
641764 663936 73.1707
641764 762 68.75
641764 667749 75.6757
641764 636946 63.4146
641764 7967 73.6842
641764 364989 83.3333
641764 63599 68.2927
641764 6396 82.9268
641764 71439 82.9268
641764 405084 66.6667
641764 19911 61.5385
641764 339497 76.4706
641764 625027 94.4444
641764 40593 68.5714
641764 690574 80
641764 628102 76.1905
641764 29232 70.2703
641764 13687 71.7949
641764 680482 84.2105
641764 609819 61.1111
641764 613239 60
641764 628495 68
641764 103998 66.6667
641764 86939 81.0811
641764 18894 70.9677
641764 278175 81.0811
641764 663927 80
641764 187521 61.5385
641764 662782 68.5714
641764 207835 87.1795
641764 18255 72.7273
641764 409127 82.0513
641764 125185 77.4194
641764 634163 63.1579
641764 627222 78.9474
641764 675278 70
641764 639683 61.9048
641764 649096 80
641764 642604 73.1707
641764 684035 70.2703
641764 658818 82.9268
641764 670237 88.8889
641764 694315 68.4211
641764 1026 62.8571
641764 627082 70
641764 646232 75
641764 683725 75
641764 49512 65
641764 662773 64.7059
641764 646166 66.6667
641764 681101 97.1429
641764 521887 70.2703
641764 648928 89.4737
641764 97327 71.7949
641764 632917 81.0811
641764 667941 76.9231
641764 617627 78.5714
641764 611783 80.9524
641764 674195 66.6667
641764 663549 85
641764 648929 75
641764 635820 68.2927
641764 48226 62.5
641764 643484 70.2703
641764 282037 74.2857
641764 202930 62.8571
641764 3124 62.8571
641764 160451 85
641764 62009 73.1707
641764 4771 70.2703
641764 644333 80
641764 19984 63.1579
641764 78998 61.1111
641764 58978 74.2857
641764 70868 80
641764 327982 70.5882
641764 634220 75
641764 624051 74.4186
641764 634775 80
641764 27116 64.7059
641764 82807 84.2105
641764 683723 75.6757
641764 60549 80
641764 79016 85
641764 670091 94.4444
641764 2775 76.9231
641764 646159 61.5385
641764 609820 61.1111
641764 667246 71.7949
641764 643487 80
641764 180816 72.2222
641764 619147 76.1905
641764 672019 76.9231
641764 657843 61.9048
641764 622661 75
641764 79006 70.2703
641764 264039 80
641764 66688 87.1795
641764 684038 76.9231
641764 634581 80.9524
641764 34765 85
641764 649097 61.9048
641764 680494 75
641764 13009 66.6667
641764 56285 81.0811
641764 100139 64.7059
641764 649092 66.6667
641764 147110 68.2927
641764 627011 81.0811
641764 634156 81.0811
641764 699206 71.7949
641764 65007 75
641764 636947 63.4146
641764 615011 60
641764 638636 80
641764 625239 82.9268
641764 627367 65
641764 119877 71.7949
641764 685783 87.1795
641764 686667 76.9231
641764 677917 75.6757
641764 291534 60
641764 749 70
641764 55459 82.9268
641764 163501 61.5385
641764 327445 61.1111
641764 66069 61.9048
641764 634615 73.6842
641764 632913 78.0488
641764 79707 72.2222
641764 65987 80
641764 51337 88.8889
641764 647527 81.25
641764 663914 76.9231
641764 57884 60
641764 56470 60
641764 632386 61.9048
641764 627370 78.9474
641764 75707 61.9048
641764 75518 77.7778
641764 632918 82.0513
641764 612049 64.1509
641764 25397 65
641764 663947 75
641764 270531 68.5714
641764 25413 76.1905
641764 636086 68.2927
641764 665282 85
641764 26540 75.6757
641764 60188 70.9677
641764 602913 80
641764 79008 75
641764 131090 65
641764 1895 64.5161
641764 177951 68.4211
641764 625813 73.1707
641764 192626 70.5882
641764 3609 68.5714
641764 617628 68.2927
641764 653051 73.6842
641764 630639 74.2857
641764 663935 81.0811
641764 404698 70.2703
0 7
1 0
2 0
3 0
4 0
5 0
6 1
7 1
8 1
9 2
10 1
11 2
12 1
13 0
14 2
15 1
16 11
17 5
18 3
19 3
20 8
21 2
22 9
23 4
24 9
25 16
26 8
27 5
28 4
29 3
30 3
31 5
32 7
33 3
34 4
35 2
36 5
37 7
38 9
39 10
40 10
41 8
42 11
43 33
44 24
45 34
46 9
47 19
48 34
49 17
50 8
51 1
52 19
53 16
54 17
55 14
56 12
57 18
58 25
59 16
60 17
61 0
62 30
63 15
64 16
65 25
66 1
67 27
68 2
69 32
70 11
71 28
72 14
73 9
74 18
75 28
76 11
77 21
78 3
79 12
80 23
81 5
82 12
83 13
84 2
85 18
86 1
87 5
88 4
89 3
90 6
91 0
92 1
93 0
94 0
95 3
96 0
97 0
98 2
99 0
100 0
101 0
11
4911
