360
643468 1390 90
643468 677503 82.9268
643468 266126 82.0513
643468 30152 64.8649
643468 680828 85.7143
643468 653050 66.6667
643468 675279 71.4286
643468 193513 72.2222
643468 658487 76.1905
643468 64013 61.5385
643468 40450 63.4146
643468 163508 82.0513
643468 54829 75
643468 684033 63.4146
643468 679482 80
643468 87059 87.8049
643468 67609 78.0488
643468 4926 75.6757
643468 641764 77.7778
643468 338205 63.4146
643468 667944 78.0488
643468 48911 68.5714
643468 66068 71.7949
643468 116805 65
643468 658309 85
643468 370399 70
643468 164774 60
643468 656084 63.4146
643468 677554 78.0488
643468 177950 85.7143
643468 4120 66.6667
643468 646440 61.2903
643468 102851 61.9048
643468 43395 61.5385
643468 643475 94.4444
643468 4767 65
643468 38253 68.4211
643468 650753 70.9677
643468 667760 87.1795
643468 633174 62.2222
643468 634219 71.4286
643468 667851 87.1795
643468 690579 76.1905
643468 657811 63.6364
643468 634171 68.1818
643468 674553 71.4286
643468 611078 63.1579
643468 96461 60
643468 400230 61.1111
643468 664551 81.0811
643468 36603 63.1579
643468 634616 68.4211
643468 9659 71.7949
643468 193521 64.8649
643468 56338 78.0488
643468 372155 90
643468 692226 70.5882
643468 679281 63.1579
643468 229540 82.9268
643468 43870 60
643468 66296 63.1579
643468 690415 63.4146
643468 667063 63.1579
643468 686465 70
643468 53376 72.2222
643468 26346 73.1707
643468 33377 75
643468 646645 72.7273
643468 121770 66.6667
643468 67668 61.1111
643468 116523 71.4286
643468 609067 69.2308
643468 643467 88.2353
643468 92220 64.7059
643468 690578 66.6667
643468 694105 61.9048
643468 682811 64.7059
643468 42903 62.8571
643468 4436 71.1111
643468 72089 69.7674
643468 675585 75
643468 686662 64.8649
643468 158910 70
643468 686466 66.6667
643468 615123 86.3636
643468 297577 71.4286
643468 685298 82.0513
643468 611347 80
643468 639709 78.0488
643468 625015 82.9268
643468 681072 82.0513
643468 68888 77.7778
643468 622659 75
643468 622695 77.7778
643468 12463 66.6667
643468 209084 60
643468 164614 66.6667
643468 695625 70.5882
643468 130085 78.0488
643468 625421 80.9524
643468 683879 82.0513
643468 76699 68.75
643468 642896 61.5385
643468 264045 61.9048
643468 638640 63.4146
643468 667850 68.2927
643468 617316 64.8649
643468 643493 88.8889
643468 671880 71.4286
643468 401553 60
643468 67476 68.2927
643468 658980 78.0488
643468 38074 76.9231
643468 150501 61.1111
643468 674552 75
643468 602890 82.0513
643468 7528 85.7143
643468 84227 74.2857
643468 31592 62.8571
643468 641086 63.1579
643468 68955 61.5385
643468 617409 61.9048
643468 100467 75.6757
643468 682813 77.7778
643468 79447 82.9268
643468 161601 65
643468 663620 80.9524
643468 82806 61.9048
643468 663571 60.4651
643468 326172 70
643468 643478 91.8919
643468 684032 64.8649
643468 697384 60
643468 328820 74.2857
643468 193517 81.0811
643468 43285 61.5385
643468 60734 61.9048
643468 60530 71.4286
643468 667247 73.1707
643468 624856 62.8571
643468 225122 71.4286
643468 690590 76.1905
643468 676713 61.5385
643468 63055 61.5385
643468 672441 75
643468 141014 72.2222
643468 643480 88.8889
643468 252044 75.6757
643468 209913 64.5161
643468 361456 81.0811
643468 601362 63.6364
643468 57826 63.1579
643468 19055 75.6757
643468 663915 60.4651
643468 57547 87.1795
643468 364202 60
643468 662156 87.8049
643468 57548 79.0698
643468 30724 76.9231
643468 755 80
643468 29851 60
643468 644297 63.1579
643468 278461 61.9048
643468 45463 60
643468 690393 66.6667
643468 668362 64.8649
643468 623832 71.4286
643468 62857 64.7059
643468 609818 63.6364
643468 113665 80
643468 696224 63.1579
643468 671881 70
643468 651218 65.1163
643468 130895 61.5385
643468 627080 65.1163
643468 686665 80
643468 675215 80
643468 38243 68.4211
643468 263770 82.0513
643468 685799 76.1905
643468 82804 80
643468 15130 70
643468 690586 76.1905
643468 616811 76.1905
643468 64800 81.8182
643468 634470 65.1163
643468 632227 66.6667
643468 684074 71.4286
643468 680708 66.6667
643468 676172 85.7143
643468 69587 79.0698
643468 625028 70.5882
643468 58511 94.4444
643468 326651 76.1905
643468 680831 81.0811
643468 98431 78.9474
643468 122381 66.6667
643468 154880 80
643468 57598 70.2703
643468 659147 60.6061
643468 661471 65.1163
643468 683892 76.1905
643468 55456 88.3721
643468 38255 68.1818
643468 677915 68.5714
643468 131312 64.7059
643468 56148 71.4286
643468 752 76.1905
643468 677916 68.4211
643468 622644 79.0698
643468 663952 69.7674
643468 602880 69.7674
643468 8151 70
643468 692011 66.6667
643468 680466 76.9231
643468 102623 70
643468 75516 85
643468 686664 78.0488
643468 660053 76.1905
643468 71320 60
643468 683722 62.8571
643468 686663 63.4146
643468 58895 63.4146
643468 26154 61.1111
643468 649441 60.4651
643468 59727 72.2222
643468 25855 62.8571
643468 30723 76.9231
643468 680211 61.1111
643468 664269 66.6667
643468 694951 71.7949
643468 663936 60.4651
643468 667749 76.9231
643468 7967 75
643468 364989 63.1579
643468 63599 60.4651
643468 348404 68.75
643468 6396 69.7674
643468 71439 79.0698
643468 19911 68.2927
643468 339497 77.7778
643468 625027 84.2105
643468 690574 76.1905
643468 29232 71.7949
643468 13687 68.2927
643468 680482 65
643468 628495 69.2308
643468 631634 62.8571
643468 86939 71.7949
643468 18894 66.6667
643468 113444 65
643468 278175 76.9231
643468 663927 71.4286
643468 691259 61.0169
643468 207835 78.0488
643468 409127 68.2927
643468 125185 72.7273
643468 626433 61.5385
643468 634163 60
643468 627222 60
643468 675278 80.9524
643468 649096 71.4286
643468 642604 69.7674
643468 684035 66.6667
643468 658818 74.4186
643468 676712 61.5385
643468 670237 84.2105
643468 627082 71.4286
643468 683725 64.7059
643468 49512 61.9048
643468 662773 66.6667
643468 681101 81.0811
643468 521887 66.6667
643468 648928 75
643468 666115 62.2951
643468 97327 87.8049
643468 632917 82.0513
643468 667941 87.8049
643468 617627 66.6667
643468 611783 68.1818
643468 663549 80.9524
643468 648929 66.6667
643468 48226 64.7059
643468 643484 92.3077
643468 282037 70.2703
643468 160451 76.1905
643468 62009 65.1163
643468 14787 62.8571
643468 644333 76.1905
643468 78998 68.4211
643468 58978 81.0811
643468 70868 71.4286
643468 634220 66.6667
643468 634775 71.4286
643468 82807 80
643468 7887 68.5714
643468 683723 76.9231
643468 60549 80.9524
643468 79016 66.6667
643468 670091 84.2105
643468 2775 63.4146
643468 667246 78.0488
643468 643487 90.4762
643468 180816 68.4211
643468 619147 63.6364
643468 622661 80.9524
643468 79006 82.0513
643468 264039 71.4286
643468 66688 78.0488
643468 684038 87.8049
643468 634581 63.6364
643468 34765 85.7143
643468 56285 87.1795
643468 100139 66.6667
643468 147110 60.4651
643468 627011 71.7949
643468 634156 76.9231
643468 699206 68.2927
643468 65007 85.7143
643468 638603 61.1111
643468 638636 70.2703
643468 625239 65.1163
643468 119877 73.1707
643468 685783 82.9268
643468 686667 82.9268
643468 677917 71.7949
643468 749 80.9524
643468 55459 83.7209
643468 163501 63.4146
643468 634615 65
643468 632913 60.4651
643468 81549 61.1111
643468 79707 63.1579
643468 65987 81.0811
643468 51337 68.4211
643468 647527 64.7059
643468 663914 63.4146
643468 57884 66.6667
643468 627370 60
643468 75518 73.6842
643468 632918 78.0488
643468 612049 69.0909
643468 663947 66.6667
643468 270531 75.6757
643468 25413 63.6364
643468 665282 80.9524
643468 26540 61.5385
643468 60188 72.7273
643468 602913 71.4286
643468 79008 71.4286
643468 33671 63.4146
643468 1895 72.7273
643468 177951 90
643468 625813 74.4186
643468 192626 61.1111
643468 679283 60
643468 45956 66.6667
643468 653051 65
643468 630639 70.2703
643468 663935 66.6667
0 5
1 0
2 0
3 0
4 0
5 0
6 0
7 0
8 2
9 1
10 1
11 3
12 1
13 0
14 1
15 2
16 8
17 3
18 2
19 2
20 7
21 6
22 11
23 2
24 9
25 10
26 4
27 8
28 12
29 12
30 9
31 2
32 10
33 11
34 10
35 9
36 12
37 11
38 8
39 25
40 28
41 24
42 33
43 32
44 20
45 30
46 14
47 15
48 18
49 21
50 21
51 0
52 28
53 5
54 15
55 22
56 10
57 7
58 25
59 20
60 33
61 8
62 29
63 9
64 29
65 21
66 6
67 26
68 0
69 21
70 16
71 8
72 27
73 8
74 4
75 12
76 5
77 21
78 5
79 13
80 13
81 8
82 8
83 15
84 1
85 5
86 6
87 1
88 9
89 4
90 3
91 1
92 1
93 1
94 0
95 2
96 0
97 0
98 0
99 0
100 0
101 0
11
5771
