475
670149 661128 75.5556
670149 81669 88.3721
670149 650625 68.2927
670149 67594 86.3636
670149 636993 80
670149 54833 77.2727
670149 266126 60
670149 30152 63.1579
670149 634306 75.5556
670149 658487 65.1163
670149 158037 78.0488
670149 64013 85
670149 630692 66.6667
670149 97219 88.3721
670149 639772 67.8571
670149 54829 73.1707
670149 650624 63.6364
670149 87059 61.9048
670149 43026 81.8182
670149 52350 81.8182
670149 365560 71.4286
670149 186233 79.0698
670149 338205 66.6667
670149 650064 60.3175
670149 645542 64.5161
670149 48911 66.6667
670149 66068 60
670149 116805 68.2927
670149 627507 64.7059
670149 179790 66.6667
670149 164774 68.2927
670149 4120 64.7059
670149 7636 90
670149 102851 79.0698
670149 43395 65
670149 628265 82.9268
670149 25952 74.4186
670149 624987 71.4286
670149 38253 71.7949
670149 639681 84.4444
670149 55342 90.4762
670149 657817 76.1905
670149 656390 80
670149 667760 60
670149 633174 82.6087
670149 672208 61.9048
670149 632920 63.1579
670149 657811 84.4444
670149 634171 75.5556
670149 611078 71.7949
670149 96461 87.8049
670149 626100 66.6667
670149 400230 81.0811
670149 625795 75.5556
670149 36603 61.5385
670149 9659 75
670149 660640 80
670149 625469 79.0698
670149 668523 70
670149 657840 75.5556
670149 625042 75.5556
670149 651220 81.8182
670149 372155 63.4146
670149 692226 68.5714
670149 679281 66.6667
670149 128160 82.9268
670149 43870 87.8049
670149 180 80
670149 690415 71.4286
670149 633011 70.5882
670149 382815 79.0698
670149 656386 79.0698
670149 116539 73.1707
670149 33377 63.4146
670149 646645 71.1111
670149 634714 75.5556
670149 116523 65.1163
670149 646707 84.4444
670149 635960 85.7143
670149 658776 74.4186
670149 369774 79.0698
670149 609067 64.1509
670149 1986 73.1707
670149 694105 83.7209
670149 677512 89.4737
670149 627435 77.7778
670149 116363 79.0698
670149 47695 90.4762
670149 136014 60
670149 72089 63.6364
670149 651737 62.2222
670149 650609 68.1818
670149 686466 65
670149 644273 73.6842
670149 615123 62.2222
670149 297577 69.7674
670149 685298 70
670149 291305 90.4762
670149 691610 73.6842
670149 611347 73.1707
670149 636784 77.2727
670149 681072 60
670149 647068 88.8889
670149 677920 82.0513
670149 12463 79.0698
670149 309699 73.1707
670149 617368 66.6667
670149 209084 82.9268
670149 631315 92.6829
670149 164614 75
670149 675186 61.5385
670149 659342 75.5556
670149 695625 73.0769
670149 680715 80
670149 625421 65.1163
670149 646165 86.3636
670149 108408 60
670149 138305 68.4211
670149 616232 60.4651
670149 642896 75
670149 627368 69.7674
670149 658533 62.2222
670149 666665 74.4186
670149 656387 75.5556
670149 638640 76.1905
670149 73166 92.3077
670149 40484 68.1818
670149 624535 66.6667
670149 667850 71.4286
670149 617316 73.6842
670149 672018 66.6667
670149 8512 76.1905
670149 636935 77.2727
670149 111920 68.2927
670149 67476 71.4286
670149 53183 84.4444
670149 658980 61.9048
670149 31976 92.6829
670149 649428 77.2727
670149 404827 78.9474
670149 679825 67.8571
670149 609696 60.6061
670149 654114 79.0698
670149 670182 78.0488
670149 7528 60.4651
670149 84227 66.6667
670149 72288 88.8889
670149 342024 64.8649
670149 31592 61.1111
670149 636095 68.1818
670149 665553 79.0698
670149 641086 61.5385
670149 68955 75
670149 617409 79.0698
670149 100467 63.1579
670149 79447 66.6667
670149 631128 75.5556
670149 663620 69.7674
670149 636943 86.3636
670149 34632 77.2727
670149 294731 70
670149 631648 90.9091
670149 671292 60.3175
670149 623636 71.4286
670149 663571 68.1818
670149 650783 69.7674
670149 45164 85.7143
670149 8774 79.0698
670149 646001 81.8182
670149 697384 87.8049
670149 691995 62.2951
670149 193517 68.4211
670149 689210 77.2727
670149 60734 69.7674
670149 627226 90
670149 657803 79.0698
670149 629474 82.9268
670149 67800 68.5714
670149 136135 66.6667
670149 667247 66.6667
670149 637821 61.5385
670149 43798 77.2727
670149 634293 69.7674
670149 631630 86.3636
670149 191990 66.6667
670149 139785 73.1707
670149 63862 74.4186
670149 670179 82.0513
670149 634151 68.5714
670149 63055 80
670149 672441 73.1707
670149 624961 60.4651
670149 20985 89.4737
670149 650616 69.7674
670149 633879 79.0698
670149 6365 62.8571
670149 601362 84.4444
670149 666432 77.2727
670149 663915 72.7273
670149 364202 78.0488
670149 662187 66.6667
670149 627436 85
670149 73248 75.5556
670149 628244 73.913
670149 677516 90.4762
670149 30724 60
670149 29851 78.0488
670149 644297 66.6667
670149 650608 66.6667
670149 278461 79.0698
670149 624163 74.4186
670149 693434 63.4146
670149 8120 69.7674
670149 690393 62.069
670149 668362 78.9474
670149 663585 77.2727
670149 623832 83.7209
670149 231338 63.4146
670149 624231 63.1579
670149 609818 75.5556
670149 657836 79.0698
670149 696224 71.7949
670149 651218 81.8182
670149 650610 71.4286
670149 657805 87.1795
670149 130895 60
670149 675215 68.2927
670149 629037 61.9048
670149 38243 71.7949
670149 326397 74.4186
670149 263770 60
670149 627708 61.0169
670149 647019 61.5385
670149 616811 74.4186
670149 174612 68.2927
670149 640230 68.1818
670149 634470 72.7273
670149 632227 64.8649
670149 672960 95
670149 640890 70.8333
670149 628996 75.5556
670149 650634 63.4146
670149 625028 74.2857
670149 624162 71.1111
670149 670148 79.0698
670149 84552 76.1905
670149 651324 81.8182
670149 98431 66.6667
670149 154880 68.2927
670149 311941 80
670149 625186 71.1111
670149 39362 75.5556
670149 659147 64.7059
670149 637646 61.0169
670149 122640 66.6667
670149 661471 72.7273
670149 683892 79.0698
670149 83653 77.2727
670149 625464 82.9268
670149 135284 68.4211
670149 651735 62.2222
670149 174620 92.3077
670149 677915 72.2222
670149 131312 80
670149 56148 69.7674
670149 295156 84.2105
670149 638129 75.5556
670149 677916 76.9231
670149 622644 68.1818
670149 669986 60
670149 656393 80
670149 663952 68.1818
670149 632919 63.1579
670149 645124 61.5385
670149 646162 62.8571
670149 641530 60.3175
670149 102623 68.2927
670149 660053 65.1163
670149 71320 82.9268
670149 63911 88.3721
670149 58895 80.9524
670149 26154 81.0811
670149 649441 72.7273
670149 59727 64.8649
670149 66479 83.3333
670149 695218 71.4286
670149 640902 77.551
670149 30723 60
670149 638174 77.2727
670149 664269 65
670149 694951 60
670149 663936 77.2727
670149 667749 65
670149 677545 68.4211
670149 636946 77.2727
670149 630076 73.913
670149 364989 61.5385
670149 63599 68.1818
670149 693424 73.6842
670149 71439 72.7273
670149 405084 75.5556
670149 663576 77.2727
670149 339497 64.8649
670149 625027 66.6667
670149 645098 66.6667
670149 638851 75
670149 628102 75.5556
670149 29232 60
670149 13687 66.6667
670149 109999 63.4146
670149 680482 78.0488
670149 666436 77.2727
670149 82166 65
670149 609819 87.1795
670149 613239 74.4186
670149 625064 79.0698
670149 628495 64.1509
670149 667470 80.9524
670149 103998 66.6667
670149 86939 75
670149 18894 76.4706
670149 41554 66.6667
670149 278175 70
670149 663927 60.4651
670149 691259 63.3333
670149 40725 63.4146
670149 662782 78.9474
670149 18255 83.3333
670149 700591 61.2903
670149 409127 61.9048
670149 624960 60.4651
670149 125185 64.7059
670149 86080 69.7674
670149 624006 85.7143
670149 636118 75.5556
670149 634163 78.0488
670149 627222 68.2927
670149 34551 72.7273
670149 639683 88.8889
670149 649096 74.4186
670149 642604 72.7273
670149 642788 66.6667
670149 105373 90
670149 694315 82.9268
670149 1026 84.2105
670149 624331 71.1111
670149 646232 74.4186
670149 95102 66.6667
670149 10121 79.0698
670149 4867 80
670149 58104 74.4186
670149 667276 80.9524
670149 636942 86.3636
670149 625468 75.5556
670149 630262 84.4444
670149 662773 64.8649
670149 646166 82.0513
670149 521887 85
670149 648928 68.2927
670149 666115 61.2903
670149 1118 64.8649
670149 644932 71.4286
670149 632917 60
670149 55876 79.0698
670149 611783 71.1111
670149 674195 85.7143
670149 647355 71.1111
670149 663549 69.7674
670149 648929 74.4186
670149 635820 72.7273
670149 348706 80.9524
670149 202930 84.2105
670149 3124 84.2105
670149 160451 65.1163
670149 62009 77.2727
670149 636929 80.9524
670149 4771 75
670149 644333 65.1163
670149 295435 73.1707
670149 19984 82.9268
670149 603977 73.1707
670149 70868 65.1163
670149 634220 60.4651
670149 616278 73.1707
670149 624051 69.5652
670149 634775 69.7674
670149 60698 63.1579
670149 27116 86.4865
670149 633900 66.6667
670149 79016 69.7674
670149 617633 76.1905
670149 2775 76.1905
670149 646159 80.9524
670149 609820 87.1795
670149 295302 61.2903
670149 631808 73.1707
670149 619147 71.1111
670149 636326 87.8049
670149 672019 66.6667
670149 657843 80
670149 331770 85.7143
670149 639767 70.3704
670149 646207 79.0698
670149 617398 63.6364
670149 66688 76.1905
670149 285113 90
670149 634581 71.1111
670149 34765 65.1163
670149 649097 71.1111
670149 680494 79.0698
670149 13009 71.4286
670149 157913 68.4211
670149 649092 61.9048
670149 147110 86.3636
670149 58580 66.6667
670149 634156 60
670149 699206 66.6667
670149 636947 77.2727
670149 638603 64.8649
670149 609248 80.9524
670149 87254 73.1707
670149 649427 77.2727
670149 615011 88.3721
670149 638636 73.6842
670149 625239 72.7273
670149 668856 61.5385
670149 627367 69.7674
670149 685783 61.9048
670149 615299 81.8182
670149 677917 75
670149 291534 79.0698
670149 55459 63.6364
670149 56357 70.8333
670149 163501 66.6667
670149 624003 77.2727
670149 327445 71.7949
670149 58030 73.913
670149 66069 84.4444
670149 634615 63.4146
670149 632913 63.6364
670149 81549 70.2703
670149 644871 77.2727
670149 79707 87.1795
670149 649424 86.3636
670149 663914 76.1905
670149 56470 79.0698
670149 632386 80
670149 627370 68.2927
670149 75707 75.5556
670149 75518 61.5385
670149 632918 66.6667
670149 612049 60.7143
670149 140121 69.7674
670149 25397 88.3721
670149 41355 73.1707
670149 649044 77.2727
670149 663947 69.7674
670149 25413 66.6667
670149 636086 77.2727
670149 665282 74.4186
670149 630691 69.7674
670149 131090 88.3721
670149 646438 62.2951
670149 659301 66.6667
670149 15193 63.4146
670149 627066 68.2927
670149 679283 63.4146
670149 617628 77.2727
670149 653051 63.4146
670149 617406 77.2727
670149 628979 77.2727
670149 663935 75
670149 634241 73.1707
670149 404698 75
670149 635811 60.4651
0 1
1 0
2 0
3 0
4 0
5 0
6 1
7 1
8 5
9 1
10 1
11 2
12 0
13 2
14 1
15 1
16 0
17 0
18 3
19 4
20 4
21 10
22 5
23 3
24 4
25 9
26 7
27 11
28 18
29 14
30 9
31 3
32 6
33 7
34 4
35 6
36 3
37 4
38 18
39 6
40 18
41 4
42 15
43 15
44 19
45 17
46 12
47 11
48 22
49 22
50 17
51 1
52 13
53 16
54 13
55 25
56 28
57 12
58 26
59 13
60 35
61 12
62 22
63 9
64 23
65 19
66 8
67 34
68 2
69 28
70 22
71 5
72 24
73 10
74 23
75 24
76 20
77 10
78 27
79 9
80 37
81 7
82 9
83 12
84 4
85 14
86 5
87 8
88 8
89 9
90 6
91 5
92 0
93 4
94 0
95 1
96 0
97 0
98 0
99 0
100 0
101 0
11
5793
