54
650648 636326 68.2927
650648 122681 78.0488
650648 622652 66.6667
650648 269613 80.9524
650648 670181 71.7949
650648 659144 71.4286
650648 328442 66.6667
650648 625042 66.6667
650648 116539 68.2927
650648 624163 74.4186
650648 74517 66.6667
650648 99002 73.1707
650648 404000 69.7674
650648 619101 66.6667
650648 672018 71.4286
650648 633900 66.6667
650648 650642 80
650648 603977 82.9268
650648 63917 71.1111
650648 681316 66.6667
650648 327445 71.7949
650648 309699 68.2927
650648 9076 80
650648 634552 66.6667
650648 654114 69.7674
650648 633868 68.2927
650648 624535 66.6667
650648 378242 85
650648 677545 73.6842
650648 3609 78.9474
650648 623992 68.1818
650648 650786 68.1818
650648 1088 71.7949
650648 86080 74.4186
650648 658782 66.6667
650648 641165 66.6667
650648 650616 69.7674
650648 658779 70
650648 672019 71.4286
650648 194315 66.6667
650648 69607 71.4286
650648 342008 68.2927
650648 158037 73.1707
650648 658533 80
650648 650634 82.9268
650648 624162 71.1111
650648 45164 66.6667
650648 655039 77.7778
650648 650641 83.7209
650648 60698 68.4211
650648 687618 68.2927
650648 84552 66.6667
650648 670179 71.7949
650648 670180 71.7949
0 15
1 0
2 0
3 0
4 0
5 1
6 2
7 1
8 3
9 0
10 0
11 1
12 4
13 3
14 4
15 1
16 2
17 0
18 6
19 5
20 9
21 7
22 8
23 13
24 14
25 17
26 18
27 17
28 25
29 13
30 12
31 10
32 16
33 15
34 13
35 27
36 15
37 16
38 17
39 19
40 25
41 7
42 24
43 19
44 23
45 20
46 11
47 29
48 29
49 31
50 30
51 4
52 36
53 33
54 50
55 62
56 46
57 9
58 28
59 19
60 21
61 6
62 9
63 2
64 11
65 5
66 2
67 14
68 0
69 9
70 4
71 0
72 11
73 0
74 3
75 2
76 0
77 0
78 1
79 2
80 3
81 1
82 0
83 2
84 1
85 1
86 0
87 0
88 0
89 0
90 0
91 0
92 0
93 0
94 0
95 0
96 0
97 0
98 0
99 0
100 0
101 0
11
5520
