475
30798 634135 69.5652
30798 84223 72.2222
30798 37752 83.3333
30798 657562 74.4186
30798 633890 97.8723
30798 42443 79.1667
30798 636921 71.1111
30798 83398 63.6364
30798 142693 61.5385
30798 626923 69.3878
30798 30131 81.6327
30798 16634 97.7778
30798 62778 66.6667
30798 658698 80.8511
30798 629718 80.9524
30798 404000 78.2609
30798 692599 81.8182
30798 656391 69.5652
30798 169105 88.8889
30798 651739 70.8333
30798 617363 80.8511
30798 677555 79.0698
30798 637434 68.0851
30798 639682 75
30798 624349 85.1064
30798 660421 76.5957
30798 664853 69.7674
30798 102318 90.9091
30798 650211 70.8333
30798 66070 66.6667
30798 309708 61.1111
30798 651217 80.8511
30798 345650 65.2174
30798 59628 76.5957
30798 74380 85.7143
30798 627383 87.5
30798 670181 76.1905
30798 685117 66.6667
30798 670149 79.0698
30798 661128 87.5
30798 623701 76.1905
30798 81669 78.2609
30798 650625 68.1818
30798 67594 72.3404
30798 636993 70.8333
30798 54833 68.0851
30798 30152 73.1707
30798 639472 65.7143
30798 634306 87.5
30798 653050 60.8696
30798 658487 60.8696
30798 158037 72.7273
30798 64013 79.0698
30798 630692 79.1667
30798 97219 78.2609
30798 639772 64.4068
30798 54829 68.1818
30798 650624 76.5957
30798 666677 60.4651
30798 647024 63.0137
30798 43026 80.8511
30798 52350 72.3404
30798 186233 69.5652
30798 338205 66.6667
30798 650064 69.697
30798 645542 64.6154
30798 48911 66.6667
30798 23380 60
30798 60195 61.5385
30798 646440 66.6667
30798 7636 79.0698
30798 102851 82.6087
30798 628265 90.9091
30798 25952 95.6522
30798 624987 80
30798 624671 76.9231
30798 38253 66.6667
30798 639681 75
30798 645129 60
30798 638534 64.7887
30798 55342 75.5556
30798 657817 93.3333
30798 647645 68.75
30798 656390 70.8333
30798 633174 73.4694
30798 672208 80
30798 657811 75
30798 634171 75
30798 611078 71.4286
30798 96461 77.2727
30798 626100 75.5556
30798 400230 75
30798 625795 83.3333
30798 9659 60.4651
30798 660640 83.7209
30798 625469 78.2609
30798 675282 60
30798 657840 83.3333
30798 625042 79.1667
30798 651220 89.3617
30798 665536 64.7887
30798 692226 63.1579
30798 679281 61.9048
30798 128160 90.9091
30798 641699 64.7059
30798 43870 77.2727
30798 180 93.0233
30798 690415 62.2222
30798 633011 66.6667
30798 382815 82.6087
30798 656386 78.2609
30798 116539 72.7273
30798 646645 62.5
30798 634714 83.3333
30798 646707 87.5
30798 635960 75.5556
30798 658776 78.2609
30798 369774 95.6522
30798 609067 75
30798 1986 90.9091
30798 694105 73.913
30798 677512 73.1707
30798 627435 82.0513
30798 2750 61.9048
30798 116363 82.6087
30798 47695 80
30798 72089 72.3404
30798 651737 70.8333
30798 650609 89.3617
30798 686466 65.1163
30798 644273 78.0488
30798 685298 60.4651
30798 646910 63.8889
30798 291305 88.8889
30798 636784 76.5957
30798 647068 75
30798 677920 76.1905
30798 148519 64.8649
30798 12463 65.2174
30798 309699 72.7273
30798 617368 66.6667
30798 209084 72.7273
30798 631315 81.8182
30798 164614 60.4651
30798 675186 64.7059
30798 659342 75
30798 695625 72.7273
30798 680715 83.7209
30798 625421 65.2174
30798 646165 80.8511
30798 138305 87.8049
30798 616232 78.2609
30798 642896 60.4651
30798 647643 65.7143
30798 666665 78.2609
30798 656387 75
30798 638640 66.6667
30798 73166 76.1905
30798 40484 63.8298
30798 624535 87.5
30798 617316 73.1707
30798 8512 93.3333
30798 636935 68.0851
30798 111920 63.6364
30798 53183 75
30798 658980 66.6667
30798 31976 72.7273
30798 649428 68.0851
30798 404827 63.4146
30798 160587 71.1111
30798 679825 74.5763
30798 646441 62.8571
30798 654114 78.2609
30798 670182 77.2727
30798 84227 61.5385
30798 72288 75
30798 636095 76.5957
30798 665553 82.6087
30798 68955 79.0698
30798 659015 63.8889
30798 617409 82.6087
30798 631128 83.3333
30798 636943 80.8511
30798 34632 68.0851
30798 294731 74.4186
30798 631648 76.5957
30798 623636 88.8889
30798 663571 76.5957
30798 650783 69.5652
30798 45164 80
30798 326172 63.6364
30798 8774 91.3043
30798 646001 76.5957
30798 697384 77.2727
30798 691995 62.5
30798 637493 65.7143
30798 689210 85.1064
30798 627226 79.0698
30798 657803 86.9565
30798 629474 90.9091
30798 136135 80
30798 667247 71.1111
30798 43798 68.0851
30798 634293 69.5652
30798 631630 85.1064
30798 191990 75.5556
30798 63862 95.6522
30798 670179 76.1905
30798 637642 64.7059
30798 634151 78.9474
30798 676713 65.1163
30798 63055 65.1163
30798 672441 68.1818
30798 624961 73.913
30798 20985 78.0488
30798 650616 86.9565
30798 633879 100
30798 6365 68.4211
30798 601362 70.8333
30798 666432 97.8723
30798 663915 68.0851
30798 364202 81.8182
30798 662187 84.4444
30798 627436 93.0233
30798 73248 66.6667
30798 628244 81.6327
30798 677516 84.4444
30798 647644 65.7143
30798 57548 63.8298
30798 30724 65.1163
30798 29851 63.6364
30798 644297 71.4286
30798 650608 61.5385
30798 278461 78.2609
30798 624163 73.913
30798 693434 81.8182
30798 8120 86.9565
30798 690393 72.1311
30798 668362 73.1707
30798 663585 97.8723
30798 623832 69.5652
30798 687813 66.6667
30798 231338 68.1818
30798 624231 63.3333
30798 609818 62.5
30798 657836 78.2609
30798 696224 66.6667
30798 651218 80.8511
30798 650610 93.3333
30798 657805 85.7143
30798 650611 69.7674
30798 629037 80
30798 38243 66.6667
30798 627708 61.2903
30798 616811 60.8696
30798 174612 72.7273
30798 640230 76.5957
30798 634470 76.5957
30798 632227 70
30798 647646 68.75
30798 672960 83.7209
30798 640890 78.4314
30798 628996 83.3333
30798 650634 68.1818
30798 624162 70.8333
30798 670148 95.6522
30798 628296 78.0488
30798 84552 71.1111
30798 629038 63.8298
30798 651324 85.1064
30798 98431 61.9048
30798 664941 68.6567
30798 311941 79.0698
30798 57598 68.2927
30798 694557 62.1622
30798 625186 79.1667
30798 641698 64.7059
30798 39362 66.6667
30798 637646 70.9677
30798 661471 68.0851
30798 683892 69.5652
30798 118613 63.6364
30798 83653 68.0851
30798 625464 81.8182
30798 651735 70.8333
30798 174620 76.1905
30798 38255 62.5
30798 677915 66.6667
30798 131312 63.1579
30798 56148 73.913
30798 295156 87.8049
30798 638129 87.5
30798 677916 66.6667
30798 622644 68.0851
30798 656393 70.8333
30798 663952 68.0851
30798 645124 64.7059
30798 602880 68.0851
30798 660053 60.8696
30798 71320 72.7273
30798 63911 78.2609
30798 58895 75.5556
30798 26154 75
30798 649441 85.1064
30798 66479 66.6667
30798 695218 80
30798 640902 69.2308
30798 641654 60
30798 30723 65.1163
30798 638174 76.5957
30798 664269 69.7674
30798 694951 60.4651
30798 663936 68.0851
30798 677545 63.4146
30798 636946 68.0851
30798 630076 65.3061
30798 693424 87.8049
30798 71439 68.0851
30798 405084 66.6667
30798 663576 68.0851
30798 339497 60
30798 174655 63.6364
30798 645098 69.8413
30798 638851 93.0233
30798 628102 66.6667
30798 29232 65.1163
30798 13687 75.5556
30798 109999 68.1818
30798 666436 93.617
30798 82166 69.7674
30798 609819 76.1905
30798 613239 78.2609
30798 301196 71.4286
30798 625064 78.2609
30798 628495 75
30798 667470 80
30798 631634 66.6667
30798 86939 60.4651
30798 41554 66.6667
30798 278175 65.1163
30798 691259 60.3175
30798 614939 64.7887
30798 40725 81.8182
30798 662782 63.4146
30798 18255 66.6667
30798 624960 73.913
30798 86080 69.5652
30798 624006 80
30798 636118 75
30798 634163 81.8182
30798 34551 93.617
30798 639683 75
30798 649096 65.2174
30798 642604 76.5957
30798 676712 65.1163
30798 147625 66.6667
30798 642788 82.0513
30798 105373 79.0698
30798 694315 63.6364
30798 1026 78.0488
30798 624331 66.6667
30798 627082 65.2174
30798 646232 65.2174
30798 95102 75.5556
30798 10121 91.3043
30798 4867 75
30798 58104 86.9565
30798 667276 80
30798 636942 80.8511
30798 625468 83.3333
30798 23609 77.2727
30798 630262 87.5
30798 662773 65
30798 646166 71.4286
30798 521887 74.4186
30798 666115 67.6923
30798 1118 65
30798 644932 80
30798 55876 95.6522
30798 674195 75.5556
30798 647355 91.6667
30798 648929 60.8696
30798 348706 75.5556
30798 202930 63.4146
30798 3124 73.1707
30798 62009 72.3404
30798 636929 71.1111
30798 4771 65.1163
30798 644333 69.5652
30798 295435 81.8182
30798 19984 72.7273
30798 603977 68.1818
30798 616278 95.4545
30798 624051 61.2245
30798 634775 60.8696
30798 60698 63.4146
30798 27116 75
30798 633900 87.5
30798 79016 60.8696
30798 617633 66.6667
30798 2775 66.6667
30798 646159 71.1111
30798 609820 76.1905
30798 54128 76.5957
30798 631808 86.3636
30798 619147 62.5
30798 636326 86.3636
30798 657843 83.3333
30798 294107 80
30798 331770 84.4444
30798 639767 63.1579
30798 646207 86.9565
30798 617398 80.8511
30798 66688 62.2222
30798 285113 79.0698
30798 634581 62.5
30798 34765 60.8696
30798 649097 62.5
30798 680494 69.5652
30798 301199 68.1818
30798 157913 63.4146
30798 147110 76.5957
30798 58580 80
30798 699206 62.2222
30798 636947 68.0851
30798 638603 60
30798 609248 88.8889
30798 87254 77.2727
30798 649427 68.0851
30798 624575 63.8889
30798 615011 78.2609
30798 615299 72.3404
30798 637643 64.7059
30798 677917 69.7674
30798 291534 65.2174
30798 56357 86.2745
30798 163501 66.6667
30798 624003 93.617
30798 58030 93.8776
30798 66069 75
30798 81549 65
30798 644871 85.1064
30798 79707 71.4286
30798 649424 76.5957
30798 681679 60.8696
30798 2741 68.1818
30798 697598 62.1622
30798 663914 66.6667
30798 57884 60.8696
30798 56470 86.9565
30798 632386 87.5
30798 638521 65.7143
30798 75707 62.5
30798 612049 71.1864
30798 140121 78.2609
30798 25397 78.2609
30798 41355 81.8182
30798 649044 97.8723
30798 636086 63.8298
30798 665282 60.8696
30798 630691 82.6087
30798 131090 78.2609
30798 646438 68.75
30798 659301 87.5
30798 15193 81.8182
30798 615985 65.7143
30798 627066 72.7273
30798 641697 64.7059
30798 620336 70
30798 617628 68.0851
30798 617406 68.0851
30798 628979 97.8723
30798 663935 60.4651
30798 634241 95.4545
30798 404698 65.1163
0 10
1 0
2 0
3 0
4 0
5 0
6 1
7 0
8 0
9 0
10 1
11 4
12 2
13 0
14 2
15 4
16 2
17 1
18 3
19 5
20 11
21 4
22 7
23 5
24 3
25 2
26 8
27 12
28 9
29 8
30 22
31 15
32 20
33 8
34 13
35 25
36 9
37 10
38 13
39 10
40 33
41 10
42 9
43 11
44 12
45 11
46 13
47 17
48 23
49 19
50 20
51 1
52 22
53 17
54 14
55 25
56 19
57 14
58 29
59 6
60 14
61 20
62 10
63 14
64 25
65 16
66 24
67 30
68 1
69 35
70 21
71 10
72 12
73 17
74 11
75 22
76 9
77 24
78 6
79 24
80 26
81 10
82 12
83 8
84 11
85 3
86 8
87 9
88 13
89 4
90 2
91 5
92 3
93 0
94 10
95 0
96 7
97 0
98 6
99 0
100 0
101 1
9
6625
