163
58511 634219 70
58511 638636 68.5714
58511 21412 68.5714
58511 113665 73.6842
58511 634156 75.6757
58511 4419 70.2703
58511 658309 84.2105
58511 100467 74.2857
58511 643469 75
58511 33377 73.6842
58511 670248 82.0513
58511 667851 86.4865
58511 643485 88.2353
58511 645038 70.2703
58511 752 70
58511 82807 68.4211
58511 645037 70.2703
58511 229540 76.9231
58511 617627 71.4286
58511 42903 66.6667
58511 643480 88.2353
58511 372154 94.4444
58511 685799 70
58511 379113 73.6842
58511 690589 70
58511 114022 66.6667
58511 51867 72.2222
58511 57259 68.5714
58511 658980 66.6667
58511 4120 70.9677
58511 749 75
58511 84227 66.6667
58511 109852 66.6667
58511 681101 68.5714
58511 76699 66.6667
58511 361456 80
58511 658487 70
58511 650037 75
58511 14787 66.6667
58511 660053 70
58511 632917 70.2703
58511 252048 81.0811
58511 194296 83.871
58511 122381 70.5882
58511 382319 70.2703
58511 45956 70.9677
58511 675586 70
58511 409962 70
58511 680857 80
58511 45914 73.1707
58511 667944 76.9231
58511 663589 75
58511 100649 72.2222
58511 70716 68.4211
58511 690575 68.4211
58511 177951 84.2105
58511 680827 75
58511 55456 78.0488
58511 643478 85.7143
58511 664977 68.4211
58511 674553 70
58511 193513 70.5882
58511 625027 77.7778
58511 282037 68.5714
58511 270531 74.2857
58511 79447 71.7949
58511 634193 68.4211
58511 653048 73.6842
58511 57048 73.6842
58511 630640 74.2857
58511 665667 70.5882
58511 512913 76.9231
58511 69587 68.2927
58511 643489 70.5882
58511 62597 76.9231
58511 684038 87.1795
58511 625659 76.1905
58511 665282 70
58511 677276 76.9231
58511 648928 68.4211
58511 225122 70
58511 67609 71.7949
58511 75518 66.6667
58511 130085 71.7949
58511 36921 71.4286
58511 14085 75.8621
58511 622657 68.4211
58511 667940 76.9231
58511 670091 83.3333
58511 622659 68.4211
58511 602889 78.9474
58511 667063 66.6667
58511 141014 76.4706
58511 345650 70
58511 97327 82.0513
58511 643484 81.0811
58511 98696 66.6667
58511 658774 70
58511 605469 78.9474
58511 8145 81.25
58511 635951 76.9231
58511 684041 70.2703
58511 651590 68.5714
58511 677504 76.9231
58511 679078 81.0811
58511 119877 66.6667
58511 328820 72.7273
58511 667849 66.6667
58511 667941 82.0513
58511 149987 76.9231
58511 101655 73.6842
58511 658498 72.2222
58511 629118 71.4286
58511 690586 70
58511 643475 88.2353
58511 681072 75.6757
58511 2031 78.5714
58511 650753 68.9655
58511 675585 73.6842
58511 677503 76.9231
58511 344521 80
58511 306735 70.2703
58511 624856 66.6667
58511 682811 68.75
58511 677500 66.6667
58511 643470 80
58511 297577 70
58511 685303 71.7949
58511 263770 81.0811
58511 266126 81.0811
58511 326651 70
58511 629424 71.4286
58511 19055 74.2857
58511 56285 81.0811
58511 100141 66.6667
58511 4935 66.6667
58511 682813 82.3529
58511 83516 76.9231
58511 680466 75.6757
58511 60549 70
58511 684033 66.6667
58511 674329 91.4286
58511 643487 80
58511 142693 66.6667
58511 674552 73.6842
58511 675215 78.9474
58511 622695 76.4706
58511 622694 72.2222
58511 18621 70
58511 38248 66.6667
58511 66688 76.9231
58511 60530 70
58511 60188 70.9677
58511 98431 72.2222
58511 679449 73.6842
58511 344522 75
58511 7887 66.6667
58511 690691 78.7879
58511 675279 70
58511 51143 76.4706
58511 644333 70
58511 371717 84.2105
58511 193514 84.8485
0 3
1 0
2 0
3 0
4 0
5 0
6 0
7 0
8 2
9 3
10 1
11 1
12 5
13 9
14 1
15 1
16 3
17 7
18 5
19 17
20 3
21 8
22 8
23 8
24 3
25 18
26 5
27 11
28 10
29 20
30 33
31 12
32 26
33 15
34 23
35 59
36 35
37 20
38 22
39 12
40 30
41 2
42 18
43 21
44 12
45 18
46 9
47 14
48 35
49 27
50 28
51 0
52 25
53 17
54 8
55 25
56 10
57 13
58 23
59 15
60 23
61 4
62 26
63 20
64 12
65 22
66 0
67 20
68 0
69 17
70 21
71 14
72 8
73 6
74 10
75 10
76 4
77 16
78 1
79 6
80 5
81 0
82 7
83 4
84 2
85 4
86 1
87 1
88 1
89 3
90 0
91 0
92 1
93 0
94 0
95 1
96 0
97 0
98 0
99 0
100 0
101 0
10
5966
