402
655264 663549 71.1111
655264 634219 71.1111
655264 650624 69.5652
655264 160497 77.2727
655264 128701 81.6327
655264 629718 87.8049
655264 629474 83.7209
655264 634220 71.1111
655264 638636 85
655264 131090 66.6667
655264 609818 68.0851
655264 664941 66.6667
655264 666730 72.7273
655264 21412 70
655264 607167 75.5556
655264 96448 71.4286
655264 634156 71.4286
655264 639683 68.0851
655264 86939 66.6667
655264 33592 68.0851
655264 646444 69.8413
655264 617607 79.0698
655264 294110 79.0698
655264 81549 76.9231
655264 636326 79.0698
655264 100467 75
655264 56426 75.5556
655264 680482 74.4186
655264 643469 66.6667
655264 676737 74.4186
655264 670183 75.5556
655264 659301 72.3404
655264 33377 74.4186
655264 611078 82.9268
655264 670248 68.1818
655264 624960 71.1111
655264 667851 66.6667
655264 645038 80.9524
655264 619072 70
655264 29232 76.1905
655264 63055 71.4286
655264 622652 68.0851
655264 628979 69.5652
655264 645037 85.7143
655264 154741 69.7674
655264 653050 71.1111
655264 627436 66.6667
655264 110344 87.8049
655264 623991 79.0698
655264 655263 95.2381
655264 631808 69.7674
655264 285113 66.6667
655264 634175 78.2609
655264 257830 66.6667
655264 116523 71.1111
655264 628296 70
655264 690589 66.6667
655264 630691 71.1111
655264 114022 78.9474
655264 638593 84.4444
655264 631315 69.7674
655264 609819 78.0488
655264 694105 71.1111
655264 602670 72.1311
655264 55619 75.5556
655264 680494 66.6667
655264 24711 79.0698
655264 41356 83.7209
655264 658980 68.1818
655264 646645 72.3404
655264 150952 68.1818
655264 647645 69.8413
655264 84227 84.2105
655264 369774 71.1111
655264 676713 76.1905
655264 646158 66.6667
655264 658787 69.8413
655264 697384 79.0698
655264 679281 68.2927
655264 657817 68.1818
655264 681101 70
655264 191990 72.7273
655264 667247 77.2727
655264 118613 69.7674
655264 646164 77.2727
655264 658487 75.5556
655264 646159 68.1818
655264 650037 71.1111
655264 102318 69.7674
655264 677512 70
655264 660053 75.5556
655264 632917 71.4286
655264 48911 84.2105
655264 672208 68.1818
655264 54128 69.5652
655264 602880 73.913
655264 688887 71.4286
655264 364202 88.3721
655264 612765 78.2609
655264 623636 77.2727
655264 637189 77.2727
655264 382319 76.1905
655264 634470 82.6087
655264 409962 66.6667
655264 664001 85
655264 669986 66.6667
655264 657841 66.6667
655264 64118 69.7674
655264 663589 71.1111
655264 649044 73.913
655264 661465 81.8182
655264 100649 68.2927
655264 26245 73.1707
655264 639710 82.6087
655264 631648 69.5652
655264 72288 68.0851
655264 644433 73.913
655264 639963 70
655264 161621 69.7674
655264 683892 75.5556
655264 645335 70.8333
655264 55456 69.5652
655264 136135 68.1818
655264 662771 73.913
655264 633221 73.913
655264 627073 79.0698
655264 664977 83.7209
655264 657815 78.0488
655264 611545 78.2609
655264 663921 70
655264 616278 79.0698
655264 638603 66.6667
655264 619101 68.0851
655264 56497 72.3404
655264 625027 78.0488
655264 634303 85.1064
655264 286680 69.7674
655264 672018 68.1818
655264 382814 83.7209
655264 657809 72.3404
655264 633900 68.0851
655264 625792 66.6667
655264 627074 79.0698
655264 633220 66.6667
655264 64013 80.9524
655264 25952 75.5556
655264 30798 75.5556
655264 38231 81.8182
655264 693427 76.1905
655264 657833 76.9231
655264 656392 68.0851
655264 630690 73.6842
655264 646440 67.6923
655264 79447 77.2727
655264 693424 75
655264 634193 83.7209
655264 67437 68.0851
655264 659975 80
655264 122751 83.7209
655264 40553 72.7273
655264 623651 72.7273
655264 651218 78.2609
655264 624003 69.5652
655264 624386 72.3404
655264 4771 66.6667
655264 71320 74.4186
655264 116363 84.4444
655264 663585 73.913
655264 128160 69.7674
655264 657843 85.1064
655264 646439 69.8413
655264 58895 81.8182
655264 30723 71.4286
655264 102624 79.0698
655264 628495 80
655264 1168 78.0488
655264 649441 91.3043
655264 644273 75
655264 58030 70.8333
655264 10549 80
655264 161622 69.7674
655264 512913 68.1818
655264 42080 71.7949
655264 69587 73.913
655264 643489 76.9231
655264 663914 72.7273
655264 16634 77.2727
655264 405968 68.0851
655264 625648 69.8413
655264 625659 68.0851
655264 646210 68.0851
655264 665282 80
655264 169105 77.2727
655264 677276 68.1818
655264 695625 70.3704
655264 648928 69.7674
655264 633174 75
655264 43395 66.6667
655264 72272 68.1818
655264 659185 74.4186
655264 12463 71.1111
655264 382815 84.4444
655264 63911 71.1111
655264 133683 71.1111
655264 633868 79.0698
655264 15193 74.4186
655264 624535 72.3404
655264 220327 68.1818
655264 99331 68.2927
655264 27419 77.2727
655264 640645 74.4186
655264 603719 84.4444
655264 663936 73.913
655264 174620 78.0488
655264 624961 71.1111
655264 617629 88.8889
655264 636095 86.9565
655264 625421 84.4444
655264 98436 77.2727
655264 670091 68.2927
655264 164614 66.6667
655264 227902 73.1707
655264 651739 80.8511
655264 686466 71.4286
655264 622145 73.913
655264 60548 72.7273
655264 345650 80
655264 626945 79.0698
655264 608710 68.1818
655264 613239 80
655264 97327 68.1818
655264 623648 80
655264 637821 68.2927
655264 646168 84.4444
655264 658774 71.1111
655264 617633 68.1818
655264 19911 72.7273
655264 284701 71.1111
655264 635968 85.7143
655264 73819 76.1905
655264 626946 82.0513
655264 651330 69.5652
655264 657812 72.3404
655264 38255 80.8511
655264 666530 80.9524
655264 630915 77.2727
655264 36283 77.2727
655264 38468 68.1818
655264 651590 70
655264 648327 71.1111
655264 658782 68.2927
655264 694951 76.1905
655264 641165 72.3404
655264 630692 68.0851
655264 119877 77.2727
655264 650616 66.6667
655264 328820 68.4211
655264 667849 81.8182
655264 627066 83.7209
655264 676712 76.1905
655264 650609 69.5652
655264 371727 86.3636
655264 33832 69.5652
655264 617409 88.8889
655264 616232 66.6667
655264 149987 72.7273
655264 658779 71.4286
655264 62009 78.2609
655264 56148 84.4444
655264 649436 69.5652
655264 647068 72.3404
655264 625446 74.4186
655264 672019 68.1818
655264 623701 68.2927
655264 664853 85.7143
655264 609820 78.0488
655264 660640 71.4286
655264 278461 84.4444
655264 40725 69.7674
655264 620248 80
655264 640743 69.5652
655264 651324 69.5652
655264 634171 80.8511
655264 635034 77.193
655264 57598 85
655264 691613 76.1905
655264 696224 78.0488
655264 688343 76.1905
655264 7636 76.1905
655264 69607 77.2727
655264 57548 82.6087
655264 644432 73.913
655264 632231 68.5714
655264 681072 71.4286
655264 30152 85
655264 209084 74.4186
655264 617398 73.913
655264 125718 71.4286
655264 306735 66.6667
655264 668362 85
655264 623700 72.3404
655264 115006 69.7674
655264 339497 82.0513
655264 643470 80
655264 626947 71.7949
655264 297577 75.5556
655264 620336 76.9231
655264 666728 74.4186
655264 666432 73.913
655264 644871 73.913
655264 685303 77.2727
655264 1163 78.0488
655264 347504 80.9524
655264 695218 90.9091
655264 8774 71.1111
655264 677917 95.2381
655264 649690 85.7143
655264 609816 73.6842
655264 629374 69.5652
655264 637646 72.1311
655264 102851 84.4444
655264 698558 79.0698
655264 43870 79.0698
655264 629424 85.1064
655264 641086 68.2927
655264 631634 78.9474
655264 638641 75.5556
655264 699206 68.1818
655264 25397 71.1111
655264 650634 69.7674
655264 56285 71.4286
655264 657818 68.2927
655264 120309 68.2927
655264 33077 71.1111
655264 640902 70.5882
655264 8120 75.5556
655264 642788 78.9474
655264 5553 76.1905
655264 41355 83.7209
655264 663935 80.9524
655264 81756 66.6667
655264 650211 80.8511
655264 56138 75.5556
655264 56869 76.5957
655264 54855 68.0851
655264 45164 72.7273
655264 26154 82.0513
655264 663951 71.1111
655264 74468 71.4286
655264 615011 66.6667
655264 600388 71.4286
655264 667068 78.0488
655264 656400 68.0851
655264 5220 80
655264 626865 75
655264 294868 81.8182
655264 624987 81.8182
655264 643487 75.5556
655264 620753 79.2453
655264 623832 84.4444
655264 71439 78.2609
655264 634306 89.3617
655264 629494 72.7273
655264 142693 78.9474
655264 666665 66.6667
655264 646438 69.8413
655264 74380 66.6667
655264 632227 76.9231
655264 675215 79.0698
655264 62660 66.6667
655264 680715 71.4286
655264 84552 77.2727
655264 43634 72.7273
655264 667524 66.6667
655264 625109 80
655264 73709 71.1111
655264 362133 70.2703
655264 163661 80
655264 118151 73.913
655264 631956 71.1111
655264 683369 85
655264 38248 82.9268
655264 639709 77.2727
655264 72286 68.0851
655264 66688 77.2727
655264 20121 66.6667
655264 98431 82.9268
655264 679449 69.7674
655264 344522 66.6667
655264 80747 78.0488
655264 131312 81.0811
655264 649424 69.5652
655264 689429 74.4186
655264 622636 71.1111
655264 102623 69.7674
655264 405554 80
655264 645334 69.5652
655264 654113 66.6667
655264 645089 84.4444
655264 644333 88.8889
655264 657803 66.6667
655264 193514 68.4211
0 3
1 0
2 0
3 0
4 0
5 1
6 6
7 0
8 0
9 0
10 0
11 1
12 0
13 0
14 0
15 1
16 0
17 1
18 1
19 5
20 7
21 3
22 9
23 2
24 5
25 6
26 2
27 5
28 5
29 8
30 12
31 6
32 2
33 4
34 5
35 11
36 1
37 7
38 10
39 7
40 14
41 0
42 7
43 6
44 19
45 10
46 11
47 17
48 16
49 27
50 22
51 5
52 19
53 14
54 15
55 31
56 19
57 22
58 34
59 9
60 39
61 30
62 28
63 12
64 35
65 7
66 29
67 33
68 1
69 47
70 45
71 5
72 42
73 23
74 18
75 16
76 14
77 17
78 19
79 20
80 29
81 9
82 8
83 9
84 8
85 19
86 7
87 2
88 2
89 4
90 1
91 1
92 1
93 0
94 0
95 0
96 2
97 0
98 0
99 0
100 0
101 0
11
6058
