252
679579 650611 71.4286
679579 623657 86.3636
679579 640230 73.913
679579 655264 72.7273
679579 650624 73.913
679579 160497 77.2727
679579 128701 69.3878
679579 629718 73.1707
679579 629474 74.4186
679579 131090 66.6667
679579 666730 90.9091
679579 632952 71.4286
679579 96448 76.1905
679579 12045 75.5556
679579 33592 72.3404
679579 657807 72.3404
679579 617607 79.0698
679579 294110 93.0233
679579 636326 69.7674
679579 56426 84.4444
679579 670183 71.1111
679579 659301 93.617
679579 611078 73.1707
679579 624960 66.6667
679579 122681 69.7674
679579 625794 73.913
679579 619072 66.6667
679579 628979 91.3043
679579 625464 74.4186
679579 627436 71.4286
679579 110344 78.0488
679579 623991 79.0698
679579 655263 66.6667
679579 301199 69.7674
679579 631808 88.3721
679579 688039 66.6667
679579 285113 66.6667
679579 670181 73.1707
679579 628296 75
679579 630691 84.4444
679579 638593 84.4444
679579 631315 69.7674
679579 609819 78.0488
679579 55619 93.3333
679579 41356 74.4186
679579 33139 80.8511
679579 624004 72.7273
679579 625042 72.3404
679579 647645 69.8413
679579 656388 71.1111
679579 124081 69.5652
679579 369774 80
679579 640892 68
679579 676713 66.6667
679579 697384 69.7674
679579 657817 90.9091
679579 191990 68.1818
679579 667247 68.1818
679579 116539 69.7674
679579 102318 83.7209
679579 54128 69.5652
679579 688887 80.9524
679579 364202 79.0698
679579 623636 72.7273
679579 637189 72.7273
679579 625471 74.4186
679579 601821 69.5652
679579 649044 82.6087
679579 629243 67.7419
679579 20985 70
679579 644433 86.9565
679579 683892 66.6667
679579 73166 68.2927
679579 645335 66.6667
679579 667470 68.1818
679579 136135 68.1818
679579 662771 86.9565
679579 633221 86.9565
679579 99002 69.7674
679579 657815 82.9268
679579 616278 93.0233
679579 634714 68.0851
679579 634303 76.5957
679579 382814 69.7674
679579 633900 80.8511
679579 625792 75.5556
679579 633220 75.5556
679579 64013 71.4286
679579 25952 84.4444
679579 30798 88.8889
679579 38231 72.7273
679579 693427 80.9524
679579 657833 76.9231
679579 630690 84.2105
679579 693424 85
679579 628244 70.8333
679579 122751 69.7674
679579 623651 90.9091
679579 624003 82.6087
679579 624386 76.5957
679579 116363 71.1111
679579 663585 82.6087
679579 128160 79.0698
679579 602909 78.2609
679579 657843 76.5957
679579 646439 69.8413
679579 58895 68.1818
679579 628495 69.0909
679579 1168 78.0488
679579 649441 78.2609
679579 644273 70
679579 634552 68.0851
679579 58030 87.5
679579 654114 71.1111
679579 663914 68.1818
679579 16634 81.8182
679579 43030 69.5652
679579 646210 72.3404
679579 169105 77.2727
679579 633174 66.6667
679579 661128 80.8511
679579 659185 74.4186
679579 382815 71.1111
679579 63911 66.6667
679579 15193 83.7209
679579 624535 80.8511
679579 665122 71.1111
679579 220327 68.1818
679579 603719 71.1111
679579 174620 68.2927
679579 624961 66.6667
679579 617629 80
679579 636095 69.5652
679579 625421 66.6667
679579 98436 81.8182
679579 227902 68.2927
679579 651739 76.5957
679579 686466 66.6667
679579 4971 71.4286
679579 81669 66.6667
679579 626945 79.0698
679579 295375 75.6757
679579 613239 80
679579 657805 73.1707
679579 623648 80
679579 60275 68.0851
679579 646168 66.6667
679579 650034 66.6667
679579 617633 68.1818
679579 635968 76.1905
679579 626946 71.7949
679579 651330 86.9565
679579 650981 71.4286
679579 666530 80.9524
679579 36283 81.8182
679579 630692 80.8511
679579 650616 88.8889
679579 625462 71.1111
679579 657836 66.6667
679579 627226 66.6667
679579 627066 69.7674
679579 676712 66.6667
679579 650609 95.6522
679579 371727 81.8182
679579 33832 78.2609
679579 617409 75.5556
679579 616232 80
679579 649436 73.913
679579 625446 97.6744
679579 623701 82.9268
679579 664853 71.4286
679579 609820 78.0488
679579 660640 66.6667
679579 278461 75.5556
679579 624331 68.0851
679579 40725 88.3721
679579 640743 73.913
679579 651324 86.9565
679579 634171 68.0851
679579 635034 66.6667
679579 688343 80.9524
679579 69607 77.2727
679579 644432 86.9565
679579 617398 86.9565
679579 125718 76.1905
679579 623700 85.1064
679579 634249 69.5652
679579 666728 88.3721
679579 666432 82.6087
679579 644871 78.2609
679579 1163 78.0488
679579 347504 76.1905
679579 695218 77.2727
679579 8774 75.5556
679579 677917 66.6667
679579 649690 80.9524
679579 4647 66.6667
679579 637646 72.1311
679579 102851 84.4444
679579 174612 69.7674
679579 43870 74.4186
679579 44217 72.3404
679579 638641 71.1111
679579 25397 71.1111
679579 650634 69.7674
679579 657818 82.9268
679579 8120 84.4444
679579 642788 73.6842
679579 657562 66.6667
679579 5553 66.6667
679579 41355 74.4186
679579 650211 76.5957
679579 56138 66.6667
679579 54855 72.3404
679579 45164 68.1818
679579 26154 71.7949
679579 2738 75.5556
679579 74468 66.6667
679579 615011 66.6667
679579 600388 71.4286
679579 5220 66.6667
679579 626865 75
679579 294868 86.3636
679579 624987 81.8182
679579 646001 69.5652
679579 623832 71.1111
679579 640890 68
679579 71439 69.5652
679579 634306 85.1064
679579 666665 75.5556
679579 646438 69.8413
679579 74380 75
679579 301197 69.7674
679579 62660 75.5556
679579 680715 66.6667
679579 644932 72.7273
679579 670179 68.2927
679579 625109 80
679579 73709 88.8889
679579 163661 69.0909
679579 118151 91.3043
679579 631956 75.5556
679579 683369 70
679579 80747 78.0488
679579 656387 68.0851
679579 622636 75.5556
679579 670180 73.1707
679579 689210 69.5652
679579 654113 84.4444
679579 645089 71.1111
679579 644333 66.6667
679579 657803 75.5556
0 10
1 0
2 0
3 0
4 0
5 0
6 1
7 0
8 0
9 0
10 2
11 1
12 2
13 1
14 3
15 5
16 3
17 4
18 4
19 8
20 13
21 5
22 9
23 5
24 14
25 5
26 2
27 14
28 16
29 4
30 21
31 5
32 17
33 9
34 12
35 16
36 15
37 18
38 13
39 9
40 19
41 3
42 18
43 19
44 20
45 21
46 21
47 27
48 20
49 31
50 18
51 2
52 26
53 21
54 17
55 14
56 20
57 15
58 30
59 5
60 28
61 34
62 17
63 14
64 37
65 5
66 26
67 32
68 3
69 19
70 31
71 1
72 22
73 13
74 11
75 10
76 13
77 10
78 4
79 10
80 11
81 10
82 5
83 7
84 2
85 9
86 2
87 9
88 1
89 6
90 0
91 3
92 2
93 0
94 4
95 0
96 1
97 0
98 1
99 0
100 0
101 0
9
6184
