96
651016 47745 70.9163
651016 664739 89.3855
651016 665964 60
651016 700287 66.1538
651016 633031 74.1313
651016 60342 63.2479
651016 79594 79.2593
651016 680414 73.2601
651016 58057 84.507
651016 619179 60.119
651016 633424 84.6154
651016 650898 73.1183
651016 78747 82.3105
651016 701596 62.6506
651016 651687 82.7338
651016 668532 63.5983
651016 654077 65.8436
651016 699499 73.6059
651016 643408 66.9323
651016 33668 76.4045
651016 636593 64.4172
651016 664891 76.1905
651016 700283 66.6667
651016 701196 68.7023
651016 668536 94.375
651016 698623 62.6198
651016 632493 82.5503
651016 643703 70.8955
651016 651686 86.7133
651016 638352 83.4532
651016 661755 72.7273
651016 668537 96.875
651016 700286 66.1538
651016 656199 84.3537
651016 700285 66.1538
651016 78738 74.4186
651016 63689 62.069
651016 657782 69.8413
651016 700282 66.6667
651016 662162 87.5
651016 670886 89.3855
651016 7231 73.93
651016 651018 64.7059
651016 673654 85.7143
651016 651015 95.2381
651016 5015 75.8621
651016 662283 90.7285
651016 641039 68.7747
651016 698554 66.3934
651016 9617 85.614
651016 662831 62.1849
651016 34934 79.8535
651016 47764 83.871
651016 632484 83.4532
651016 647976 83.1541
651016 58056 84.507
651016 654265 69.6296
651016 78748 83.9858
651016 626496 68.5259
651016 65856 81.5884
651016 642654 83.4532
651016 665356 61.6667
651016 58058 86.8966
651016 670887 78.2123
651016 673653 85.5172
651016 697671 67.1875
651016 668535 97.5
651016 631567 86.014
651016 636589 66.8874
651016 79589 71.1462
651016 700288 66.1538
651016 700357 69.8529
651016 699497 76.3077
651016 680411 71.9101
651016 698506 63.0573
651016 648540 77.1812
651016 622229 84.3972
651016 34929 75.8621
651016 673317 81.0219
651016 632485 85.1064
651016 663417 60.4082
651016 47770 85.6164
651016 664893 76.5343
651016 78743 81.8841
651016 78741 80.1471
651016 638583 73.0769
651016 634555 79.0036
651016 638365 76.3359
651016 680416 71.4829
651016 642655 80.7143
651016 664892 76.1905
651016 65849 84.6975
651016 647977 85.9756
651016 34931 83.0325
651016 700290 67.1756
651016 645793 99.375
0 5
1 0
2 0
3 1
4 3
5 2
6 1
7 2
8 1
9 2
10 7
11 7
12 6
13 17
14 19
15 14
16 30
17 18
18 48
19 42
20 71
21 70
22 66
23 63
24 108
25 94
26 65
27 48
28 32
29 0
30 2
31 1
32 1
33 4
34 1
35 3
36 3
37 3
38 3
39 14
40 4
41 4
42 10
43 5
44 4
45 6
46 6
47 5
48 3
49 2
50 7
51 3
52 5
53 1
54 6
55 4
56 4
57 3
58 2
59 4
60 2
61 2
62 1
63 4
64 3
65 2
66 1
67 9
68 2
69 3
70 3
71 2
72 3
73 1
74 5
75 2
76 2
77 6
78 1
79 1
80 3
81 2
82 3
83 3
84 7
85 6
86 6
87 3
88 1
89 0
90 2
91 1
92 0
93 0
94 0
95 1
96 1
97 1
98 1
99 0
100 1
101 0
30
6699
