312
2775 133865 74.4186
2775 643471 69.7674
2775 638686 83.7209
2775 163508 66.6667
2775 634145 69.7674
2775 680519 80.9524
2775 75707 68.0851
2775 96461 74.4186
2775 17796 71.1111
2775 3846 80.8511
2775 64800 68.0851
2775 611347 79.0698
2775 97219 84.4444
2775 279497 73.6842
2775 624005 68.1818
2775 677555 80.9524
2775 56470 66.6667
2775 601362 80.8511
2775 405084 68.0851
2775 291559 66.6667
2775 649429 68.1818
2775 87081 72.7273
2775 34765 75.5556
2775 348706 68.1818
2775 662156 68.1818
2775 655264 72.7273
2775 663549 80
2775 634219 75.5556
2775 128701 77.551
2775 629474 69.7674
2775 634220 71.1111
2775 638636 80
2775 131090 66.6667
2775 609818 85.1064
2775 21412 70
2775 607167 66.6667
2775 113665 69.7674
2775 617406 73.913
2775 634156 71.4286
2775 636932 69.5652
2775 639683 80.8511
2775 86939 66.6667
2775 33592 68.0851
2775 658309 69.7674
2775 53183 72.3404
2775 100467 75
2775 680482 74.4186
2775 670183 71.1111
2775 33377 74.4186
2775 670248 72.7273
2775 643485 66.6667
2775 645038 85.7143
2775 641763 81.8182
2775 29232 66.6667
2775 63055 80.9524
2775 622652 68.0851
2775 645037 76.1905
2775 154741 69.7674
2775 627436 71.4286
2775 655263 76.1905
2775 643480 66.6667
2775 285113 85.7143
2775 372154 68.2927
2775 634175 78.2609
2775 257830 84.4444
2775 116523 75.5556
2775 659144 72.7273
2775 328442 68.2927
2775 690589 71.1111
2775 114022 78.9474
2775 694105 84.4444
2775 680494 84.4444
2775 24711 69.7674
2775 646645 85.1064
2775 624004 68.1818
2775 150952 77.2727
2775 84227 68.4211
2775 369774 66.6667
2775 697384 74.4186
2775 681101 75
2775 667247 68.1818
2775 646164 81.8182
2775 623635 69.5652
2775 658487 75.5556
2775 646159 81.8182
2775 677512 85
2775 660053 75.5556
2775 632917 71.4286
2775 252048 76.1905
2775 637434 82.6087
2775 194296 66.6667
2775 624163 66.6667
2775 690590 66.6667
2775 636947 69.5652
2775 612765 78.2609
2775 637189 68.1818
2775 634470 73.913
2775 409962 66.6667
2775 667950 66.6667
2775 664001 70
2775 657841 71.7949
2775 291534 71.1111
2775 64118 69.7674
2775 193521 70
2775 661465 81.8182
2775 100649 73.1707
2775 70716 74.4186
2775 26245 73.1707
2775 202930 80
2775 631648 78.2609
2775 72288 80.8511
2775 636935 69.5652
2775 639963 75
2775 683892 71.1111
2775 645335 66.6667
2775 66479 84.2105
2775 689418 66.6667
2775 404000 66.6667
2775 664977 83.7209
2775 617628 78.2609
2775 611545 78.2609
2775 663921 70
2775 619101 76.5957
2775 56497 80.8511
2775 625027 78.0488
2775 634303 68.0851
2775 286680 79.0698
2775 50850 68.8525
2775 672018 72.7273
2775 382814 69.7674
2775 657809 76.5957
2775 64013 66.6667
2775 38231 77.2727
2775 44675 79.0698
2775 79447 77.2727
2775 634193 74.4186
2775 636929 68.1818
2775 67437 85.1064
2775 659975 75.5556
2775 122751 69.7674
2775 40553 81.8182
2775 63917 76.5957
2775 651218 86.9565
2775 4771 85.7143
2775 71320 79.0698
2775 116363 66.6667
2775 635960 77.2727
2775 128160 69.7674
2775 657843 68.0851
2775 58895 72.7273
2775 102624 79.0698
2775 636086 82.6087
2775 628495 69.0909
2775 665667 71.7949
2775 649441 69.5652
2775 10549 88.8889
2775 654114 66.6667
2775 512913 72.7273
2775 42080 71.7949
2775 69587 73.913
2775 663914 77.2727
2775 16634 68.1818
2775 43030 73.913
2775 405968 76.5957
2775 625659 68.0851
2775 665282 75.5556
2775 169105 77.2727
2775 695625 77.7778
2775 648928 83.7209
2775 636924 68.1818
2775 633174 75
2775 43395 66.6667
2775 67609 72.7273
2775 12463 84.4444
2775 382815 66.6667
2775 63911 66.6667
2775 133683 66.6667
2775 633868 69.7674
2775 99331 73.1707
2775 603719 75.5556
2775 663936 82.6087
2775 174620 73.1707
2775 617629 66.6667
2775 625421 80
2775 670091 73.1707
2775 164614 80.9524
2775 602889 74.4186
2775 167881 69.7674
2775 4971 71.4286
2775 345650 71.1111
2775 81669 75.5556
2775 608710 77.2727
2775 625239 73.913
2775 658774 71.1111
2775 284701 75.5556
2775 605469 74.4186
2775 73819 66.6667
2775 52350 78.2609
2775 657812 76.5957
2775 309708 74.2857
2775 36283 68.1818
2775 38468 77.2727
2775 651590 75
2775 694951 66.6667
2775 641165 72.3404
2775 409127 68.1818
2775 149965 66.6667
2775 667849 68.1818
2775 627226 76.1905
2775 371727 72.7273
2775 617409 75.5556
2775 149987 81.8182
2775 658779 66.6667
2775 62009 95.6522
2775 637006 82.6087
2775 56148 71.1111
2775 647068 72.3404
2775 636941 68.1818
2775 672019 72.7273
2775 664853 71.4286
2775 43798 78.2609
2775 194315 68.1818
2775 660640 66.6667
2775 656987 74.4186
2775 278461 66.6667
2775 620248 70
2775 634171 76.5957
2775 635034 66.6667
2775 690586 66.6667
2775 7636 85.7143
2775 694315 74.4186
2775 255115 77.2727
2775 601307 79.0698
2775 681072 66.6667
2775 209084 79.0698
2775 647334 70.2703
2775 99871 75
2775 125718 71.4286
2775 404827 80
2775 668362 70
2775 115006 69.7674
2775 339497 71.7949
2775 643470 75.5556
2775 297577 80
2775 644871 69.5652
2775 685303 68.1818
2775 347504 66.6667
2775 8774 66.6667
2775 677917 76.1905
2775 18255 78.9474
2775 609816 68.4211
2775 629374 73.913
2775 102851 71.1111
2775 698558 74.4186
2775 263770 80.9524
2775 266126 80.9524
2775 43870 74.4186
2775 629424 76.5957
2775 638641 71.1111
2775 60734 71.1111
2775 699206 72.7273
2775 25397 80
2775 658533 68.0851
2775 56285 66.6667
2775 640902 70.5882
2775 5553 76.1905
2775 663935 85.7143
2775 4935 72.3404
2775 56138 71.1111
2775 56869 80.8511
2775 45164 77.2727
2775 639840 79.1667
2775 66069 72.3404
2775 74468 76.1905
2775 615011 75.5556
2775 600388 76.1905
2775 646001 73.913
2775 643487 66.6667
2775 620753 71.6981
2775 623832 75.5556
2775 71439 73.913
2775 634306 68.0851
2775 142693 78.9474
2775 256 69.5652
2775 675215 74.4186
2775 839 78.0488
2775 680715 66.6667
2775 57549 72.7273
2775 163661 72.7273
2775 683369 70
2775 38248 73.1707
2775 72286 80.8511
2775 66688 86.3636
2775 8395 76.1905
2775 20121 75.5556
2775 98431 73.1707
2775 679449 69.7674
2775 344522 75.5556
2775 31976 69.7674
2775 131312 70.2703
2775 649424 69.5652
2775 635820 78.2609
2775 364093 68.1818
2775 622636 71.1111
2775 102623 74.4186
2775 405554 80
2775 51143 71.7949
2775 654113 66.6667
2775 645089 80
2775 644333 80
2775 659274 66.6667
2775 193514 73.6842
0 4
1 0
2 0
3 0
4 0
5 0
6 0
7 2
8 1
9 1
10 2
11 4
12 5
13 1
14 5
15 1
16 0
17 0
18 4
19 2
20 4
21 1
22 4
23 4
24 11
25 12
26 2
27 6
28 4
29 4
30 14
31 8
32 5
33 11
34 6
35 14
36 10
37 4
38 12
39 5
40 11
41 6
42 26
43 17
44 19
45 9
46 1
47 11
48 29
49 18
50 28
51 2
52 32
53 38
54 39
55 22
56 41
57 23
58 41
59 14
60 40
61 36
62 26
63 20
64 46
65 10
66 31
67 42
68 0
69 32
70 32
71 3
72 26
73 18
74 17
75 22
76 16
77 16
78 12
79 13
80 18
81 13
82 6
83 4
84 3
85 7
86 8
87 2
88 0
89 1
90 0
91 0
92 0
93 0
94 0
95 0
96 1
97 0
98 0
99 0
100 0
101 0
12
7164
