50
650639 650783 77.2727
650639 648475 73.6842
650639 629036 70
650639 623021 68.1818
650639 111920 76.1905
650639 630078 72.3404
650639 122640 79.0698
650639 630688 73.913
650639 670182 66.6667
650639 342024 73.6842
650639 650624 75.5556
650639 650648 82.9268
650639 122681 71.4286
650639 622652 69.5652
650639 269613 79.0698
650639 670181 70
650639 6746 66.6667
650639 116539 66.6667
650639 624163 68.1818
650639 651936 68.4211
650639 633553 75.5556
650639 99002 66.6667
650639 650642 82.9268
650639 603977 80.9524
650639 327445 70
650639 309699 66.6667
650639 9076 87.8049
650639 633868 66.6667
650639 378242 82.9268
650639 677545 71.7949
650639 3609 76.9231
650639 650786 80
650639 1088 75
650639 1937 72.7273
650639 86080 68.1818
650639 658779 68.2927
650639 69607 69.7674
650639 645924 80
650639 342008 71.4286
650639 158037 71.4286
650639 658533 73.913
650639 650634 80.9524
650639 624162 69.5652
650639 629039 66.6667
650639 655039 75.6757
650639 650641 90.9091
650639 60698 66.6667
650639 687618 71.4286
650639 670179 70
650639 670180 70
0 18
1 0
2 0
3 0
4 0
5 2
6 1
7 2
8 3
9 0
10 0
11 4
12 3
13 7
14 1
15 2
16 6
17 11
18 8
19 8
20 8
21 10
22 12
23 18
24 21
25 30
26 14
27 25
28 29
29 15
30 20
31 12
32 25
33 20
34 19
35 27
36 27
37 27
38 14
39 19
40 27
41 20
42 21
43 25
44 32
45 30
46 34
47 36
48 78
49 84
50 87
51 0
52 57
53 43
54 37
55 19
56 10
57 6
58 11
59 5
60 10
61 14
62 5
63 9
64 7
65 5
66 8
67 8
68 0
69 5
70 8
71 0
72 5
73 2
74 4
75 1
76 3
77 2
78 1
79 0
80 4
81 2
82 0
83 3
84 0
85 0
86 0
87 0
88 1
89 0
90 0
91 1
92 0
93 0
94 0
95 0
96 0
97 0
98 0
99 0
100 0
101 0
13
8786
