218
54088 81656 64.8649
54088 623991 70
54088 657731 68.2927
54088 127964 61.9048
54088 2743 66.6667
54088 45914 60.4651
54088 626865 75.6757
54088 403681 72.2222
54088 644432 60.4651
54088 679577 66.6667
54088 658774 61.9048
54088 626947 72.2222
54088 626539 66.6667
54088 16231 65.1163
54088 122231 72.2222
54088 160588 70.2703
54088 453 61.1111
54088 202965 64.8649
54088 74446 66.6667
54088 629009 61.9048
54088 697943 61.9048
54088 31539 60.4651
54088 631597 82.3529
54088 700123 65.1163
54088 617683 63.6364
54088 1112 64.5161
54088 294110 65
54088 607167 61.9048
54088 30798 61.9048
54088 84223 75
54088 633890 60.4651
54088 62778 73.6842
54088 629718 63.1579
54088 692599 70
54088 51697 70
54088 2253 64.7059
54088 651739 63.6364
54088 624349 65.1163
54088 650211 63.6364
54088 76031 61.1111
54088 623701 73.6842
54088 650625 65
54088 30152 70.2703
54088 526596 70.2703
54088 158037 65
54088 40450 78.0488
54088 21545 60
54088 650624 69.7674
54088 642926 61.1111
54088 191042 61.1111
54088 193502 63.4146
54088 46798 61.1111
54088 49590 66.6667
54088 4926 64.8649
54088 48911 62.8571
54088 23380 61.1111
54088 60195 68.5714
54088 43395 61.5385
54088 25952 66.6667
54088 624987 68.2927
54088 624671 80
54088 672208 82.9268
54088 623233 65
54088 49494 60.4651
54088 648305 65.1163
54088 626100 68.2927
54088 660640 61.5385
54088 56338 63.4146
54088 180 61.5385
54088 33518 66.6667
54088 67668 66.6667
54088 658776 66.6667
54088 1986 70
54088 2750 68.4211
54088 42903 62.8571
54088 72089 65.1163
54088 651737 63.6364
54088 650609 65.1163
54088 148519 66.6667
54088 138305 70.2703
54088 616232 66.6667
54088 40484 60.4651
54088 624535 72.7273
54088 8512 68.2927
54088 401553 65
54088 160587 78.0488
54088 609696 68.75
54088 84228 70.5882
54088 670182 60
54088 342024 61.1111
54088 636095 74.4186
54088 641086 68.4211
54088 68955 61.5385
54088 651936 61.1111
54088 161601 75
54088 623636 63.4146
54088 663571 65.1163
54088 326172 60
54088 656986 80
54088 629474 60
54088 67800 64.7059
54088 63862 66.6667
54088 185355 85.7143
54088 634151 64.7059
54088 676713 71.7949
54088 187538 65
54088 624961 66.6667
54088 650616 71.4286
54088 633879 61.9048
54088 6365 70.5882
54088 26249 70.5882
54088 666432 60.4651
54088 364202 60
54088 662187 68.2927
54088 57548 65.1163
54088 30724 61.5385
54088 7598 70.5882
54088 644297 63.1579
54088 693434 70
54088 8120 66.6667
54088 663585 60.4651
54088 231338 65
54088 696224 63.1579
54088 650610 63.4146
54088 650611 71.7949
54088 629037 68.2927
54088 174612 65
54088 640230 74.4186
54088 632227 66.6667
54088 648306 65.1163
54088 684074 71.4286
54088 650634 70
54088 647530 68.75
54088 628296 75.6757
54088 84552 63.4146
54088 629038 83.7209
54088 57598 70.2703
54088 625186 63.6364
54088 118613 70
54088 651735 63.6364
54088 38255 63.6364
54088 3767 60
54088 602880 65.1163
54088 649441 60.4651
54088 695218 63.4146
54088 25855 74.2857
54088 30723 61.5385
54088 664269 61.5385
54088 693424 64.8649
54088 348404 62.5
54088 174655 75
54088 638851 66.6667
54088 29232 61.5385
54088 13687 63.4146
54088 109999 65
54088 82166 61.5385
54088 613239 66.6667
54088 301196 84.2105
54088 48122 72.2222
54088 631634 74.2857
54088 187521 63.4146
54088 40725 70
54088 624960 66.6667
54088 626433 61.5385
54088 634163 60
54088 34551 65.1163
54088 676712 71.7949
54088 147625 91.4286
54088 642788 68.5714
54088 627082 66.6667
54088 95102 68.2927
54088 58104 66.6667
54088 240408 61.1111
54088 23609 70
54088 662773 61.1111
54088 1118 72.2222
54088 624151 87.1795
54088 3235 64.7059
54088 632921 62.8571
54088 14787 62.8571
54088 295435 70
54088 603977 60
54088 616278 65
54088 633900 72.7273
54088 667524 71.7949
54088 54128 88.3721
54088 667246 63.4146
54088 631808 70
54088 294107 72.2222
54088 10014 61.1111
54088 617398 65.1163
54088 64884 72.2222
54088 301199 85
54088 699206 63.4146
54088 638603 72.2222
54088 87254 60
54088 29227 72.7273
54088 609695 61.9048
54088 119877 68.2927
54088 193341 75.6757
54088 58030 62.2222
54088 81549 66.6667
54088 2741 70
54088 626580 64.2857
54088 57884 66.6667
54088 655039 68.5714
54088 140121 66.6667
54088 627175 74.2857
54088 41355 70
54088 649044 60.4651
54088 51695 70.5882
54088 659301 63.6364
54088 15193 70
54088 627066 75
54088 620336 77.7778
54088 19191 64.7059
54088 628979 65.1163
54088 634241 65
0 11
1 0
2 0
3 0
4 0
5 0
6 0
7 2
8 0
9 0
10 0
11 1
12 0
13 3
14 0
15 0
16 3
17 7
18 3
19 2
20 5
21 11
22 13
23 14
24 22
25 13
26 11
27 12
28 26
29 23
30 36
31 9
32 19
33 33
34 22
35 23
36 21
37 34
38 35
39 47
40 43
41 8
42 32
43 27
44 45
45 21
46 22
47 30
48 29
49 31
50 34
51 1
52 40
53 29
54 23
55 33
56 15
57 9
58 35
59 17
60 19
61 10
62 29
63 6
64 21
65 22
66 13
67 23
68 0
69 15
70 15
71 10
72 6
73 11
74 2
75 9
76 3
77 0
78 1
79 2
80 2
81 0
82 0
83 2
84 1
85 2
86 1
87 0
88 1
89 1
90 0
91 0
92 1
93 0
94 0
95 0
96 0
97 0
98 0
99 0
100 0
101 0
13
8672
