493
623991 657731 69.7674
623991 127964 86.3636
623991 644325 68.2927
623991 2743 81.8182
623991 638641 63.6364
623991 646164 69.7674
623991 626865 92.3077
623991 382814 80.9524
623991 7760 63.4146
623991 160497 74.4186
623991 644432 84.4444
623991 679577 95.4545
623991 4140 73.913
623991 677510 69.7674
623991 600388 68.2927
623991 241173 76.9231
623991 625063 66.6667
623991 522408 74.4186
623991 625465 81.8182
623991 626947 63.1579
623991 59679 74.4186
623991 656392 60.8696
623991 659234 62.2222
623991 684792 69.7674
623991 16231 71.1111
623991 140665 78.0488
623991 654113 77.2727
623991 118993 64.8649
623991 453 63.1579
623991 120309 65
623991 623992 62.2222
623991 628999 78.0488
623991 74446 68.5714
623991 629009 86.3636
623991 697943 72.7273
623991 620248 76.9231
623991 636790 66.6667
623991 670183 63.6364
623991 36283 83.7209
623991 133683 63.6364
623991 650981 68.2927
623991 5220 68.1818
623991 625471 66.6667
623991 645335 63.8298
623991 646436 67.7419
623991 627725 66.6667
623991 631597 83.3333
623991 700123 93.3333
623991 617683 78.2609
623991 667849 65.1163
623991 658787 67.7419
623991 220327 65.1163
623991 54855 73.913
623991 619072 64.4068
623991 633868 66.6667
623991 1112 72.7273
623991 625412 60.8696
623991 622636 72.7273
623991 294110 90.4762
623991 641165 69.5652
623991 637641 63.6364
623991 666530 82.9268
623991 30798 86.3636
623991 634135 63.6364
623991 84223 76.4706
623991 37752 73.913
623991 657562 68.2927
623991 633890 84.4444
623991 42443 65.2174
623991 83398 61.9048
623991 142693 64.8649
623991 626923 68.0851
623991 30131 76.5957
623991 16634 83.7209
623991 62778 80
623991 658698 66.6667
623991 629718 85
623991 404000 63.6364
623991 692599 95.2381
623991 169105 74.4186
623991 651739 82.6087
623991 617363 71.1111
623991 677555 73.1707
623991 639682 60.8696
623991 624349 93.3333
623991 660421 62.2222
623991 664853 73.1707
623991 102318 76.1905
623991 650211 82.6087
623991 309708 64.7059
623991 651217 71.1111
623991 345650 68.1818
623991 59628 71.1111
623991 74380 72.3404
623991 627383 73.913
623991 670181 70
623991 685117 69.7674
623991 670149 68.2927
623991 661128 73.913
623991 623701 90
623991 81669 63.6364
623991 650625 71.4286
623991 30152 76.9231
623991 634306 82.6087
623991 653050 63.6364
623991 526596 66.6667
623991 658487 63.6364
623991 158037 66.6667
623991 64013 78.0488
623991 630692 78.2609
623991 40450 60.4651
623991 97219 63.6364
623991 54829 71.4286
623991 650624 75.5556
623991 666677 68.2927
623991 87059 60.4651
623991 43026 71.1111
623991 365560 60.4651
623991 338205 69.7674
623991 650064 62.5
623991 48911 70.2703
623991 116805 61.9048
623991 627507 62.8571
623991 23380 63.1579
623991 60195 64.8649
623991 646440 65.625
623991 7636 68.2927
623991 102851 77.2727
623991 628265 76.1905
623991 25952 90.9091
623991 624987 88.3721
623991 624671 86.4865
623991 38253 70
623991 639681 60.8696
623991 55342 65.1163
623991 657817 83.7209
623991 647645 67.7419
623991 672208 88.3721
623991 657811 60.8696
623991 634171 69.5652
623991 611078 75
623991 96461 66.6667
623991 626100 88.3721
623991 400230 78.9474
623991 625795 69.5652
623991 9659 63.4146
623991 660640 78.0488
623991 625469 63.6364
623991 657840 69.5652
623991 625042 65.2174
623991 56338 60.4651
623991 651220 80
623991 692226 66.6667
623991 679281 65
623991 128160 76.1905
623991 600059 61.1111
623991 641699 63.6364
623991 43870 66.6667
623991 180 87.8049
623991 33518 63.1579
623991 382815 81.8182
623991 656386 63.6364
623991 116539 66.6667
623991 646645 60.8696
623991 634714 69.5652
623991 67668 68.4211
623991 646707 73.913
623991 635960 60.4651
623991 658776 86.3636
623991 369774 81.8182
623991 609067 70.3704
623991 1986 95.2381
623991 694105 63.6364
623991 677512 66.6667
623991 627435 81.0811
623991 2750 70
623991 116363 81.8182
623991 47695 65.1163
623991 72089 80
623991 651737 82.6087
623991 650609 93.3333
623991 686466 68.2927
623991 644273 82.0513
623991 685298 63.4146
623991 646910 60
623991 291305 74.4186
623991 691610 61.5385
623991 639709 65.1163
623991 636784 62.2222
623991 625015 60.4651
623991 647068 60.8696
623991 677920 80
623991 148519 68.5714
623991 12463 63.6364
623991 309699 66.6667
623991 617368 65
623991 209084 71.4286
623991 631315 71.4286
623991 164614 63.4146
623991 659342 60.8696
623991 695625 60.3774
623991 680715 78.0488
623991 625421 63.6364
623991 646165 66.6667
623991 138305 92.3077
623991 616232 86.3636
623991 647643 61.7647
623991 666665 72.7273
623991 656387 60.8696
623991 638640 60.4651
623991 73166 65
623991 40484 62.2222
623991 624535 86.9565
623991 617316 76.9231
623991 8512 93.0233
623991 53183 60.8696
623991 658980 69.7674
623991 31976 61.9048
623991 404827 61.5385
623991 160587 79.0698
623991 679825 63.1579
623991 646441 61.7647
623991 654114 63.6364
623991 670182 71.4286
623991 84227 64.8649
623991 72288 60.8696
623991 636095 80
623991 665553 68.1818
623991 68955 82.9268
623991 659015 60
623991 617409 77.2727
623991 631128 69.5652
623991 636943 66.6667
623991 34632 62.2222
623991 294731 73.1707
623991 631648 62.2222
623991 623636 88.3721
623991 663571 88.8889
623991 45164 69.7674
623991 326172 66.6667
623991 8774 77.2727
623991 646001 62.2222
623991 697384 66.6667
623991 689210 71.1111
623991 627226 63.4146
623991 657803 72.7273
623991 629474 85.7143
623991 136135 79.0698
623991 667247 74.4186
623991 637821 60
623991 634293 63.6364
623991 631630 71.1111
623991 191990 79.0698
623991 63862 90.9091
623991 670179 70
623991 637642 63.6364
623991 634151 83.3333
623991 676713 78.0488
623991 63055 63.4146
623991 672441 66.6667
623991 624961 81.8182
623991 20985 61.5385
623991 650616 81.8182
623991 633879 86.3636
623991 6365 72.2222
623991 601362 60.8696
623991 666432 84.4444
623991 663915 62.2222
623991 364202 80.9524
623991 662187 97.6744
623991 627436 78.0488
623991 628244 68.0851
623991 677516 69.7674
623991 647644 61.7647
623991 57548 71.1111
623991 30724 68.2927
623991 29851 66.6667
623991 644297 75
623991 650608 64.8649
623991 278461 77.2727
623991 693434 95.2381
623991 8120 95.4545
623991 690393 64.4068
623991 668362 76.9231
623991 663585 84.4444
623991 623832 68.1818
623991 687813 62.6866
623991 231338 76.1905
623991 657836 63.6364
623991 696224 70
623991 651218 71.1111
623991 650610 93.0233
623991 657805 70
623991 650611 78.0488
623991 629037 93.0233
623991 38243 70
623991 616811 63.6364
623991 174612 71.4286
623991 640230 80
623991 634470 80
623991 632227 73.6842
623991 647646 67.7419
623991 672960 68.2927
623991 640890 65.3061
623991 628996 69.5652
623991 650634 71.4286
623991 625028 61.1111
623991 670148 81.8182
623991 628296 92.3077
623991 84552 74.4186
623991 629038 71.1111
623991 651324 80
623991 98431 65
623991 664941 64.6154
623991 311941 68.2927
623991 57598 71.7949
623991 625186 69.5652
623991 641698 63.6364
623991 637646 70
623991 661471 71.1111
623991 683892 68.1818
623991 118613 76.1905
623991 625464 66.6667
623991 651735 82.6087
623991 174620 70
623991 38255 73.913
623991 677915 70.2703
623991 131312 66.6667
623991 56148 77.2727
623991 295156 82.0513
623991 638129 73.913
623991 677916 70
623991 622644 66.6667
623991 663952 71.1111
623991 602880 80
623991 660053 63.6364
623991 71320 71.4286
623991 63911 63.6364
623991 58895 74.4186
623991 26154 78.9474
623991 649441 84.4444
623991 66479 64.8649
623991 695218 83.7209
623991 30723 68.2927
623991 638174 62.2222
623991 664269 73.1707
623991 694951 63.4146
623991 677545 61.5385
623991 693424 92.3077
623991 71439 66.6667
623991 339497 63.1579
623991 174655 71.4286
623991 638851 92.6829
623991 29232 68.2927
623991 13687 79.0698
623991 109999 76.1905
623991 666436 80
623991 82166 73.1707
623991 609819 75
623991 613239 86.3636
623991 301196 80
623991 625064 63.6364
623991 628495 70.3704
623991 667470 65.1163
623991 48122 63.1579
623991 103998 60.4651
623991 631634 70.2703
623991 86939 63.4146
623991 18894 62.8571
623991 278175 68.2927
623991 614939 60.8696
623991 40725 95.2381
623991 662782 61.5385
623991 18255 64.8649
623991 624960 81.8182
623991 624006 65.1163
623991 636118 60.8696
623991 626433 63.4146
623991 634163 85.7143
623991 34551 93.3333
623991 639683 60.8696
623991 649096 63.6364
623991 642604 75.5556
623991 676712 78.0488
623991 147625 70.2703
623991 642788 86.4865
623991 105373 73.1707
623991 1026 76.9231
623991 624331 65.2174
623991 627082 72.7273
623991 95102 88.3721
623991 10121 77.2727
623991 4867 69.5652
623991 58104 77.2727
623991 667276 65.1163
623991 636942 66.6667
623991 625468 69.5652
623991 23609 90.4762
623991 630262 73.913
623991 662773 68.4211
623991 646166 75
623991 521887 73.1707
623991 1118 68.4211
623991 624151 63.4146
623991 644932 74.4186
623991 55876 81.8182
623991 674195 69.7674
623991 647355 86.9565
623991 648929 63.6364
623991 348706 74.4186
623991 202930 61.5385
623991 3124 71.7949
623991 62009 66.6667
623991 4771 63.4146
623991 644333 68.1818
623991 295435 90.4762
623991 603977 66.6667
623991 616278 90.4762
623991 634775 63.6364
623991 60698 66.6667
623991 27116 63.1579
623991 633900 82.6087
623991 617633 65.1163
623991 2775 60.4651
623991 646159 60.4651
623991 609820 75
623991 667524 63.4146
623991 54128 84.4444
623991 667246 60.4651
623991 631808 85.7143
623991 619147 60.8696
623991 636326 76.1905
623991 657843 73.913
623991 294107 89.4737
623991 331770 79.0698
623991 646207 72.7273
623991 617398 93.3333
623991 66688 65.1163
623991 285113 63.4146
623991 64884 63.1579
623991 34765 63.6364
623991 301199 80.9524
623991 157913 61.5385
623991 147110 62.2222
623991 58580 79.0698
623991 699206 65.1163
623991 638603 63.1579
623991 609248 74.4186
623991 87254 80.9524
623991 624575 60
623991 615011 63.6364
623991 638636 61.5385
623991 119877 60.4651
623991 685783 60.4651
623991 615299 66.6667
623991 193341 61.5385
623991 637643 63.6364
623991 677917 73.1707
623991 56357 73.4694
623991 163501 69.7674
623991 624003 80
623991 58030 89.3617
623991 66069 60.8696
623991 81549 68.4211
623991 644871 80
623991 79707 70
623991 649424 62.2222
623991 2741 76.1905
623991 663914 60.4651
623991 626580 60
623991 57884 68.1818
623991 56470 81.8182
623991 632386 78.2609
623991 612049 66.6667
623991 140121 77.2727
623991 25397 63.6364
623991 41355 90.4762
623991 649044 84.4444
623991 665282 63.6364
623991 630691 81.8182
623991 131090 63.6364
623991 646438 67.7419
623991 659301 91.3043
623991 15193 95.2381
623991 615985 61.7647
623991 627066 76.1905
623991 641697 63.6364
623991 620336 78.9474
623991 679283 61.9048
623991 628979 88.8889
623991 663935 63.4146
623991 634241 90.4762
623991 404698 63.4146
0 11
1 0
2 0
3 0
4 0
5 0
6 1
7 0
8 0
9 0
10 1
11 3
12 2
13 3
14 0
15 3
16 3
17 3
18 0
19 3
20 9
21 0
22 10
23 10
24 14
25 14
26 9
27 6
28 19
29 10
30 12
31 9
32 21
33 15
34 10
35 21
36 17
37 19
38 15
39 12
40 14
41 9
42 27
43 17
44 15
45 14
46 18
47 14
48 30
49 17
50 26
51 3
52 17
53 38
54 42
55 32
56 29
57 14
58 28
59 13
60 17
61 32
62 19
63 16
64 61
65 16
66 16
67 30
68 5
69 29
70 32
71 6
72 23
73 9
74 20
75 16
76 2
77 17
78 9
79 15
80 19
81 4
82 13
83 10
84 6
85 8
86 3
87 11
88 1
89 7
90 3
91 8
92 1
93 5
94 8
95 0
96 7
97 0
98 1
99 0
100 0
101 0
11
8587
