0
0 0
1 0
2 0
3 0
4 0
5 0
6 0
7 0
8 0
9 0
10 0
11 0
12 0
13 0
14 0
15 0
16 0
17 0
18 0
19 0
20 0
21 0
22 0
23 0
24 0
25 0
26 0
27 0
28 0
29 1
30 0
31 0
32 0
33 1
34 0
35 1
36 0
37 0
38 0
39 1
40 3
41 4
42 2
43 2
44 2
45 8
46 6
47 4
48 15
49 11
50 17
51 7
52 22
53 25
54 24
55 26
56 48
57 49
58 47
59 49
60 60
61 56
62 43
63 59
64 54
65 51
66 76
67 49
68 52
69 42
70 42
71 41
72 37
73 43
74 37
75 33
76 15
77 5
78 9
79 9
80 4
81 3
82 4
83 2
84 0
85 0
86 0
87 0
88 0
89 0
90 0
91 0
92 0
93 0
94 0
95 0
96 0
97 0
98 0
99 0
100 0
101 0
11
6346
