188
71999 161621 70.2703
71999 652546 65
71999 1163 62.8571
71999 695648 88.2353
71999 3225 78.5714
71999 688887 61.1111
71999 688343 61.1111
71999 401554 90.9091
71999 4646 66.6667
71999 630690 62.5
71999 1168 62.8571
71999 54088 68.5714
71999 2743 82.0513
71999 45914 60
71999 626865 64.7059
71999 403681 84.8485
71999 658774 61.5385
71999 51867 62.8571
71999 626947 72.7273
71999 122231 84.8485
71999 160588 88.2353
71999 453 90.9091
71999 623992 65
71999 697943 61.5385
71999 650981 61.1111
71999 31539 60
71999 631597 70.9677
71999 220327 73.6842
71999 1112 71.4286
71999 607167 76.9231
71999 84223 75.8621
71999 62778 62.8571
71999 629718 62.8571
71999 51697 75.6757
71999 2253 96.7742
71999 658501 61.5385
71999 670181 62.8571
71999 76031 60.6061
71999 623701 62.8571
71999 30152 64.7059
71999 526596 88.2353
71999 658487 61.5385
71999 40450 63.1579
71999 650624 60
71999 666677 61.1111
71999 193502 78.9474
71999 43026 60
71999 46798 78.7879
71999 49590 84.8485
71999 4926 64.7059
71999 48911 62.5
71999 627507 60
71999 179790 62.5
71999 23380 90.9091
71999 60195 93.75
71999 4120 60
71999 43395 61.1111
71999 624671 68.75
71999 2441 74.0741
71999 672208 68.4211
71999 623233 64.8649
71999 49494 75
71999 164 62.8571
71999 648305 65
71999 400230 60.6061
71999 628334 66.6667
71999 660640 66.6667
71999 692226 64.5161
71999 600059 64.5161
71999 180 61.1111
71999 667063 68.5714
71999 116539 70.2703
71999 627435 62.5
71999 2750 91.4286
71999 136014 72.2222
71999 686466 61.1111
71999 148519 66.6667
71999 309699 70.2703
71999 10479 77.4194
71999 138305 64.7059
71999 40484 65
71999 624535 63.4146
71999 401553 81.0811
71999 160587 78.9474
71999 609696 75.8621
71999 84228 90.3226
71999 670182 70.2703
71999 84227 62.5
71999 664911 70.5882
71999 636095 65
71999 641086 62.8571
71999 68955 61.1111
71999 100467 64.7059
71999 161601 64.8649
71999 34632 65
71999 656986 68.75
71999 67800 70.9677
71999 637821 85.7143
71999 670179 62.8571
71999 185355 75
71999 634151 64.5161
71999 187538 75.6757
71999 650616 61.5385
71999 6365 70.9677
71999 26249 90.3226
71999 57826 74.2857
71999 30724 61.1111
71999 7598 90.3226
71999 644297 62.8571
71999 231338 86.4865
71999 696224 68.5714
71999 650611 83.3333
71999 174612 81.0811
71999 640230 65
71999 632227 66.6667
71999 648306 65
71999 684074 61.5385
71999 650634 64.8649
71999 350191 64.8649
71999 647530 68.9655
71999 628296 64.7059
71999 84552 63.1579
71999 629038 65
71999 311941 61.1111
71999 646161 62.069
71999 677915 62.5
71999 3767 81.0811
71999 646162 64.5161
71999 660053 61.5385
71999 26154 60.6061
71999 25855 68.75
71999 30723 61.1111
71999 664269 61.1111
71999 339497 60.6061
71999 174655 86.4865
71999 638851 61.1111
71999 29232 61.1111
71999 109999 86.4865
71999 82166 88.8889
71999 301196 74.2857
71999 48122 96.9697
71999 103998 63.1579
71999 631634 62.5
71999 18894 60
71999 187521 73.6842
71999 125185 60
71999 626433 61.1111
71999 147625 75
71999 642788 68.75
71999 77071 83.871
71999 4867 73.1707
71999 58104 61.5385
71999 240408 90.9091
71999 662773 60.6061
71999 1118 66.6667
71999 624151 83.3333
71999 3235 96.7742
71999 632921 68.75
71999 60698 76.4706
71999 633900 68.2927
71999 667524 83.3333
71999 54128 65
71999 631808 64.8649
71999 294107 66.6667
71999 10014 90.9091
71999 64884 96.9697
71999 301199 75.6757
71999 634156 61.1111
71999 699206 63.1579
71999 638603 72.7273
71999 629716 64.7059
71999 29227 80
71999 609695 66.6667
71999 193341 70.5882
71999 40252 78.7879
71999 81549 72.7273
71999 2741 86.4865
71999 626580 64
71999 655039 68.75
71999 75518 62.8571
71999 140121 76.9231
71999 627175 81.25
71999 8957 81.4815
71999 51695 90.3226
71999 627066 70.2703
71999 620336 66.6667
71999 401544 75.8621
71999 19191 77.4194
0 12
1 0
2 0
3 0
4 0
5 0
6 0
7 1
8 1
9 0
10 0
11 1
12 1
13 4
14 3
15 3
16 1
17 8
18 15
19 13
20 5
21 6
22 9
23 17
24 19
25 20
26 12
27 14
28 11
29 11
30 9
31 20
32 7
33 11
34 10
35 38
36 30
37 35
38 27
39 18
40 25
41 4
42 32
43 31
44 54
45 42
46 11
47 45
48 47
49 57
50 55
51 2
52 46
53 48
54 19
55 49
56 27
57 41
58 44
59 21
60 38
61 5
62 24
63 20
64 6
65 26
66 0
67 9
68 0
69 12
70 0
71 10
72 1
73 4
74 3
75 6
76 6
77 3
78 2
79 5
80 1
81 0
82 5
83 1
84 4
85 3
86 1
87 4
88 0
89 4
90 0
91 9
92 1
93 0
94 1
95 0
96 0
97 4
98 0
99 0
100 0
101 0
14
10120
