230
701203 663416 81.4286
701203 654956 86.3014
701203 641295 65
701203 699329 81.4815
701203 78742 69.4301
701203 642663 66.3317
701203 70807 87.6712
701203 638478 73.4463
701203 645547 67.7419
701203 699058 88.3436
701203 647975 66.3265
701203 664208 86.1111
701203 45617 71.3514
701203 645789 60.8
701203 638355 71.8232
701203 665527 62.4
701203 698601 67.7686
701203 634751 65.641
701203 671056 81.9444
701203 364296 64.1304
701203 694553 73.913
701203 654722 65.3266
701203 641660 65.5738
701203 346230 66.6667
701203 380479 60.6965
701203 633425 76.3006
701203 664894 75.2577
701203 698553 81.3333
701203 73283 75.817
701203 701595 83.6957
701203 647014 65.5738
701203 675187 62.2951
701203 701718 82.8571
701203 682338 80
701203 645540 62.9032
701203 693165 83.2432
701203 675268 67.3367
701203 640286 61.0169
701203 687376 81.0526
701203 685584 80.303
701203 636790 67.2414
701203 640067 63.4921
701203 667948 65.6
701203 665158 83.5821
701203 641661 69.3548
701203 700284 72.6257
701203 646436 62.7119
701203 638361 72.1311
701203 677761 77.9412
701203 637641 60.6557
701203 616791 69.1176
701203 663606 81.9444
701203 47745 77.381
701203 665964 87.8981
701203 700287 73.4463
701203 633031 70.4545
701203 60342 76.8212
701203 648360 70.7692
701203 79594 68.4492
701203 680414 81.0526
701203 58057 65.6716
701203 650898 71.4286
701203 639472 64.5161
701203 78747 68.0412
701203 647024 72.4409
701203 695574 85.1351
701203 693166 80.5195
701203 701596 92.7711
701203 660371 86.3014
701203 651687 66.6667
701203 650064 68.3333
701203 645542 62.1849
701203 665963 87.4172
701203 645129 67.7419
701203 638534 70.4
701203 647645 62.7119
701203 668532 71.7949
701203 675451 83.5821
701203 678323 83.5821
701203 654077 76.25
701203 699499 82.7957
701203 664209 81.9444
701203 675282 75.8065
701203 643408 84.5238
701203 661122 83.5821
701203 695836 75.5245
701203 665536 70.4
701203 33668 67.3913
701203 641699 60.6557
701203 664891 76.8421
701203 700283 74.2857
701203 701196 72.6257
701203 665539 84.2105
701203 646910 77.7778
701203 665358 81.9444
701203 664737 83.5821
701203 701777 83.5821
701203 632493 60.4651
701203 643703 64.8649
701203 651686 64.0394
701203 675186 67.2131
701203 638352 66.6667
701203 661755 69.9507
701203 647643 62.9032
701203 697445 85.1351
701203 700286 73.4463
701203 699340 81.4815
701203 656199 61.6114
701203 700285 73.4463
701203 78738 73.1429
701203 679825 60.177
701203 645115 84.9673
701203 63689 77.8523
701203 661123 83.5821
701203 659015 65.0794
701203 657782 63.9053
701203 661186 73.0159
701203 650061 70.8661
701203 700282 74.2857
701203 691995 61.0169
701203 637493 69.3548
701203 625487 60
701203 662162 61.6034
701203 9168 86.8966
701203 671055 79.7297
701203 7231 71.2644
701203 651018 74.8387
701203 637642 60.6557
701203 673654 67.2986
701203 670365 83.5821
701203 648400 73.2824
701203 50848 63.8655
701203 5015 67.4157
701203 676419 77.7778
701203 641039 82.3529
701203 647644 62.9032
701203 698554 77.0186
701203 687813 61.7886
701203 9617 68.3168
701203 662831 85.1613
701203 657733 79.7297
701203 665357 81.9444
701203 34934 71.5789
701203 70804 83.3333
701203 699349 84.8921
701203 660373 83.7838
701203 47764 69.3878
701203 632484 65.641
701203 647976 66.3265
701203 647019 60.6557
701203 662830 84.2857
701203 58056 65.6716
701203 647646 62.7119
701203 625483 60
701203 666386 60.5042
701203 682699 87.5
701203 648352 67.7165
701203 654265 64.1711
701203 78748 69.697
701203 664941 66.1157
701203 694557 68.75
701203 626496 76.1905
701203 641698 60.6557
701203 685583 87.8378
701203 637646 63.7931
701203 65856 64.9485
701203 673997 60.6061
701203 642654 66.6667
701203 645124 67.2131
701203 676949 60
701203 665356 87.8981
701203 641530 61.6667
701203 58058 65.7005
701203 662427 85.1351
701203 673653 68.599
701203 641654 69.3548
701203 697671 83.237
701203 623310 82.3529
701203 645098 61.5385
701203 681170 65.6489
701203 631567 67.9803
701203 668859 62.9032
701203 79589 76.4706
701203 614939 72
701203 700288 73.4463
701203 700357 62.4339
701203 665535 84.2105
701203 699497 63.6364
701203 318534 81.8182
701203 680411 83.6957
701203 625482 60
701203 666115 63.8655
701203 648540 71.6279
701203 694755 79.6875
701203 622229 65.3266
701203 34929 70.7865
701203 673317 72.2513
701203 684694 84
701203 632485 67.3367
701203 663417 95.0617
701203 619377 68.6131
701203 47770 63.1579
701203 664893 75.2577
701203 78743 69.4301
701203 78741 67.7249
701203 638583 79.096
701203 641626 75.3846
701203 634555 66.6667
701203 638365 71.5084
701203 680416 85.5556
701203 624575 74.6032
701203 642655 63.9594
701203 668856 60.6557
701203 664892 76.8421
701203 701201 98.7179
701203 637643 60.6557
701203 65849 65.6566
701203 639779 77.027
701203 681679 74.7967
701203 697598 79.6875
701203 682700 88.7417
701203 638521 64.5161
701203 633810 60.5042
701203 34931 65.9794
701203 646438 62.7119
701203 615985 67.7419
701203 700290 72.6257
701203 649971 84.6715
701203 641697 60.6557
701203 64057 63.4921
0 5
1 0
2 0
3 0
4 0
5 9
6 0
7 1
8 0
9 2
10 5
11 4
12 1
13 2
14 7
15 3
16 5
17 6
18 12
19 9
20 7
21 13
22 18
23 10
24 24
25 17
26 46
27 23
28 31
29 23
30 35
31 29
32 28
33 57
34 31
35 40
36 39
37 28
38 71
39 33
40 59
41 25
42 49
43 54
44 40
45 24
46 57
47 1
48 51
49 3
50 31
51 6
52 2
53 5
54 8
55 3
56 6
57 7
58 6
59 1
60 10
61 15
62 7
63 12
64 9
65 8
66 14
67 9
68 15
69 7
70 9
71 6
72 9
73 6
74 9
75 5
76 6
77 7
78 7
79 0
80 6
81 2
82 12
83 4
84 15
85 7
86 5
87 4
88 6
89 2
90 0
91 0
92 0
93 1
94 0
95 0
96 1
97 0
98 0
99 1
100 0
101 0
25
10785
