379
2765 24711 61.9048
2765 653049 63.1579
2765 639840 63.8298
2765 655264 65.1163
2765 630911 68.2927
2765 638686 66.6667
2765 111180 60
2765 638702 68.1818
2765 670248 83.7209
2765 66476 60.8696
2765 409962 68.1818
2765 659438 69.7674
2765 658498 70
2765 624942 82.6087
2765 680857 76.9231
2765 73198 70.2703
2765 630147 63.1579
2765 664977 71.4286
2765 149987 74.4186
2765 73819 68.2927
2765 663780 66.6667
2765 645038 68.2927
2765 193514 75.6757
2765 653048 71.4286
2765 643470 81.8182
2765 646444 61.2903
2765 36921 82.6087
2765 635034 64.2857
2765 137470 86.3636
2765 4419 78.0488
2765 76006 65.2174
2765 26707 77.2727
2765 45914 71.1111
2765 622694 80
2765 629118 82.6087
2765 13506 61.5385
2765 667940 83.7209
2765 658774 72.7273
2765 690569 76.1905
2765 51867 65
2765 643472 88.8889
2765 674329 82.0513
2765 241173 61.5385
2765 522408 60.4651
2765 4438 61.5385
2765 103805 76.9231
2765 690691 81.0811
2765 372154 85
2765 59679 60.4651
2765 659234 66.6667
2765 684792 74.4186
2765 630640 66.6667
2765 643495 95.2381
2765 101655 80.9524
2765 57048 76.1905
2765 661463 61.1111
2765 79007 66.6667
2765 658397 62.2222
2765 620248 61.5385
2765 133683 81.8182
2765 677504 88.3721
2765 31539 71.1111
2765 371717 90.4762
2765 38250 68.5714
2765 617683 65.2174
2765 667849 69.7674
2765 658787 61.2903
2765 149965 63.4146
2765 678398 78.0488
2765 619072 71.1864
2765 92221 63.1579
2765 372360 68.1818
2765 607167 63.6364
2765 677501 88.3721
2765 98696 65.1163
2765 76010 71.4286
2765 344521 86.3636
2765 602889 71.4286
2765 643485 78.9474
2765 629374 75.5556
2765 626923 76.5957
2765 30131 63.8298
2765 658501 81.8182
2765 679112 61.5385
2765 2858 62.8571
2765 664853 68.2927
2765 650037 86.3636
2765 663921 61.5385
2765 651217 62.2222
2765 345650 72.7273
2765 659122 66.6667
2765 59628 62.2222
2765 76031 63.1579
2765 685117 69.7674
2765 643468 90
2765 1390 80.9524
2765 677503 88.3721
2765 266126 73.1707
2765 30152 61.5385
2765 680828 86.3636
2765 653050 63.6364
2765 675279 72.7273
2765 193513 68.4211
2765 658487 72.7273
2765 40450 60.4651
2765 163508 82.9268
2765 54829 71.4286
2765 684033 60.4651
2765 679482 75.6757
2765 87059 83.7209
2765 67609 69.7674
2765 4926 76.9231
2765 641764 68.4211
2765 338205 60.4651
2765 667944 74.4186
2765 48911 64.8649
2765 66068 68.2927
2765 116805 61.9048
2765 658309 76.1905
2765 370399 71.4286
2765 677554 83.7209
2765 177950 95.4545
2765 4120 62.8571
2765 643475 89.4737
2765 38253 65
2765 650753 66.6667
2765 667760 82.9268
2765 634219 68.1818
2765 667851 87.8049
2765 690579 68.1818
2765 634171 65.2174
2765 674553 68.1818
2765 611078 60
2765 664551 71.7949
2765 634616 65
2765 9659 63.4146
2765 56338 79.0698
2765 372155 80.9524
2765 692226 66.6667
2765 679281 60
2765 229540 83.7209
2765 66296 60
2765 667063 65
2765 686465 66.6667
2765 53376 68.4211
2765 26346 74.4186
2765 33377 66.6667
2765 646645 65.2174
2765 121770 63.4146
2765 67668 63.1579
2765 116523 63.6364
2765 609067 66.6667
2765 643467 83.3333
2765 92220 66.6667
2765 690578 63.6364
2765 682811 66.6667
2765 4436 72.3404
2765 72089 66.6667
2765 675585 71.4286
2765 686662 66.6667
2765 158910 66.6667
2765 686466 63.4146
2765 615123 82.6087
2765 297577 63.6364
2765 685298 73.1707
2765 611347 71.4286
2765 639709 74.4186
2765 625015 79.0698
2765 681072 78.0488
2765 68888 68.4211
2765 622659 76.1905
2765 622695 78.9474
2765 695625 71.6981
2765 130085 79.0698
2765 625421 77.2727
2765 683879 73.1707
2765 76699 64.7059
2765 667850 60.4651
2765 617316 61.5385
2765 643493 89.4737
2765 671880 68.1818
2765 401553 61.9048
2765 67476 60.4651
2765 658980 74.4186
2765 38074 78.0488
2765 674552 71.4286
2765 602890 73.1707
2765 7528 81.8182
2765 84227 70.2703
2765 641086 60
2765 100467 66.6667
2765 682813 73.6842
2765 79447 74.4186
2765 161601 61.9048
2765 663620 72.7273
2765 326172 66.6667
2765 643478 92.3077
2765 684032 66.6667
2765 328820 75.6757
2765 193517 71.7949
2765 60530 72.7273
2765 667247 69.7674
2765 225122 77.2727
2765 690590 68.1818
2765 672441 66.6667
2765 141014 68.4211
2765 643480 78.9474
2765 252044 76.9231
2765 209913 60.6061
2765 634614 61.5385
2765 361456 76.9231
2765 6365 61.1111
2765 57826 60
2765 19055 66.6667
2765 57547 82.9268
2765 662156 88.3721
2765 57548 75.5556
2765 30724 73.1707
2765 755 80.9524
2765 644297 60
2765 690393 71.1864
2765 668362 61.5385
2765 623832 63.6364
2765 62857 61.1111
2765 113665 76.1905
2765 696224 60
2765 671881 66.6667
2765 651218 62.2222
2765 627080 66.6667
2765 686665 80.9524
2765 675215 71.4286
2765 38243 65
2765 263770 73.1707
2765 685799 77.2727
2765 82804 71.4286
2765 15130 71.4286
2765 690586 72.7273
2765 616811 68.1818
2765 64800 73.913
2765 634470 62.2222
2765 632227 63.1579
2765 684074 68.1818
2765 680708 63.1579
2765 676172 86.3636
2765 69587 75.5556
2765 625028 61.1111
2765 58511 89.4737
2765 326651 68.1818
2765 680831 76.9231
2765 98431 75
2765 122381 63.1579
2765 154880 71.4286
2765 57598 66.6667
2765 661471 62.2222
2765 683892 68.1818
2765 55456 84.4444
2765 38255 65.2174
2765 677915 64.8649
2765 56148 68.1818
2765 752 77.2727
2765 677916 65
2765 622644 75.5556
2765 663952 66.6667
2765 602880 66.6667
2765 8151 71.4286
2765 680466 78.0488
2765 102623 61.9048
2765 75516 80.9524
2765 686664 79.0698
2765 660053 72.7273
2765 686663 65.1163
2765 58895 60.4651
2765 59727 63.1579
2765 25855 64.8649
2765 30723 73.1707
2765 680211 63.1579
2765 664269 63.4146
2765 694951 68.2927
2765 667749 73.1707
2765 7967 66.6667
2765 348404 70.5882
2765 6396 62.2222
2765 71439 71.1111
2765 19911 65.1163
2765 339497 73.6842
2765 625027 75
2765 690574 72.7273
2765 29232 68.2927
2765 13687 65.1163
2765 628495 66.6667
2765 631634 64.8649
2765 86939 63.4146
2765 113444 66.6667
2765 278175 73.1707
2765 663927 63.6364
2765 187521 60.4651
2765 207835 69.7674
2765 409127 60.4651
2765 125185 68.5714
2765 626433 63.4146
2765 675278 77.2727
2765 649096 63.6364
2765 642604 66.6667
2765 684035 63.4146
2765 658818 71.1111
2765 670237 75
2765 627082 68.1818
2765 683725 61.1111
2765 662773 63.1579
2765 681101 71.7949
2765 648928 66.6667
2765 666115 60.3175
2765 97327 88.3721
2765 632917 73.1707
2765 667941 79.0698
2765 617627 62.5
2765 611783 60.8696
2765 663549 77.2727
2765 48226 61.1111
2765 643484 92.6829
2765 282037 66.6667
2765 160451 72.7273
2765 62009 62.2222
2765 644333 72.7273
2765 78998 65
2765 58978 76.9231
2765 70868 68.1818
2765 634220 63.6364
2765 634775 68.1818
2765 82807 71.4286
2765 7887 70.2703
2765 683723 73.1707
2765 60549 72.7273
2765 670091 75
2765 295302 60.3175
2765 667246 79.0698
2765 643487 90.9091
2765 180816 65
2765 619147 60.8696
2765 622661 86.3636
2765 79006 78.0488
2765 264039 63.6364
2765 66688 69.7674
2765 684038 79.0698
2765 34765 81.8182
2765 56285 82.9268
2765 100139 63.1579
2765 627011 63.4146
2765 634156 68.2927
2765 699206 65.1163
2765 65007 86.3636
2765 629716 61.5385
2765 638636 61.5385
2765 119877 69.7674
2765 685783 79.0698
2765 686667 74.4186
2765 677917 68.2927
2765 749 81.8182
2765 55459 80
2765 163501 60.4651
2765 634615 61.9048
2765 65987 82.0513
2765 51337 60
2765 57884 68.1818
2765 75518 65
2765 632918 69.7674
2765 612049 73.6842
2765 270531 71.7949
2765 665282 72.7273
2765 60188 68.5714
2765 602913 63.6364
2765 79008 63.6364
2765 33671 65.1163
2765 1895 68.5714
2765 177951 95.2381
2765 625813 71.1111
2765 45956 62.8571
2765 653051 61.9048
2765 630639 66.6667
0 5
1 0
2 0
3 0
4 0
5 0
6 0
7 0
8 0
9 0
10 1
11 3
12 1
13 1
14 3
15 10
16 7
17 1
18 2
19 1
20 7
21 6
22 8
23 12
24 21
25 16
26 7
27 7
28 13
29 9
30 18
31 18
32 31
33 20
34 15
35 29
36 26
37 19
38 18
39 30
40 67
41 27
42 36
43 46
44 40
45 26
46 15
47 24
48 25
49 28
50 23
51 4
52 32
53 48
54 24
55 30
56 23
57 20
58 33
59 12
60 29
61 17
62 27
63 12
64 35
65 15
66 12
67 33
68 0
69 35
70 10
71 4
72 27
73 14
74 15
75 12
76 7
77 13
78 7
79 9
80 10
81 6
82 7
83 10
84 6
85 2
86 0
87 7
88 1
89 6
90 4
91 2
92 0
93 2
94 0
95 0
96 3
97 0
98 0
99 0
100 0
101 0
14
10760
