0
0 0
1 0
2 0
3 0
4 0
5 0
6 0
7 0
8 0
9 0
10 0
11 0
12 0
13 0
14 0
15 0
16 0
17 0
18 0
19 0
20 0
21 1
22 0
23 2
24 0
25 0
26 1
27 2
28 0
29 1
30 5
31 4
32 5
33 6
34 1
35 4
36 5
37 13
38 7
39 10
40 10
41 10
42 12
43 10
44 23
45 19
46 25
47 16
48 31
49 33
50 40
51 25
52 29
53 44
54 38
55 44
56 36
57 49
58 41
59 37
60 40
61 36
62 44
63 52
64 52
65 38
66 44
67 43
68 50
69 47
70 43
71 27
72 31
73 29
74 35
75 32
76 21
77 32
78 17
79 9
80 16
81 11
82 8
83 6
84 6
85 4
86 2
87 5
88 0
89 0
90 0
91 0
92 0
93 0
94 0
95 0
96 0
97 0
98 0
99 0
100 0
101 0
22
9278
