322
667249 67476 69.7674
667249 690570 77.2727
667249 192626 68.4211
667249 20122 72.7273
667249 653051 66.6667
667249 659122 80
667249 55342 74.4186
667249 75516 66.6667
667249 116805 71.4286
667249 70868 68.1818
667249 634775 68.1818
667249 649096 68.1818
667249 685298 73.1707
667249 672441 66.6667
667249 627370 71.4286
667249 7760 73.1707
667249 270751 72.7273
667249 651217 75.5556
667249 659234 66.6667
667249 215132 71.4286
667249 658397 71.1111
667249 215138 66.6667
667249 172262 74.4186
667249 638702 68.1818
667249 690569 76.1905
667249 6957 76.9231
667249 207835 79.0698
667249 118993 75.6757
667249 664543 71.4286
667249 677514 82.9268
667249 632913 66.6667
667249 674195 74.4186
667249 680831 71.7949
667249 7528 77.2727
667249 180816 70
667249 680818 71.7949
667249 678398 68.2927
667249 521887 78.0488
667249 838 75
667249 338235 74.4186
667249 621888 66.6667
667249 66489 71.4286
667249 626923 76.5957
667249 304650 68.1818
667249 370393 85.7143
667249 125185 68.5714
667249 72089 66.6667
667249 619147 78.2609
667249 26707 72.7273
667249 55459 80
667249 685117 74.4186
667249 686264 68.2927
667249 160451 77.2727
667249 677916 70
667249 299385 72.7273
667249 635171 77.2727
667249 677506 71.7949
667249 640191 69.7674
667249 658501 72.7273
667249 4436 68.0851
667249 646165 66.6667
667249 68955 68.2927
667249 349946 66.6667
667249 404698 78.0488
667249 686667 69.7674
667249 615009 69.5652
667249 683715 66.6667
667249 677513 68.2927
667249 641764 78.9474
667249 625813 66.6667
667249 13506 66.6667
667249 252044 66.6667
667249 2775 83.7209
667249 133865 66.6667
667249 643468 70
667249 643471 76.1905
667249 638686 71.4286
667249 163508 68.2927
667249 680519 82.9268
667249 660227 66.6667
667249 3846 78.2609
667249 64800 73.913
667249 611347 85.7143
667249 97219 72.7273
667249 279497 70.2703
667249 677555 68.2927
667249 667378 71.7949
667249 601362 73.913
667249 34765 77.2727
667249 662156 69.7674
667249 663549 77.2727
667249 65987 71.7949
667249 58511 68.4211
667249 634219 77.2727
667249 128701 66.6667
667249 634220 72.7273
667249 638636 71.7949
667249 609818 86.9565
667249 21412 66.6667
667249 5729 71.4286
667249 113665 80.9524
667249 617406 66.6667
667249 634156 73.1707
667249 639683 73.913
667249 86939 68.2927
667249 6396 71.1111
667249 658309 76.1905
667249 100467 71.7949
667249 680482 80.9524
667249 33377 71.4286
667249 670248 79.0698
667249 667851 68.2927
667249 643485 78.9474
667249 645038 78.0488
667249 641763 79.0698
667249 752 68.1818
667249 82807 71.4286
667249 63055 73.1707
667249 645037 73.1707
667249 655263 68.2927
667249 643480 78.9474
667249 285113 68.2927
667249 372154 75
667249 634175 66.6667
667249 685799 68.1818
667249 257830 77.2727
667249 379113 71.4286
667249 116523 77.2727
667249 328442 70
667249 690589 77.2727
667249 114022 75.6757
667249 694105 72.7273
667249 680494 81.8182
667249 24711 66.6667
667249 663927 68.1818
667249 646645 73.913
667249 150952 69.7674
667249 109852 75
667249 681101 82.0513
667249 646164 69.7674
667249 361456 66.6667
667249 658487 77.2727
667249 646159 69.7674
667249 650037 68.1818
667249 677512 71.7949
667249 660053 77.2727
667249 632917 68.2927
667249 252048 78.0488
667249 637434 75.5556
667249 194296 74.2857
667249 690590 77.2727
667249 612765 66.6667
667249 122381 68.4211
667249 634470 66.6667
667249 409962 68.1818
667249 664001 66.6667
667249 657841 68.4211
667249 291534 68.1818
667249 64118 71.4286
667249 193521 71.7949
667249 667944 74.4186
667249 663589 68.1818
667249 661465 69.7674
667249 100649 85
667249 70716 80.9524
667249 26245 70
667249 690575 66.6667
667249 202930 76.9231
667249 631648 71.1111
667249 72288 73.913
667249 639963 76.9231
667249 683892 68.1818
667249 55456 66.6667
667249 66479 75.6757
667249 689418 68.2927
667249 664977 76.1905
667249 617628 71.1111
667249 611545 66.6667
667249 663921 66.6667
667249 56497 73.913
667249 625027 80
667249 286680 71.4286
667249 282037 66.6667
667249 44675 80.9524
667249 79447 74.4186
667249 634193 71.4286
667249 67437 82.6087
667249 659975 68.1818
667249 40553 69.7674
667249 63917 69.5652
667249 653048 66.6667
667249 651218 75.5556
667249 4771 78.0488
667249 71320 71.4286
667249 57048 66.6667
667249 630640 76.9231
667249 102624 71.4286
667249 636086 80
667249 665667 73.6842
667249 10549 77.2727
667249 512913 74.4186
667249 42080 68.4211
667249 69587 71.1111
667249 62597 69.7674
667249 684038 69.7674
667249 625659 73.913
667249 665282 72.7273
667249 677276 69.7674
667249 695625 71.6981
667249 648928 85.7143
667249 67609 83.7209
667249 12463 81.8182
667249 133683 68.1818
667249 603719 68.1818
667249 139785 66.6667
667249 663936 66.6667
667249 149704 66.6667
667249 667940 69.7674
667249 625421 68.1818
667249 670091 85
667249 164614 73.1707
667249 622659 66.6667
667249 602889 80.9524
667249 167881 76.1905
667249 692011 72.7273
667249 345650 72.7273
667249 608710 69.7674
667249 625239 75.5556
667249 762 66.6667
667249 658774 68.1818
667249 284701 68.1818
667249 605469 85.7143
667249 684041 68.2927
667249 309708 76.4706
667249 38468 74.4186
667249 651590 76.9231
667249 679078 68.2927
667249 409127 79.0698
667249 149965 68.2927
667249 667849 69.7674
667249 667941 69.7674
667249 149987 79.0698
667249 62009 80
667249 637006 75.5556
667249 56148 68.1818
667249 101655 71.4286
667249 658498 75
667249 664853 68.2927
667249 43798 71.1111
667249 656987 85.7143
667249 620248 66.6667
667249 690586 77.2727
667249 264039 72.7273
667249 7636 73.1707
667249 694315 76.1905
667249 255115 69.7674
667249 601307 71.4286
667249 681072 68.2927
667249 209084 71.4286
667249 647334 72.2222
667249 99871 82.0513
667249 675585 66.6667
667249 404827 71.7949
667249 344521 68.1818
667249 668362 66.6667
667249 115006 71.4286
667249 339497 68.4211
667249 643470 77.2727
667249 297577 72.7273
667249 685303 69.7674
667249 677917 68.2927
667249 18255 75.6757
667249 609816 70.2703
667249 629374 75.5556
667249 698558 66.6667
667249 263770 82.9268
667249 266126 82.9268
667249 326651 68.1818
667249 629424 73.913
667249 60734 77.2727
667249 699206 69.7674
667249 25397 68.1818
667249 19055 76.9231
667249 56285 68.2927
667249 5553 68.2927
667249 663935 73.1707
667249 4935 78.2609
667249 56869 69.5652
667249 682813 68.4211
667249 680466 68.2927
667249 639840 76.5957
667249 74468 68.2927
667249 60549 68.1818
667249 674329 66.6667
667249 643487 72.7273
667249 623832 72.7273
667249 71439 66.6667
667249 142693 75.6757
667249 674552 66.6667
667249 675215 76.1905
667249 839 85
667249 57549 74.4186
667249 683369 66.6667
667249 18621 72.7273
667249 38248 70
667249 72286 73.913
667249 66688 83.7209
667249 8395 68.2927
667249 20121 72.7273
667249 98431 70
667249 679449 80.9524
667249 344522 81.8182
667249 131312 66.6667
667249 635820 80
667249 364093 69.7674
667249 102623 71.4286
667249 405554 72.7273
667249 51143 78.9474
667249 645089 68.1818
667249 644333 68.1818
667249 371717 66.6667
667249 193514 70.2703
0 4
1 0
2 0
3 0
4 0
5 2
6 2
7 1
8 6
9 1
10 0
11 1
12 0
13 3
14 1
15 7
16 0
17 1
18 5
19 7
20 7
21 7
22 4
23 12
24 7
25 5
26 8
27 9
28 19
29 19
30 13
31 11
32 10
33 6
34 13
35 7
36 7
37 20
38 14
39 15
40 51
41 30
42 20
43 36
44 31
45 27
46 24
47 18
48 32
49 39
50 42
51 2
52 36
53 53
54 29
55 38
56 31
57 25
58 44
59 22
60 38
61 33
62 39
63 19
64 44
65 12
66 37
67 47
68 0
69 58
70 30
71 3
72 37
73 19
74 18
75 15
76 11
77 16
78 17
79 12
80 11
81 6
82 3
83 7
84 3
85 3
86 5
87 1
88 0
89 0
90 0
91 0
92 0
93 0
94 0
95 0
96 0
97 0
98 0
99 0
100 0
101 0
16
11842
