513
638173 5553 63.6364
638173 686264 68.1818
638173 650034 93.617
638173 623661 63.6364
638173 109884 60.8696
638173 636473 73.4694
638173 645727 68.75
638173 636098 60.8696
638173 641763 65.2174
638173 623648 61.9048
638173 640645 62.2222
638173 649422 75
638173 172262 60.8696
638173 659144 65.2174
638173 625196 61.9048
638173 640331 85.1064
638173 125718 81.8182
638173 628815 66.6667
638173 145081 76.5957
638173 634304 65.3061
638173 643044 77.2727
638173 625381 66.6667
638173 646204 89.7959
638173 114022 60
638173 647648 60.3175
638173 624005 86.9565
638173 12148 91.6667
638173 682328 63.7681
638173 32363 79.0698
638173 55619 72.3404
638173 10549 68.0851
638173 624004 95.6522
638173 612765 79.1667
638173 627377 63.8298
638173 617378 75
638173 646439 64.6154
638173 646222 68.0851
638173 625648 61.5385
638173 28142 83.7209
638173 66597 70.8333
638173 617370 83.3333
638173 693097 63.7681
638173 666439 87.5
638173 647372 93.3333
638173 646989 67.6923
638173 215132 71.1111
638173 163661 66.6667
638173 640266 61.5385
638173 700601 69.5652
638173 294109 66.6667
638173 603719 63.8298
638173 619101 77.551
638173 608712 73.913
638173 639475 65.7534
638173 650059 70.9677
638173 667951 62.6866
638173 602908 80
638173 625462 93.617
638173 657806 88.3721
638173 616256 72.7273
638173 33610 81.6327
638173 681316 60.8696
638173 641997 69.3878
638173 194315 65.2174
638173 677514 63.6364
638173 677513 72.7273
638173 617395 69.5652
638173 638686 62.2222
638173 628867 78.2609
638173 56501 65.2174
638173 645547 61.9718
638173 679579 69.5652
638173 405968 73.4694
638173 124997 65.1163
638173 623635 75
638173 621888 71.1111
638173 38468 65.2174
638173 656400 89.7959
638173 623650 62.5
638173 255115 65.2174
638173 698601 64.7059
638173 1163 60.4651
638173 625144 80.8511
638173 646210 85.7143
638173 72286 73.4694
638173 677434 65.1163
638173 664284 63.8298
638173 56869 73.4694
638173 256 70.8333
638173 677507 63.6364
638173 49210 72.3404
638173 646203 89.7959
638173 641660 63.7681
638173 257830 72.3404
638173 645978 81.6327
638173 215138 71.1111
638173 626954 84.4444
638173 630690 70
638173 632952 90.9091
638173 658464 63.6364
638173 1168 60.4651
638173 635034 64.4068
638173 76006 65.3061
638173 43871 75.5556
638173 649436 87.5
638173 623991 62.2222
638173 87081 73.913
638173 127964 63.8298
638173 633001 62.6866
638173 644325 90.9091
638173 638641 76.5957
638173 646164 73.913
638173 636941 86.9565
638173 382814 66.6667
638173 160497 69.5652
638173 644432 79.1667
638173 601307 62.2222
638173 4140 81.6327
638173 677510 69.5652
638173 600388 77.2727
638173 241173 61.9048
638173 625063 93.3333
638173 522408 69.5652
638173 625465 80.8511
638173 229 81.6327
638173 59679 65.2174
638173 656392 89.7959
638173 659234 66.6667
638173 647014 63.7681
638173 140665 81.8182
638173 654113 85.1064
638173 675187 63.7681
638173 118993 65
638173 341865 83.3333
638173 629267 66.6667
638173 120309 65.1163
638173 645540 61.9718
638173 623992 75
638173 628999 81.8182
638173 629009 76.5957
638173 640286 67.6923
638173 697943 76.5957
638173 658397 62.5
638173 643729 81.6327
638173 620248 61.9048
638173 636790 69.8413
638173 670183 80.8511
638173 36283 78.2609
638173 641661 61.9718
638173 650981 81.8182
638173 625471 93.3333
638173 645335 84
638173 646436 64.6154
638173 627725 62.2222
638173 700123 66.6667
638173 54855 81.6327
638173 633868 62.2222
638173 625412 85.7143
638173 622636 76.5957
638173 294110 71.1111
638173 667952 62.6866
638173 641165 69.3878
638173 624842 69.5652
638173 666530 68.1818
638173 30798 76.5957
638173 634135 76.5957
638173 37752 73.4694
638173 657562 72.7273
638173 633890 79.1667
638173 42443 77.551
638173 636921 78.2609
638173 83398 62.2222
638173 142693 60
638173 626923 60
638173 30131 64
638173 16634 78.2609
638173 658698 91.6667
638173 629718 60.4651
638173 404000 85.1064
638173 656391 85.1064
638173 169105 78.2609
638173 617363 75
638173 677555 72.7273
638173 637434 75
638173 639682 77.551
638173 624349 62.5
638173 660421 70.8333
638173 102318 84.4444
638173 66070 65.3061
638173 651217 70.8333
638173 59628 66.6667
638173 74380 88
638173 627383 77.551
638173 670181 74.4186
638173 685117 60.8696
638173 670149 77.2727
638173 661128 89.7959
638173 81669 76.5957
638173 650625 62.2222
638173 67594 70.8333
638173 636993 69.3878
638173 54833 83.3333
638173 639472 61.9718
638173 634306 65.3061
638173 158037 71.1111
638173 64013 68.1818
638173 630692 61.2245
638173 97219 80.8511
638173 639772 73.3333
638173 650624 62.5
638173 43026 70.8333
638173 52350 87.5
638173 186233 85.1064
638173 650064 65.6716
638173 645542 66.6667
638173 646440 62.6866
638173 7636 77.2727
638173 102851 68.0851
638173 628265 84.4444
638173 25952 72.3404
638173 639681 77.551
638173 645129 61.9718
638173 638534 61.1111
638173 55342 73.913
638173 657817 78.2609
638173 647645 64.6154
638173 656390 85.7143
638173 633174 76
638173 657811 77.551
638173 634171 65.3061
638173 96461 75.5556
638173 400230 63.4146
638173 625795 89.7959
638173 660640 72.7273
638173 625469 93.617
638173 675282 61.9718
638173 657840 89.7959
638173 625042 85.7143
638173 651220 70.8333
638173 665536 61.1111
638173 128160 84.4444
638173 43870 75.5556
638173 180 72.7273
638173 690415 65.2174
638173 633011 76.3636
638173 382815 63.8298
638173 656386 93.617
638173 116539 66.6667
638173 646645 61.2245
638173 634714 89.7959
638173 646707 77.551
638173 635960 73.913
638173 369774 80.8511
638173 609067 66.6667
638173 1986 66.6667
638173 694105 72.3404
638173 677512 71.4286
638173 627435 70
638173 116363 63.8298
638173 47695 78.2609
638173 650609 66.6667
638173 644273 61.9048
638173 646910 60.274
638173 291305 78.2609
638173 636784 91.6667
638173 647068 77.551
638173 677920 60.4651
638173 12463 63.8298
638173 309699 66.6667
638173 617368 65.1163
638173 209084 66.6667
638173 631315 75.5556
638173 675186 63.7681
638173 659342 89.7959
638173 695625 71.4286
638173 680715 72.7273
638173 646165 79.1667
638173 108408 65.625
638173 138305 61.9048
638173 666665 68.0851
638173 656387 89.7959
638173 638640 65.2174
638173 73166 74.4186
638173 624535 65.3061
638173 8512 69.5652
638173 636935 83.3333
638173 111920 62.2222
638173 53183 81.6327
638173 31976 71.1111
638173 649428 79.1667
638173 404827 61.9048
638173 679825 73.3333
638173 654114 85.1064
638173 670182 71.1111
638173 72288 73.4694
638173 665553 93.617
638173 617409 68.0851
638173 631128 89.7959
638173 636943 87.5
638173 34632 62.5
638173 294731 63.6364
638173 661186 60.274
638173 631648 79.1667
638173 671292 62.6866
638173 623636 65.2174
638173 650783 72.3404
638173 45164 73.913
638173 8774 85.1064
638173 646001 70.8333
638173 697384 75.5556
638173 691995 67.6923
638173 637493 61.9718
638173 625487 65.6716
638173 689210 87.5
638173 627226 77.2727
638173 657803 89.3617
638173 629474 71.1111
638173 136135 60.8696
638173 43798 79.1667
638173 634293 76.5957
638173 631630 83.3333
638173 191990 60.8696
638173 63862 72.3404
638173 670179 74.4186
638173 634151 61.5385
638173 63055 63.6364
638173 672441 62.2222
638173 20985 76.1905
638173 650616 68.0851
638173 633879 76.5957
638173 601362 69.3878
638173 50848 63.6364
638173 666432 79.1667
638173 676419 60.274
638173 663915 62.5
638173 364202 62.2222
638173 662187 60.8696
638173 627436 81.8182
638173 73248 65.3061
638173 628244 88
638173 677516 78.2609
638173 29851 62.2222
638173 278461 63.8298
638173 624163 72.3404
638173 8120 63.8298
638173 690393 61.2903
638173 668362 61.9048
638173 663585 79.1667
638173 623832 63.8298
638173 624231 68.8525
638173 609818 61.2245
638173 657836 93.617
638173 651218 70.8333
638173 650610 69.5652
638173 657805 88.3721
638173 627708 66.6667
638173 647019 63.7681
638173 174612 62.2222
638173 647646 64.6154
638173 625483 65.6716
638173 666386 60.6061
638173 672960 81.8182
638173 640890 84.6154
638173 628996 89.7959
638173 624162 69.3878
638173 670148 80.8511
638173 84552 60.8696
638173 651324 66.6667
638173 664941 61.7647
638173 311941 77.2727
638173 625186 69.3878
638173 39362 69.3878
638173 637646 60.3175
638173 683892 63.8298
638173 83653 83.3333
638173 625464 93.3333
638173 174620 74.4186
638173 131312 61.5385
638173 295156 76.1905
638173 638129 89.7959
638173 656393 85.7143
638173 645124 63.7681
638173 676949 65.6716
638173 641530 65.6716
638173 71320 66.6667
638173 63911 85.1064
638173 58895 65.2174
638173 26154 63.4146
638173 649441 62.5
638173 66479 65
638173 640902 79.2453
638173 641654 61.9718
638173 638174 100
638173 663936 70.8333
638173 677545 61.9048
638173 636946 83.3333
638173 630076 68
638173 693424 66.6667
638173 71439 62.5
638173 405084 81.6327
638173 663576 79.1667
638173 645098 68.75
638173 638851 68.1818
638173 628102 73.4694
638173 666436 83.3333
638173 609819 65.1163
638173 625064 85.1064
638173 628495 66.6667
638173 667470 95.6522
638173 668859 61.9718
638173 41554 73.4694
638173 691259 71.875
638173 614939 61.1111
638173 662782 61.9048
638173 18255 65
638173 700591 72.7273
638173 86080 80.8511
638173 624006 86.9565
638173 636118 89.7959
638173 634163 62.2222
638173 34551 70.8333
638173 639683 73.4694
638173 649096 63.8298
638173 642604 62.5
638173 642788 60
638173 105373 72.7273
638173 694315 62.2222
638173 1026 66.6667
638173 624331 61.2245
638173 646232 68.0851
638173 10121 85.1064
638173 4867 65.3061
638173 58104 72.3404
638173 667276 82.6087
638173 636942 87.5
638173 625468 89.7959
638173 630262 73.4694
638173 646166 65.1163
638173 521887 68.1818
638173 666115 66.6667
638173 644932 73.913
638173 55876 80.8511
638173 674195 69.5652
638173 647355 69.3878
638173 638581 64.7059
638173 348706 65.2174
638173 202930 61.9048
638173 3124 66.6667
638173 62009 66.6667
638173 636929 78.2609
638173 19984 80
638173 603977 66.6667
638173 616278 71.1111
638173 624051 64
638173 27116 73.1707
638173 633900 65.3061
638173 617633 65.2174
638173 2775 65.2174
638173 646159 69.5652
638173 609820 65.1163
638173 295302 66.6667
638173 631808 66.6667
638173 636326 75.5556
638173 657843 73.4694
638173 331770 69.5652
638173 639767 75.8621
638173 646207 89.3617
638173 66688 60.8696
638173 667950 64.6154
638173 285113 77.2727
638173 634581 69.3878
638173 649097 65.3061
638173 680494 68.0851
638173 157913 61.9048
638173 147110 79.1667
638173 58580 60.8696
638173 636947 83.3333
638173 609248 78.2609
638173 87254 66.6667
638173 649427 79.1667
638173 624575 60.274
638173 615011 85.1064
638173 668856 63.7681
638173 615299 66.6667
638173 291534 63.8298
638173 56357 84.6154
638173 624003 83.3333
638173 58030 72
638173 66069 81.6327
638173 644871 70.8333
638173 79707 69.7674
638173 649424 87.5
638173 681679 62.8571
638173 663914 65.2174
638173 56470 68.0851
638173 632386 69.3878
638173 638521 61.9718
638173 75707 61.2245
638173 612049 60
638173 140121 63.8298
638173 25397 76.5957
638173 649044 79.1667
638173 636086 62.5
638173 633810 60.6061
638173 630691 63.8298
638173 131090 76.5957
638173 646438 64.6154
638173 659301 65.3061
638173 615985 61.9718
638173 617628 79.1667
638173 617406 75
638173 628979 75
638173 634241 71.1111
0 12
1 0
2 0
3 0
4 0
5 4
6 3
7 5
8 1
9 2
10 10
11 3
12 2
13 0
14 6
15 3
16 3
17 5
18 6
19 5
20 16
21 6
22 7
23 9
24 15
25 6
26 9
27 9
28 15
29 16
30 30
31 29
32 31
33 16
34 25
35 51
36 26
37 23
38 19
39 22
40 38
41 14
42 24
43 32
44 24
45 31
46 25
47 34
48 27
49 43
50 21
51 4
52 31
53 26
54 36
55 29
56 32
57 21
58 32
59 19
60 32
61 23
62 37
63 31
64 36
65 12
66 40
67 30
68 4
69 17
70 26
71 13
72 14
73 18
74 21
75 12
76 8
77 15
78 15
79 11
80 18
81 8
82 15
83 1
84 12
85 6
86 16
87 3
88 9
89 2
90 17
91 2
92 3
93 0
94 10
95 0
96 2
97 0
98 0
99 0
100 0
101 1
18
13916
