0
0 0
1 0
2 0
3 0
4 0
5 0
6 0
7 0
8 0
9 0
10 0
11 0
12 0
13 0
14 0
15 0
16 0
17 0
18 0
19 0
20 1
21 0
22 0
23 0
24 0
25 2
26 1
27 0
28 1
29 0
30 1
31 2
32 6
33 2
34 5
35 1
36 4
37 5
38 6
39 11
40 11
41 13
42 15
43 11
44 14
45 29
46 24
47 24
48 37
49 44
50 39
51 36
52 43
53 52
54 57
55 42
56 43
57 59
58 76
59 43
60 61
61 53
62 70
63 58
64 62
65 67
66 51
67 65
68 67
69 38
70 36
71 39
72 39
73 31
74 32
75 33
76 20
77 18
78 22
79 12
80 11
81 3
82 8
83 8
84 2
85 6
86 4
87 0
88 0
89 0
90 2
91 0
92 0
93 0
94 0
95 0
96 0
97 0
98 0
99 0
100 0
101 0
20
13766
