784
17796 610185 84.4444
17796 408564 66.6667
17796 677547 79.0698
17796 688039 65.3061
17796 634249 68.0851
17796 633221 68.0851
17796 60275 66.6667
17796 67437 83.3333
17796 16448 80
17796 74297 63.4146
17796 679449 72.7273
17796 634617 69.5652
17796 685303 62.2222
17796 636944 80
17796 638593 65.2174
17796 241113 69.5652
17796 689418 65.1163
17796 18256 82.0513
17796 645089 78.2609
17796 625794 68.0851
17796 100649 61.9048
17796 637006 93.617
17796 655263 65.1163
17796 186053 69.5652
17796 26245 61.9048
17796 629036 71.4286
17796 676725 68.0851
17796 687212 63.4146
17796 624915 63.6364
17796 665667 60
17796 640191 80
17796 122751 72.7273
17796 638173 68.0851
17796 5553 65.1163
17796 686264 79.0698
17796 650034 69.5652
17796 109884 66.6667
17796 651590 63.4146
17796 636473 75
17796 645727 69.8413
17796 64797 69.7674
17796 636098 80
17796 641763 84.4444
17796 676509 63.6364
17796 70716 77.2727
17796 640645 63.6364
17796 649422 89.3617
17796 664545 65
17796 172262 80
17796 659144 93.3333
17796 625196 63.4146
17796 109852 66.6667
17796 680519 69.7674
17796 647334 63.1579
17796 640331 78.2609
17796 125718 74.4186
17796 5729 72.7273
17796 625191 70.2703
17796 628815 77.2727
17796 145081 78.2609
17796 634304 70.8333
17796 643044 69.7674
17796 625381 72
17796 380271 72.7273
17796 646204 75
17796 114022 66.6667
17796 647648 61.2903
17796 624005 71.1111
17796 648475 60
17796 12148 68.0851
17796 662876 68.1818
17796 683724 61.9048
17796 24710 61.9048
17796 682328 64.7059
17796 32363 80.9524
17796 55619 65.2174
17796 10549 78.2609
17796 42080 75
17796 624004 71.1111
17796 612765 80.8511
17796 617378 63.8298
17796 328442 80.9524
17796 28142 76.1905
17796 66597 85.1064
17796 617370 80.8511
17796 349946 63.4146
17796 666439 76.5957
17796 690589 65.2174
17796 38248 61.9048
17796 647372 72.7273
17796 646989 65.625
17796 691614 74.4186
17796 215132 81.8182
17796 38241 73.913
17796 163661 67.8571
17796 700601 71.1111
17796 603719 69.5652
17796 619101 87.5
17796 660420 61.5385
17796 20579 75.5556
17796 680859 65.1163
17796 608712 84.4444
17796 14023 82.0513
17796 650059 68.8525
17796 684041 60.4651
17796 667951 66.6667
17796 602908 72.7273
17796 646176 61.5385
17796 298812 73.913
17796 625462 69.5652
17796 611545 68.0851
17796 667068 61.9048
17796 342008 68.1818
17796 657806 76.1905
17796 616256 83.7209
17796 24833 71.4286
17796 622652 70.8333
17796 33610 75
17796 681316 75.5556
17796 24711 72.7273
17796 656987 77.2727
17796 639840 77.551
17796 641997 83.3333
17796 664276 71.1111
17796 194315 93.3333
17796 655264 62.2222
17796 677514 79.0698
17796 630911 60.4651
17796 677513 74.4186
17796 638686 72.7273
17796 628867 71.1111
17796 111180 61.9048
17796 56501 84.4444
17796 645547 62.8571
17796 679579 62.2222
17796 638702 65.2174
17796 358737 68.2927
17796 664543 68.1818
17796 405968 83.3333
17796 66476 70.8333
17796 124997 66.6667
17796 645789 64.7887
17796 658498 66.6667
17796 624942 62.5
17796 623635 85.1064
17796 621888 77.2727
17796 38468 75.5556
17796 656400 79.1667
17796 623650 68.0851
17796 161609 65
17796 255115 93.3333
17796 665527 61.9718
17796 77845 68.2927
17796 698601 65.6716
17796 664977 68.1818
17796 149987 66.6667
17796 625144 69.5652
17796 646210 75
17796 72286 87.5
17796 73819 65.1163
17796 677434 76.1905
17796 663780 72.3404
17796 664284 69.5652
17796 56869 75
17796 645038 69.7674
17796 256 68.0851
17796 677507 65.1163
17796 49210 86.9565
17796 643470 60.8696
17796 646444 62.5
17796 646203 75
17796 641660 64.7059
17796 630915 62.2222
17796 257830 86.9565
17796 645978 66.6667
17796 215138 81.8182
17796 626954 72.7273
17796 630690 61.5385
17796 632952 74.4186
17796 658464 65.1163
17796 635034 62.069
17796 364093 71.1111
17796 650709 65
17796 76006 79.1667
17796 43871 81.8182
17796 649436 68.0851
17796 87081 88.8889
17796 127964 69.5652
17796 269613 80
17796 633001 66.6667
17796 644325 74.4186
17796 2743 60.8696
17796 638641 78.2609
17796 646164 80
17796 636941 80
17796 382814 72.7273
17796 13506 63.4146
17796 7760 74.4186
17796 160497 71.1111
17796 644432 68.0851
17796 658774 65.2174
17796 601307 81.8182
17796 4140 66.6667
17796 51867 66.6667
17796 677510 71.1111
17796 600388 83.7209
17796 241173 68.2927
17796 625063 72.7273
17796 522408 75.5556
17796 625465 69.5652
17796 626947 60
17796 229 75
17796 59679 75.5556
17796 656392 79.1667
17796 659234 72.3404
17796 684792 62.2222
17796 647014 64.7059
17796 140665 74.4186
17796 654113 69.5652
17796 675187 61.7647
17796 118993 82.0513
17796 341865 76.5957
17796 629267 64.5161
17796 120309 80.9524
17796 663946 69.5652
17796 645540 62.8571
17796 623992 76.5957
17796 628999 74.4186
17796 629009 69.5652
17796 640286 68.75
17796 697943 78.2609
17796 658397 76.5957
17796 643729 79.1667
17796 620248 68.2927
17796 670183 82.6087
17796 36283 71.1111
17796 20122 91.3043
17796 6957 78.0488
17796 667948 61.9718
17796 641661 60
17796 650981 83.7209
17796 625471 72.7273
17796 645335 77.551
17796 353871 64.8649
17796 627725 63.6364
17796 617683 62.5
17796 658787 62.5
17796 220327 66.6667
17796 54855 66.6667
17796 633868 77.2727
17796 625412 66.6667
17796 372360 60.8696
17796 622636 78.2609
17796 294110 63.6364
17796 667952 66.6667
17796 641165 83.3333
17796 607167 60.8696
17796 624842 75.5556
17796 49348 66.6667
17796 98696 62.2222
17796 666530 69.7674
17796 30798 69.5652
17796 76010 68.1818
17796 634135 60.8696
17796 37752 75
17796 657562 65.1163
17796 633890 68.0851
17796 42443 87.5
17796 636921 80
17796 83398 77.2727
17796 629374 68.0851
17796 115006 68.1818
17796 142693 66.6667
17796 626923 69.3878
17796 30131 73.4694
17796 66489 72.7273
17796 16634 71.1111
17796 658698 68.0851
17796 629718 61.9048
17796 404000 78.2609
17796 656391 78.2609
17796 658501 60.8696
17796 169105 80
17796 617363 76.5957
17796 677555 74.4186
17796 637434 85.1064
17796 639682 87.5
17796 660421 85.1064
17796 664853 69.7674
17796 102318 72.7273
17796 663921 68.2927
17796 66070 95.8333
17796 309708 72.2222
17796 651217 80.8511
17796 345650 65.2174
17796 659122 72.3404
17796 59628 80.8511
17796 74380 65.3061
17796 627383 79.1667
17796 670181 76.1905
17796 76031 60
17796 685117 71.1111
17796 670149 79.0698
17796 661128 66.6667
17796 81669 91.3043
17796 650625 63.6364
17796 67594 85.1064
17796 636993 83.3333
17796 54833 80.8511
17796 266126 60.4651
17796 639472 60
17796 634306 70.8333
17796 193513 60
17796 658487 69.5652
17796 158037 72.7273
17796 64013 74.4186
17796 97219 82.6087
17796 639772 64.4068
17796 54829 68.1818
17796 687618 68.1818
17796 650624 63.8298
17796 43026 85.1064
17796 52350 76.5957
17796 67609 66.6667
17796 365560 71.1111
17796 641764 65
17796 186233 78.2609
17796 338205 62.2222
17796 667944 62.2222
17796 650064 63.6364
17796 645542 67.6923
17796 116805 68.1818
17796 179790 71.7949
17796 658309 63.6364
17796 164774 77.2727
17796 656084 62.2222
17796 4120 64.8649
17796 646440 60.6061
17796 7636 83.7209
17796 102851 73.913
17796 43395 65.1163
17796 628265 72.7273
17796 25952 65.2174
17796 624987 62.2222
17796 38253 71.4286
17796 639681 87.5
17796 645129 62.8571
17796 55342 80
17796 657817 66.6667
17796 656390 75
17796 633174 81.6327
17796 634219 60.8696
17796 690579 69.5652
17796 657811 83.3333
17796 634171 79.1667
17796 611078 61.9048
17796 96461 81.8182
17796 400230 65
17796 625795 66.6667
17796 664551 63.4146
17796 36603 71.4286
17796 9659 74.4186
17796 660640 74.4186
17796 625469 69.5652
17796 193521 68.2927
17796 668523 65.1163
17796 657840 66.6667
17796 625042 75
17796 651220 72.3404
17796 128160 72.7273
17796 43870 81.8182
17796 180 65.1163
17796 690415 80
17796 633011 77.7778
17796 382815 69.5652
17796 656386 69.5652
17796 116539 72.7273
17796 33377 68.1818
17796 646645 70.8333
17796 634714 66.6667
17796 116523 78.2609
17796 646707 79.1667
17796 635960 88.8889
17796 658776 60.8696
17796 369774 69.5652
17796 609067 64.2857
17796 694105 82.6087
17796 677512 78.0488
17796 627435 61.5385
17796 116363 69.5652
17796 47695 88.8889
17796 136014 65.1163
17796 686466 60.4651
17796 615123 62.5
17796 297577 73.913
17796 685298 65.1163
17796 291305 80
17796 691610 78.0488
17796 611347 63.6364
17796 636784 68.0851
17796 103776 63.6364
17796 681072 60.4651
17796 647068 79.1667
17796 68888 65
17796 677920 61.9048
17796 12463 78.2609
17796 309699 72.7273
17796 209084 81.8182
17796 631315 77.2727
17796 164614 74.4186
17796 675186 61.7647
17796 659342 66.6667
17796 695625 72.7273
17796 680715 65.1163
17796 625421 65.2174
17796 683879 60.4651
17796 646165 80.8511
17796 697780 63.8889
17796 74517 66.6667
17796 108408 66.6667
17796 76699 61.1111
17796 642896 83.7209
17796 627368 69.5652
17796 647643 60
17796 264045 60.8696
17796 658533 79.1667
17796 666665 60.8696
17796 656387 66.6667
17796 638640 80
17796 73166 80.9524
17796 40484 63.8298
17796 624535 66.6667
17796 667850 71.1111
17796 617316 63.4146
17796 672018 84.4444
17796 8512 62.2222
17796 636935 85.1064
17796 111920 72.7273
17796 67476 80
17796 53183 79.1667
17796 31976 77.2727
17796 649428 89.3617
17796 404827 68.2927
17796 679825 71.1864
17796 602890 60.4651
17796 654114 78.2609
17796 670182 72.7273
17796 7528 60.8696
17796 72288 87.5
17796 342024 70
17796 31592 66.6667
17796 636095 68.0851
17796 665553 69.5652
17796 68955 65.1163
17796 617409 73.913
17796 100467 68.2927
17796 79447 66.6667
17796 651936 60
17796 631128 66.6667
17796 161601 63.6364
17796 663620 65.2174
17796 636943 76.5957
17796 34632 80.8511
17796 631648 80.8511
17796 671292 66.6667
17796 650783 78.2609
17796 45164 84.4444
17796 650061 60.274
17796 8774 69.5652
17796 646001 85.1064
17796 697384 81.8182
17796 691995 71.875
17796 193517 63.4146
17796 637493 60
17796 625487 66.6667
17796 689210 68.0851
17796 43285 65.1163
17796 60734 78.2609
17796 627226 83.7209
17796 657803 69.5652
17796 629474 68.1818
17796 67800 63.1579
17796 667247 62.2222
17796 637821 61.9048
17796 624856 61.5385
17796 43798 80.8511
17796 634293 60.8696
17796 631630 76.5957
17796 139785 77.2727
17796 63862 65.2174
17796 670179 76.1905
17796 690590 73.913
17796 63055 79.0698
17796 672441 72.7273
17796 20985 87.8049
17796 650616 69.5652
17796 633879 69.5652
17796 601362 79.1667
17796 50848 67.6923
17796 19055 68.2927
17796 666432 68.0851
17796 663915 76.5957
17796 364202 68.1818
17796 627436 74.4186
17796 73248 95.8333
17796 628244 65.3061
17796 677516 80
17796 647644 60
17796 29851 77.2727
17796 278461 78.2609
17796 624163 78.2609
17796 690393 62.2951
17796 668362 68.2927
17796 663585 68.0851
17796 623832 73.913
17796 687813 66.6667
17796 624231 66.6667
17796 62857 63.1579
17796 609818 79.1667
17796 657836 69.5652
17796 696224 71.4286
17796 651218 80.8511
17796 650610 62.2222
17796 657805 76.1905
17796 130895 60.4651
17796 675215 68.1818
17796 664970 63.1579
17796 38243 71.4286
17796 326397 73.913
17796 263770 60.4651
17796 627708 64.5161
17796 15130 68.1818
17796 647019 64.7059
17796 690586 69.5652
17796 616811 73.913
17796 174612 63.6364
17796 640230 68.0851
17796 64800 66.6667
17796 634470 72.3404
17796 625483 66.6667
17796 684074 60.8696
17796 666386 67.6923
17796 672960 83.7209
17796 640890 62.7451
17796 628996 66.6667
17796 625028 68.4211
17796 624162 75
17796 670148 69.5652
17796 84552 75.5556
17796 633553 63.8298
17796 651324 68.0851
17796 98431 61.9048
17796 122381 60
17796 154880 63.6364
17796 311941 79.0698
17796 625186 70.8333
17796 39362 95.8333
17796 637646 61.2903
17796 122640 80
17796 661471 68.0851
17796 683892 73.913
17796 83653 76.5957
17796 625464 72.7273
17796 174620 80.9524
17796 646161 61.1111
17796 677915 61.5385
17796 131312 68.4211
17796 56148 65.2174
17796 295156 68.2927
17796 45410 60.6061
17796 638129 66.6667
17796 677916 61.9048
17796 622644 68.0851
17796 669986 65.1163
17796 656393 75
17796 663952 63.8298
17796 645124 61.7647
17796 676949 66.6667
17796 692011 73.913
17796 646162 68.4211
17796 641530 60.6061
17796 102623 68.1818
17796 660053 69.5652
17796 71320 72.7273
17796 683722 61.5385
17796 63911 82.6087
17796 58895 75.5556
17796 26154 65
17796 649441 68.0851
17796 59727 70
17796 66479 71.7949
17796 695218 62.2222
17796 640902 76.9231
17796 641654 60
17796 638174 68.0851
17796 694951 60.4651
17796 663936 80.8511
17796 677545 73.1707
17796 636946 85.1064
17796 630076 85.7143
17796 364989 61.9048
17796 63599 63.8298
17796 71439 72.3404
17796 405084 79.1667
17796 663576 89.3617
17796 339497 60
17796 625027 61.9048
17796 645098 66.6667
17796 638851 60.4651
17796 628102 83.3333
17796 29232 60.4651
17796 13687 62.2222
17796 680482 77.2727
17796 666436 68.0851
17796 82166 60.4651
17796 609819 66.6667
17796 613239 60.8696
17796 625064 78.2609
17796 628495 64.2857
17796 667470 71.1111
17796 668859 62.8571
17796 103998 71.1111
17796 86939 69.7674
17796 18894 64.8649
17796 41554 75
17796 278175 65.1163
17796 663927 73.913
17796 691259 69.8413
17796 662782 87.8049
17796 207835 71.1111
17796 18255 82.0513
17796 636661 65.6716
17796 700591 67.6923
17796 409127 75.5556
17796 86080 78.2609
17796 624006 71.1111
17796 636118 66.6667
17796 634163 68.1818
17796 627222 86.3636
17796 34551 63.8298
17796 639683 87.5
17796 649096 78.2609
17796 642604 72.3404
17796 684035 60.4651
17796 658818 72.3404
17796 105373 74.4186
17796 694315 86.3636
17796 1026 68.2927
17796 646232 86.9565
17796 10121 69.5652
17796 4867 75
17796 58104 73.913
17796 667276 80
17796 636942 76.5957
17796 625468 66.6667
17796 683725 63.1579
17796 630262 75
17796 662773 60
17796 646166 71.4286
17796 681101 63.4146
17796 625482 66.6667
17796 521887 79.0698
17796 648928 72.7273
17796 666115 64.6154
17796 1118 60
17796 644932 62.2222
17796 632917 65.1163
17796 55876 69.5652
17796 611783 75
17796 674195 80
17796 647355 62.5
17796 663549 65.2174
17796 648929 78.2609
17796 638581 65.6716
17796 635820 80.8511
17796 348706 66.6667
17796 202930 68.2927
17796 3124 68.2927
17796 160451 65.2174
17796 62009 76.5957
17796 636929 80
17796 4771 74.4186
17796 644333 65.2174
17796 19984 86.3636
17796 603977 68.1818
17796 70868 65.2174
17796 327982 75
17796 634220 65.2174
17796 616278 63.6364
17796 624051 85.7143
17796 634775 69.5652
17796 60698 63.4146
17796 27116 85
17796 633900 66.6667
17796 79016 82.6087
17796 670091 61.9048
17796 617633 66.6667
17796 2775 80
17796 646159 88.8889
17796 609820 66.6667
17796 295302 61.5385
17796 631808 68.1818
17796 619147 75
17796 636326 77.2727
17796 672019 84.4444
17796 657843 75
17796 331770 71.1111
17796 639767 70.1754
17796 646207 69.5652
17796 264039 60.8696
17796 66688 71.1111
17796 667950 68.75
17796 285113 83.7209
17796 634581 79.1667
17796 34765 60.8696
17796 649097 83.3333
17796 680494 91.3043
17796 13009 66.6667
17796 157913 73.1707
17796 649092 75.5556
17796 147110 80.8511
17796 627011 65.1163
17796 634156 69.7674
17796 699206 71.1111
17796 636947 85.1064
17796 638603 60
17796 609248 71.1111
17796 649427 89.3617
17796 615011 82.6087
17796 638636 63.4146
17796 625239 76.5957
17796 668856 64.7059
17796 627367 69.5652
17796 119877 62.2222
17796 685783 62.2222
17796 686667 62.2222
17796 615299 68.0851
17796 677917 65.1163
17796 291534 78.2609
17796 56357 62.7451
17796 624003 68.0851
17796 327445 76.1905
17796 58030 65.3061
17796 66069 87.5
17796 634615 63.6364
17796 632913 76.5957
17796 81549 65
17796 644871 72.3404
17796 79707 80.9524
17796 649424 80.8511
17796 51337 71.4286
17796 650643 63.4146
17796 647527 73.6842
17796 663914 80
17796 56470 73.913
17796 632386 75
17796 638521 60
17796 627370 72.7273
17796 75707 91.6667
17796 75518 71.4286
17796 632918 71.1111
17796 612049 61.0169
17796 140121 65.2174
17796 25397 91.3043
17796 649044 68.0851
17796 663947 73.913
17796 25413 75
17796 636086 89.3617
17796 665282 69.5652
17796 633810 67.6923
17796 602913 65.2174
17796 79008 60.8696
17796 131090 91.3043
17796 615985 60
17796 627066 63.6364
17796 64057 61.1111
17796 3609 68.2927
17796 617628 85.1064
17796 653051 63.6364
17796 617406 80.8511
17796 628979 68.0851
17796 663935 74.4186
17796 634241 63.6364
17796 404698 74.4186
0 9
1 0
2 0
3 0
4 0
5 0
6 1
7 3
8 0
9 1
10 3
11 1
12 4
13 1
14 2
15 4
16 1
17 2
18 1
19 4
20 5
21 2
22 5
23 4
24 4
25 6
26 14
27 15
28 4
29 9
30 6
31 13
32 22
33 15
34 9
35 19
36 13
37 19
38 10
39 15
40 24
41 13
42 22
43 15
44 17
45 36
46 23
47 32
48 29
49 28
50 32
51 0
52 32
53 28
54 33
55 40
56 34
57 29
58 41
59 29
60 64
61 35
62 35
63 33
64 44
65 23
66 47
67 52
68 6
69 69
70 50
71 8
72 36
73 37
74 19
75 40
76 10
77 22
78 16
79 25
80 43
81 21
82 9
83 10
84 16
85 8
86 13
87 6
88 10
89 4
90 5
91 0
92 6
93 0
94 4
95 0
96 3
97 0
98 0
99 0
100 0
101 0
18
15440
