130
664893 47766 70.6383
664893 661056 72.043
664893 700357 82.0961
664893 700281 77.2093
664893 638361 72.6457
664893 665357 69.5652
664893 641039 86.6667
664893 659921 69.5652
664893 664892 98.2609
664893 657733 70.2128
664893 647977 66.6667
664893 700285 76.4977
664893 643703 84.4444
664893 680414 84.3478
664893 666378 66.2116
664893 701595 83.9286
664893 642656 66.3594
664893 641295 76.6667
664893 622229 67.7824
664893 697671 71.3615
664893 646943 72.3404
664893 78741 70.7424
664893 380479 73.029
664893 290193 71.777
664893 634555 68.0672
664893 662831 77.9487
664893 693166 68.0412
664893 78748 76.4706
664893 640067 82.9694
664893 701202 69.8925
664893 364296 68.75
664893 638583 66.3594
664893 664209 69.5652
664893 58058 73.6842
664893 663607 67.033
664893 58057 73.029
664893 47750 69.9115
664893 638365 70.3196
664893 648540 87.8431
664893 58056 73.029
664893 643408 83.6538
664893 638478 82.0276
664893 664210 76.9231
664893 78746 73.4177
664893 701195 77.2093
664893 654265 83.7004
664893 651714 74.5283
664893 701196 79.4521
664893 664891 98.2609
664893 78747 75.2137
664893 687376 86.087
664893 661755 80.6584
664893 673653 72.8745
664893 680411 83.9286
664893 651686 66.6667
664893 47764 71.1864
664893 642663 66.1088
664893 680413 85.0877
664893 665964 76.1421
664893 659922 68.1319
664893 663606 69.5652
664893 671055 69.1489
664893 700287 75.576
664893 700284 79.4521
664893 657017 73.9583
664893 47770 74.6988
664893 660372 69.8925
664893 662832 72.3404
664893 78737 68.2243
664893 631567 67.4897
664893 78738 70.6977
664893 671056 68.4783
664893 661057 69.8925
664893 73283 67.3575
664893 680412 75.7895
664893 682700 70.1571
664893 662162 66.426
664893 665358 69.5652
664893 45622 72.6531
664893 632483 69.9552
664893 633031 66.6667
664893 657732 68.8172
664893 660373 71.2766
664893 698506 70.8487
664893 659923 70.6522
664893 666863 76.0563
664893 638582 66.6667
664893 670881 76.3285
664893 663415 73.9583
664893 700283 77.2093
664893 661055 72.043
664893 675268 66.1088
664893 700282 77.2093
664893 699499 85.8407
664893 659327 82.9694
664893 65849 68.0672
664893 680416 84.5455
664893 661944 69.0909
664893 682692 75.1269
664893 662426 68.1319
664893 654262 82.4034
664893 693165 83.5556
664893 673654 74.9004
664893 699497 81.5603
664893 47761 70.5882
664893 45617 67.5556
664893 636589 66.4093
664893 626496 83.6538
664893 623310 67.0455
664893 700290 76.7123
664893 698623 71.1111
664893 663418 69.697
664893 650898 81.3559
664893 9168 67.027
664893 658434 66.426
664893 640323 84.466
664893 9617 67.7686
664893 662427 72.3404
664893 79589 69.5238
664893 663417 76.2376
664893 527017 78.7149
664893 701201 71.4286
664893 660371 72.043
664893 665356 78.1726
664893 7231 69.1589
664893 662283 73.3591
664893 5015 71.5596
664893 65856 72.6496
664893 682699 67.3913
664893 664208 66.3043
0 5
1 0
2 0
3 0
4 2
5 4
6 1
7 10
8 6
9 2
10 9
11 10
12 7
13 15
14 20
15 24
16 40
17 30
18 43
19 29
20 40
21 52
22 48
23 49
24 87
25 86
26 64
27 84
28 123
29 75
30 78
31 75
32 86
33 74
34 13
35 41
36 26
37 7
38 6
39 6
40 10
41 2
42 7
43 2
44 10
45 5
46 8
47 8
48 12
49 4
50 15
51 2
52 2
53 4
54 10
55 7
56 6
57 5
58 4
59 5
60 4
61 8
62 5
63 13
64 6
65 13
66 11
67 13
68 9
69 9
70 15
71 9
72 7
73 10
74 8
75 3
76 4
77 9
78 5
79 2
80 2
81 1
82 2
83 5
84 6
85 4
86 2
87 2
88 1
89 0
90 0
91 0
92 0
93 0
94 0
95 0
96 0
97 0
98 0
99 2
100 0
101 0
40
17111
