374
73198 38252 82.3529
73198 677233 73.6842
73198 154880 70.2703
73198 602890 66.6667
73198 30724 72.2222
73198 684792 73.6842
73198 68888 66.6667
73198 43871 70.2703
73198 634151 70.9677
73198 45762 68.2927
73198 193517 70.5882
73198 57547 77.7778
73198 269161 73.6842
73198 38709 74.2857
73198 638687 66.6667
73198 634304 73.1707
73198 647527 70.9677
73198 161601 70.2703
73198 163501 73.6842
73198 661471 70
73198 67800 70.9677
73198 81656 70.5882
73198 667749 77.7778
73198 59679 68.4211
73198 634617 71.7949
73198 691610 70.5882
73198 661463 70.9677
73198 522408 68.4211
73198 45463 66.6667
73198 691614 72.2222
73198 677507 66.6667
73198 625015 78.9474
73198 26542 77.7778
73198 629717 66.6667
73198 638640 68.4211
73198 64797 72.2222
73198 662773 72.7273
73198 67668 72.7273
73198 663915 70
73198 271622 84.8485
73198 625159 73.6842
73198 627082 71.7949
73198 38256 83.871
73198 124997 68.5714
73198 685783 73.6842
73198 83398 70.2703
73198 87059 68.4211
73198 6365 77.4194
73198 664309 68.75
73198 651735 68.2927
73198 680211 72.7273
73198 627903 66.6667
73198 664284 71.7949
73198 624942 68.2927
73198 137470 71.7949
73198 37752 73.1707
73198 663620 66.6667
73198 329097 68.4211
73198 57826 68.5714
73198 54829 81.0811
73198 679482 68.75
73198 84223 68.9655
73198 653051 75.6757
73198 659147 66.6667
73198 75516 75.6757
73198 116805 75.6757
73198 70868 66.6667
73198 634775 66.6667
73198 88653 70.5882
73198 685298 72.2222
73198 672441 75.6757
73198 7760 66.6667
73198 270751 66.6667
73198 638702 66.6667
73198 634614 70.5882
73198 667254 72.2222
73198 95102 68.4211
73198 30131 66.6667
73198 40450 73.6842
73198 677514 66.6667
73198 1026 70.5882
73198 127964 66.6667
73198 7528 66.6667
73198 355936 81.0811
73198 130895 72.2222
73198 678398 66.6667
73198 521887 72.2222
73198 338235 73.6842
73198 663571 75
73198 647530 68.9655
73198 626923 66.6667
73198 125185 73.3333
73198 72089 75
73198 295435 70.2703
73198 348404 82.7586
73198 619147 68.2927
73198 626100 68.4211
73198 685117 68.4211
73198 686264 66.6667
73198 160451 66.6667
73198 153353 68.5714
73198 677916 80
73198 630689 68.75
73198 635171 66.6667
73198 617316 82.3529
73198 658772 71.7949
73198 609817 74.0741
73198 16448 68.4211
73198 136014 72.2222
73198 109884 68.4211
73198 658776 71.7949
73198 658501 66.6667
73198 664269 88.8889
73198 68347 70.9677
73198 68955 77.7778
73198 626544 76.9231
73198 404698 66.6667
73198 18894 73.3333
73198 667760 77.7778
73198 56338 68.4211
73198 55887 66.6667
73198 683715 70.2703
73198 677513 66.6667
73198 641764 66.6667
73198 643468 74.2857
73198 626433 66.6667
73198 643471 75.6757
73198 102619 70.2703
73198 677915 81.25
73198 38250 73.3333
73198 660227 75
73198 3846 73.1707
73198 611347 70.2703
73198 279497 75
73198 87253 68.5714
73198 677555 66.6667
73198 56470 66.6667
73198 692226 83.871
73198 618260 68.5714
73198 34765 76.9231
73198 620337 74.2857
73198 76031 66.6667
73198 655264 78.9474
73198 634219 71.7949
73198 160497 68.4211
73198 629718 74.2857
73198 634220 71.7949
73198 638636 70.5882
73198 21412 76.4706
73198 607167 66.6667
73198 634156 66.6667
73198 86939 66.6667
73198 81549 72.7273
73198 100467 70.5882
73198 643469 66.6667
73198 676737 70.2703
73198 670183 66.6667
73198 611078 85.7143
73198 670248 68.4211
73198 624960 66.6667
73198 667851 66.6667
73198 643485 66.6667
73198 645038 66.6667
73198 29232 77.7778
73198 63055 66.6667
73198 645037 83.3333
73198 646176 68.75
73198 653050 76.9231
73198 110344 74.2857
73198 4857 70.9677
73198 655263 77.7778
73198 617627 66.6667
73198 643480 66.6667
73198 690589 66.6667
73198 114022 75
73198 638593 66.6667
73198 609819 74.2857
73198 694105 66.6667
73198 24711 81.0811
73198 41356 70.2703
73198 658980 73.6842
73198 84227 87.5
73198 676713 77.7778
73198 646158 73.3333
73198 679281 68.5714
73198 667247 73.6842
73198 118613 70.2703
73198 646164 68.4211
73198 658487 66.6667
73198 646161 75.8621
73198 650037 66.6667
73198 660053 66.6667
73198 632917 66.6667
73198 252048 66.6667
73198 48911 87.5
73198 194296 66.6667
73198 602880 70
73198 364202 75.6757
73198 637189 68.4211
73198 382319 77.7778
73198 409962 66.6667
73198 664001 88.2353
73198 680857 76.4706
73198 669986 72.2222
73198 657841 72.7273
73198 661465 73.6842
73198 26245 68.5714
73198 639710 70
73198 683892 66.6667
73198 627073 70.2703
73198 664977 75.6757
73198 611545 75
73198 663921 70.5882
73198 638603 72.7273
73198 4926 70.5882
73198 625027 68.5714
73198 634303 73.1707
73198 382814 70.2703
73198 634616 80
73198 627074 70.2703
73198 64013 66.6667
73198 38231 73.6842
73198 657833 66.6667
73198 270531 70.5882
73198 630690 68.75
73198 634193 70.2703
73198 659975 66.6667
73198 122751 70.2703
73198 653048 70.2703
73198 4771 66.6667
73198 71320 70.2703
73198 116363 71.7949
73198 657843 73.1707
73198 58895 73.6842
73198 30723 77.7778
73198 102624 70.2703
73198 649441 75
73198 10549 66.6667
73198 512913 73.6842
73198 69587 75
73198 643489 78.7879
73198 663914 68.4211
73198 600779 68.75
73198 169105 68.4211
73198 677276 73.6842
73198 633174 66.6667
73198 43395 66.6667
73198 659185 70.2703
73198 75518 68.5714
73198 12463 66.6667
73198 382815 71.7949
73198 133683 76.9231
73198 27419 68.4211
73198 603719 71.7949
73198 624961 66.6667
73198 617629 71.7949
73198 636095 70
73198 625421 76.9231
73198 164614 66.6667
73198 684074 71.7949
73198 651739 68.2927
73198 686466 72.2222
73198 60548 73.6842
73198 345650 76.9231
73198 626945 70.2703
73198 613239 71.7949
73198 97327 68.4211
73198 643484 66.6667
73198 762 70.9677
73198 646168 71.7949
73198 658774 66.6667
73198 19911 78.9474
73198 635968 72.2222
73198 73819 77.7778
73198 626946 78.7879
73198 646162 77.4194
73198 38255 73.1707
73198 666530 66.6667
73198 651590 76.4706
73198 648327 76.9231
73198 694951 88.8889
73198 119877 78.9474
73198 328820 81.25
73198 667849 73.6842
73198 627066 70.2703
73198 676712 77.7778
73198 371727 78.9474
73198 617409 76.9231
73198 62009 70
73198 56148 66.6667
73198 101655 70.2703
73198 40252 66.6667
73198 664853 83.3333
73198 609820 74.2857
73198 629118 68.2927
73198 278461 71.7949
73198 620248 70.5882
73198 57598 88.2353
73198 691613 77.7778
73198 643475 66.6667
73198 696224 74.2857
73198 57548 75
73198 632231 68.9655
73198 681072 72.2222
73198 30152 82.3529
73198 209084 70.2703
73198 647334 70.9677
73198 306735 72.2222
73198 668362 76.4706
73198 682811 70.9677
73198 677500 68.4211
73198 339497 90.9091
73198 643470 71.7949
73198 626947 72.7273
73198 620336 72.7273
73198 685303 73.6842
73198 347504 66.6667
73198 695218 78.9474
73198 677917 77.7778
73198 649690 77.7778
73198 609816 68.75
73198 102851 76.9231
73198 698558 70.2703
73198 263770 66.6667
73198 266126 66.6667
73198 43870 70.2703
73198 629424 68.2927
73198 641086 74.2857
73198 631634 81.25
73198 638641 66.6667
73198 699206 68.4211
73198 56285 72.2222
73198 33077 71.7949
73198 642788 68.75
73198 5553 72.2222
73198 41355 70.2703
73198 663935 66.6667
73198 81756 66.6667
73198 650211 68.2927
73198 56869 68.2927
73198 680466 66.6667
73198 26154 72.7273
73198 663951 66.6667
73198 60549 66.6667
73198 667068 68.5714
73198 5220 76.9231
73198 294868 68.4211
73198 624987 73.6842
73198 643487 76.9231
73198 623832 71.7949
73198 71439 70
73198 634306 73.1707
73198 629494 68.4211
73198 142693 75
73198 632227 72.7273
73198 43634 68.4211
73198 625109 71.7949
73198 362133 77.4194
73198 209913 71.4286
73198 683369 88.2353
73198 38248 85.7143
73198 639709 68.4211
73198 98431 74.2857
73198 344522 66.6667
73198 131312 70.9677
73198 689429 70.2703
73198 690691 68.75
73198 622636 66.6667
73198 102623 70.2703
73198 405554 66.6667
73198 51143 66.6667
73198 645089 71.7949
73198 644333 76.9231
73198 193514 68.75
0 5
1 0
2 0
3 0
4 0
5 1
6 2
7 6
8 1
9 0
10 0
11 0
12 1
13 7
14 3
15 6
16 5
17 8
18 7
19 14
20 17
21 7
22 19
23 19
24 7
25 11
26 8
27 14
28 8
29 13
30 7
31 10
32 7
33 6
34 6
35 15
36 17
37 21
38 20
39 10
40 31
41 7
42 24
43 28
44 38
45 30
46 19
47 40
48 33
49 54
50 52
51 1
52 46
53 40
54 38
55 83
56 29
57 51
58 60
59 46
60 68
61 13
62 44
63 41
64 35
65 73
66 0
67 84
68 0
69 57
70 7
71 51
72 22
73 25
74 30
75 21
76 8
77 16
78 18
79 8
80 2
81 0
82 6
83 4
84 4
85 1
86 2
87 0
88 2
89 5
90 0
91 1
92 0
93 0
94 0
95 0
96 0
97 0
98 0
99 0
100 0
101 0
17
17326
