139
290193 527017 77.4834
290193 659327 72.3404
290193 646943 71.5278
290193 642656 62.963
290193 636590 67.7316
290193 634748 62.963
290193 638582 62.406
290193 700281 69.403
290193 680413 74.0214
290193 78737 63.6704
290193 636592 69.0476
290193 663419 60.0791
290193 45616 64.7273
290193 664210 61.2903
290193 701195 69.403
290193 654263 72.3404
290193 651714 67.1698
290193 661944 75.6098
290193 647974 64.3599
290193 658434 81.2121
290193 45622 73.8255
290193 654262 74.1259
290193 78746 73.7931
290193 634755 62.987
290193 641295 73.7201
290193 78742 72.028
290193 642663 65.7534
290193 638478 72.5926
290193 699058 63.2812
290193 647975 64.3599
290193 45617 65.4676
290193 638355 62.7737
290193 634751 64.5833
290193 364296 72.2022
290193 654722 66.4384
290193 380479 79.5918
290193 633425 60.9023
290193 664894 76.6551
290193 73283 61.7886
290193 701595 72.2022
290193 693165 74.1007
290193 675268 65.0685
290193 687376 74.9117
290193 640067 72.3404
290193 700284 71.3235
290193 638361 67.3913
290193 651016 81.2121
290193 47745 60.5364
290193 664739 86.9565
290193 665964 60.8
290193 700287 68.8889
290193 633031 65.4275
290193 60342 60.6557
290193 79594 69.2857
290193 680414 74.9117
290193 58057 72.7891
290193 619179 71.6763
290193 633424 68.323
290193 650898 78.8927
290193 78747 73.1707
290193 701596 63.3205
290193 651687 64.5833
290193 699499 74.552
290193 643408 68.1992
290193 636593 69.0476
290193 664891 74.9117
290193 700283 69.403
290193 701196 71.3235
290193 668536 76.9697
290193 698623 78.6378
290193 665539 61.2245
290193 632493 62.987
290193 643703 73.3813
290193 651686 68.9189
290193 638352 64.5833
290193 661755 81.0811
290193 668537 79.3939
290193 700286 68.8889
290193 656199 67.1053
290193 700285 68.8889
290193 78738 64.1791
290193 657782 62.5954
290193 700282 69.403
290193 662162 81.2121
290193 670886 86.9565
290193 7231 63.6704
290193 673654 75.6579
290193 651015 77.4566
290193 5015 65.6827
290193 662283 75.641
290193 641039 69.2015
290193 9617 67.1186
290193 662831 61.2903
290193 34934 71.3781
290193 47764 69.8962
290193 632484 64.5833
290193 647976 64.3599
290193 58056 72.7891
290193 654265 72.1429
290193 78748 74.9141
290193 626496 69.7318
290193 65856 73.1707
290193 642654 64.5833
290193 665356 62.4
290193 58058 74.6667
290193 670887 86.9565
290193 673653 74
290193 697671 69.9248
290193 668535 79.3939
290193 631567 66.8919
290193 636589 67.3077
290193 79589 64.6388
290193 700288 68.8889
290193 700357 71.6312
290193 665535 61.2245
290193 699497 86.5672
290193 680411 73.6462
290193 698506 78.3951
290193 648540 79.2208
290193 622229 66.4384
290193 34929 65.6827
290193 673317 71.1268
290193 632485 66.4384
290193 663417 61.1765
290193 47770 76.1589
290193 664893 76.6551
290193 78743 72.028
290193 78741 70.2128
290193 638583 62.963
290193 634555 80.4124
290193 638365 65.4412
290193 680416 71.7949
290193 642655 62.069
290193 664892 74.9117
290193 65849 66.6667
290193 647977 72.1893
290193 34931 64.8084
290193 700290 69.8529
290193 645793 81.2121
0 5
1 0
2 0
3 2
4 7
5 12
6 6
7 10
8 13
9 23
10 22
11 41
12 31
13 56
14 39
15 68
16 51
17 92
18 84
19 100
20 144
21 94
22 143
23 114
24 83
25 75
26 42
27 7
28 2
29 4
30 1
31 7
32 6
33 4
34 11
35 8
36 15
37 7
38 12
39 17
40 10
41 6
42 5
43 6
44 4
45 5
46 1
47 4
48 0
49 4
50 1
51 11
52 4
53 5
54 16
55 8
56 6
57 7
58 2
59 3
60 4
61 5
62 6
63 10
64 4
65 12
66 7
67 5
68 6
69 7
70 12
71 1
72 8
73 12
74 8
75 10
76 3
77 4
78 2
79 3
80 4
81 1
82 5
83 0
84 0
85 0
86 0
87 4
88 0
89 0
90 0
91 0
92 0
93 0
94 0
95 0
96 0
97 0
98 0
99 0
100 0
101 0
54
17338
