755
649425 665122 80.8511
649425 608710 73.913
649425 644433 70.8333
649425 699339 61.9718
649425 38231 69.5652
649425 99871 66.6667
649425 660165 75
649425 657809 81.6327
649425 631956 76.5957
649425 648358 64
649425 43030 79.1667
649425 686574 68.0851
649425 128701 70.5882
649425 644914 66.6667
649425 8395 90.9091
649425 629424 61.2245
649425 698558 66.6667
649425 696900 60
649425 635968 68.1818
649425 44675 75.5556
649425 643344 77.551
649425 355954 83.7209
649425 660048 77.551
649425 50850 76.1905
649425 269161 60.8696
649425 609816 75
649425 658779 72.7273
649425 630688 77.551
649425 657815 65.1163
649425 627903 63.6364
649425 657560 75
649425 110344 60.4651
649425 4857 61.5385
649425 167881 71.1111
649425 371296 60.4651
649425 41365 60.8696
649425 650911 77.551
649425 24303 73.913
649425 124081 75
649425 617629 68.0851
649425 625446 62.2222
649425 602670 63.4921
649425 641831 78.2609
649425 624386 81.6327
649425 33139 77.551
649425 649429 95.6522
649425 667249 66.6667
649425 679 74.4186
649425 671291 71.6418
649425 99002 80
649425 625159 60.8696
649425 68347 66.6667
649425 64054 70.5882
649425 649690 63.6364
649425 149704 76.1905
649425 98436 60.8696
649425 33592 81.6327
649425 645600 81.6327
649425 74468 77.2727
649425 3846 65.3061
649425 634176 69.8413
649425 630077 88
649425 839 65.1163
649425 57549 60.8696
649425 646163 83.3333
649425 371727 69.5652
649425 99331 74.4186
649425 626953 69.7674
649425 658782 69.7674
649425 610998 63.1579
649425 17796 89.3617
649425 610185 86.9565
649425 408564 69.3878
649425 677547 77.2727
649425 688039 76
649425 634249 66.6667
649425 633221 70.8333
649425 60275 77.551
649425 67437 81.6327
649425 16448 82.6087
649425 74297 61.9048
649425 679449 62.2222
649425 636944 86.9565
649425 638593 63.8298
649425 241113 68.0851
649425 689418 63.6364
649425 18256 80
649425 645089 76.5957
649425 625794 75
649425 637006 91.6667
649425 655263 63.6364
649425 186053 63.8298
649425 26245 60.4651
649425 629036 69.7674
649425 676725 70.8333
649425 640191 82.6087
649425 122751 71.1111
649425 638173 79.1667
649425 5553 63.6364
649425 686264 72.7273
649425 650034 80.8511
649425 109884 65.2174
649425 636473 77.551
649425 645727 75
649425 636098 78.2609
649425 641763 78.2609
649425 676509 71.6418
649425 70716 66.6667
649425 640645 62.2222
649425 649422 95.8333
649425 664545 63.4146
649425 172262 73.913
649425 659144 86.9565
649425 625196 61.9048
649425 680519 63.6364
649425 647334 61.5385
649425 640331 89.3617
649425 125718 72.7273
649425 5729 62.2222
649425 625191 63.1579
649425 628815 75.5556
649425 145081 76.5957
649425 634304 69.3878
649425 643044 68.1818
649425 625381 70.5882
649425 380271 71.1111
649425 646204 85.7143
649425 114022 65
649425 648344 62.3377
649425 647648 63.4921
649425 624005 78.2609
649425 12148 79.1667
649425 662876 66.6667
649425 682328 69.5652
649425 32363 79.0698
649425 55619 63.8298
649425 10549 72.3404
649425 42080 68.2927
649425 624004 82.6087
649425 612765 83.3333
649425 617378 66.6667
649425 646439 61.5385
649425 328442 74.4186
649425 28142 74.4186
649425 66597 83.3333
649425 617370 91.6667
649425 693097 63.7681
649425 666439 83.3333
649425 647372 80
649425 646989 73.8462
649425 691614 63.6364
649425 215132 84.4444
649425 38241 63.8298
649425 163661 70.1754
649425 640266 61.5385
649425 700601 69.5652
649425 603719 68.0851
649425 619101 89.7959
649425 660420 60
649425 20579 69.5652
649425 608712 82.6087
649425 639475 65.7534
649425 14023 80
649425 650059 77.4194
649425 667951 71.6418
649425 602908 71.1111
649425 646176 60
649425 298812 63.8298
649425 625462 80.8511
649425 611545 62.5
649425 645548 62.3377
649425 667068 60.4651
649425 342008 66.6667
649425 657806 79.0698
649425 616256 81.8182
649425 24833 65.1163
649425 622652 65.3061
649425 33610 81.6327
649425 681316 73.913
649425 24711 62.2222
649425 656987 66.6667
649425 639840 72
649425 641997 81.6327
649425 664276 65.2174
649425 194315 86.9565
649425 655264 60.8696
649425 677514 72.7273
649425 677513 72.7273
649425 617395 60.8696
649425 638686 66.6667
649425 628867 69.5652
649425 111180 60.4651
649425 56501 82.6087
649425 645547 67.6056
649425 679579 60.8696
649425 358737 61.9048
649425 664543 62.2222
649425 405968 81.6327
649425 66476 61.2245
649425 124997 65.1163
649425 645789 66.6667
649425 658498 60.4651
649425 623635 75
649425 621888 75.5556
649425 38468 69.5652
649425 656400 89.7959
649425 623650 66.6667
649425 255115 86.9565
649425 665527 66.6667
649425 698601 70.5882
649425 664977 62.2222
649425 149987 60.8696
649425 625144 76.5957
649425 646210 81.6327
649425 72286 77.551
649425 677434 74.4186
649425 663780 66.6667
649425 664284 68.0851
649425 56869 77.551
649425 645038 63.6364
649425 256 66.6667
649425 677507 63.6364
649425 49210 85.1064
649425 646444 61.5385
649425 646203 85.7143
649425 641660 69.5652
649425 346230 63.1579
649425 630915 60.8696
649425 257830 85.1064
649425 645978 73.4694
649425 215138 84.4444
649425 626954 75.5556
649425 630690 60
649425 632952 81.8182
649425 658464 63.6364
649425 635034 61.0169
649425 364093 69.5652
649425 76006 69.3878
649425 43871 80
649425 649436 79.1667
649425 87081 86.9565
649425 127964 68.0851
649425 269613 73.913
649425 633001 71.6418
649425 644325 81.8182
649425 638641 80.8511
649425 646164 78.2609
649425 636941 86.9565
649425 382814 71.1111
649425 7760 68.1818
649425 160497 69.5652
649425 644432 70.8333
649425 601307 75.5556
649425 4140 73.4694
649425 51867 60.4651
649425 677510 69.5652
649425 600388 81.8182
649425 241173 66.6667
649425 625063 80
649425 522408 73.913
649425 625465 72.3404
649425 229 85.7143
649425 59679 69.5652
649425 656392 89.7959
649425 659234 70.8333
649425 647014 69.5652
649425 140665 72.7273
649425 654113 76.5957
649425 675187 69.5652
649425 118993 80
649425 341865 87.5
649425 629267 73.0159
649425 120309 69.7674
649425 663946 63.8298
649425 645540 67.6056
649425 623992 79.1667
649425 628999 72.7273
649425 629009 68.0851
649425 640286 73.8462
649425 697943 76.5957
649425 658397 75
649425 643729 89.7959
649425 620248 66.6667
649425 636790 60.3175
649425 670183 85.1064
649425 36283 69.5652
649425 20122 80.8511
649425 6957 76.1905
649425 667948 66.6667
649425 641661 67.6056
649425 650981 81.8182
649425 625471 80
649425 645335 84
649425 646436 61.5385
649425 627725 62.2222
649425 658787 61.5385
649425 220327 65.2174
649425 54855 73.4694
649425 619072 61.2903
649425 633868 75.5556
649425 625412 73.4694
649425 622636 76.5957
649425 294110 62.2222
649425 667952 71.6418
649425 641165 81.6327
649425 624842 82.6087
649425 49348 65
649425 666530 68.1818
649425 30798 68.0851
649425 634135 68.0851
649425 37752 77.551
649425 657562 63.6364
649425 633890 70.8333
649425 42443 81.6327
649425 636921 86.9565
649425 20625 61.5385
649425 83398 71.1111
649425 629374 62.5
649425 142693 65
649425 626923 64
649425 30131 68
649425 66489 62.2222
649425 16634 69.5652
649425 658698 79.1667
649425 629718 60.4651
649425 404000 85.1064
649425 656391 89.3617
649425 169105 78.2609
649425 617363 79.1667
649425 677555 72.7273
649425 637434 87.5
649425 639682 81.6327
649425 660421 79.1667
649425 664853 63.6364
649425 102318 75.5556
649425 663921 61.9048
649425 66070 85.7143
649425 309708 70.2703
649425 651217 75
649425 648360 62.3377
649425 659122 66.6667
649425 59628 70.8333
649425 74380 76
649425 627383 81.6327
649425 670181 74.4186
649425 685117 65.2174
649425 670149 77.2727
649425 661128 77.551
649425 81669 80.8511
649425 650625 62.2222
649425 67594 79.1667
649425 636993 81.6327
649425 54833 91.6667
649425 639472 67.6056
649425 634306 69.3878
649425 658487 63.8298
649425 158037 71.1111
649425 64013 72.7273
649425 97219 85.1064
649425 639772 73.3333
649425 54829 62.2222
649425 687618 62.2222
649425 650624 62.5
649425 647024 64.8649
649425 43026 83.3333
649425 52350 87.5
649425 365560 69.5652
649425 186233 89.3617
649425 650064 71.6418
649425 645542 72.7273
649425 116805 62.2222
649425 179790 70
649425 164774 66.6667
649425 7636 81.8182
649425 102851 72.3404
649425 43395 63.6364
649425 628265 75.5556
649425 25952 63.8298
649425 624987 60.8696
649425 38253 60.4651
649425 639681 81.6327
649425 645129 67.6056
649425 638534 66.6667
649425 55342 78.2609
649425 657817 69.5652
649425 647645 61.5385
649425 656390 85.7143
649425 633174 80
649425 657811 81.6327
649425 634171 69.3878
649425 611078 60.4651
649425 96461 80
649425 400230 63.4146
649425 625795 77.551
649425 36603 65.1163
649425 9659 63.6364
649425 660640 72.7273
649425 625469 80.8511
649425 675282 61.9718
649425 193521 61.9048
649425 668523 63.6364
649425 657840 77.551
649425 625042 85.7143
649425 651220 70.8333
649425 665536 61.1111
649425 128160 75.5556
649425 43870 80
649425 180 63.6364
649425 690415 78.2609
649425 633011 87.2727
649425 382815 68.0851
649425 656386 80.8511
649425 116539 71.1111
649425 33377 62.2222
649425 646645 65.3061
649425 634714 77.551
649425 116523 72.3404
649425 646707 81.6327
649425 635960 82.6087
649425 369774 72.3404
649425 609067 63.1579
649425 694105 76.5957
649425 677512 76.1905
649425 627435 60
649425 116363 68.0851
649425 47695 82.6087
649425 136014 63.6364
649425 297577 68.0851
649425 646910 60.274
649425 291305 78.2609
649425 691610 66.6667
649425 636784 79.1667
649425 647068 81.6327
649425 677920 60.4651
649425 12463 68.0851
649425 309699 71.1111
649425 209084 80
649425 631315 75.5556
649425 164614 68.1818
649425 675186 69.5652
649425 659342 77.551
649425 695625 75
649425 680715 63.6364
649425 646165 83.3333
649425 697780 65.7534
649425 74517 65
649425 108408 75
649425 642896 72.7273
649425 627368 63.8298
649425 658533 73.4694
649425 656387 77.551
649425 638640 73.913
649425 73166 79.0698
649425 40484 62.5
649425 624535 65.3061
649425 667850 65.2174
649425 617316 61.9048
649425 672018 78.2609
649425 8512 60.8696
649425 636935 91.6667
649425 111920 71.1111
649425 67476 69.5652
649425 53183 85.7143
649425 31976 75.5556
649425 649428 100
649425 404827 66.6667
649425 679825 80
649425 654114 85.1064
649425 670182 71.1111
649425 72288 77.551
649425 342024 68.2927
649425 31592 60
649425 636095 66.6667
649425 665553 80.8511
649425 68955 63.6364
649425 659015 60.274
649425 617409 72.3404
649425 100467 61.9048
649425 631128 77.551
649425 636943 87.5
649425 34632 75
649425 661186 65.7534
649425 631648 83.3333
649425 671292 71.6418
649425 650783 80.8511
649425 45164 82.6087
649425 650061 64.8649
649425 8774 76.5957
649425 646001 79.1667
649425 697384 80
649425 691995 73.8462
649425 637493 67.6056
649425 625487 71.6418
649425 689210 75
649425 60734 68.0851
649425 627226 81.8182
649425 657803 76.5957
649425 629474 66.6667
649425 67800 61.5385
649425 637821 60.4651
649425 43798 91.6667
649425 634293 68.0851
649425 631630 83.3333
649425 139785 71.1111
649425 63862 63.8298
649425 670179 74.4186
649425 690590 63.8298
649425 63055 72.7273
649425 672441 66.6667
649425 20985 85.7143
649425 650616 68.0851
649425 633879 68.0851
649425 601362 73.4694
649425 648400 61.5385
649425 50848 72.7273
649425 666432 70.8333
649425 676419 60.274
649425 663915 70.8333
649425 364202 66.6667
649425 627436 72.7273
649425 73248 85.7143
649425 628244 76
649425 677516 78.2609
649425 29851 75.5556
649425 278461 68.0851
649425 624163 76.5957
649425 690393 64.5161
649425 668362 66.6667
649425 663585 70.8333
649425 623832 68.0851
649425 687813 65.7143
649425 624231 75.4098
649425 609818 73.4694
649425 657836 80.8511
649425 696224 69.7674
649425 651218 75
649425 650610 60.8696
649425 657805 79.0698
649425 38243 60.4651
649425 326397 68.0851
649425 627708 73.0159
649425 15130 62.2222
649425 647019 69.5652
649425 616811 63.8298
649425 174612 62.2222
649425 640230 66.6667
649425 634470 62.5
649425 647646 61.5385
649425 625483 71.6418
649425 666386 72.7273
649425 672960 81.8182
649425 640890 73.0769
649425 628996 77.551
649425 648352 64.8649
649425 625028 61.5385
649425 624162 73.4694
649425 670148 72.3404
649425 84552 73.913
649425 651324 66.6667
649425 664941 64.7059
649425 311941 77.2727
649425 694557 64
649425 625186 69.3878
649425 39362 89.7959
649425 637646 63.4921
649425 122640 78.2609
649425 661471 62.5
649425 683892 68.0851
649425 83653 87.5
649425 625464 80
649425 174620 79.0698
649425 677915 60
649425 673997 60.7595
649425 131312 66.6667
649425 295156 66.6667
649425 638129 73.4694
649425 677916 60.4651
649425 622644 62.5
649425 656393 85.7143
649425 645124 69.5652
649425 676949 71.6418
649425 692011 63.8298
649425 646162 66.6667
649425 641530 65.6716
649425 660053 63.8298
649425 71320 71.1111
649425 63911 89.3617
649425 58895 69.5652
649425 26154 63.4146
649425 649441 66.6667
649425 59727 63.4146
649425 66479 70
649425 695218 60.8696
649425 640902 79.2453
649425 641654 67.6056
649425 638174 79.1667
649425 663936 79.1667
649425 677545 71.4286
649425 636946 91.6667
649425 630076 88
649425 71439 66.6667
649425 405084 89.7959
649425 663576 100
649425 645098 75
649425 681170 61.5385
649425 628102 85.7143
649425 680482 71.1111
649425 666436 70.8333
649425 609819 65.1163
649425 625064 85.1064
649425 628495 63.1579
649425 667470 82.6087
649425 668859 67.6056
649425 103998 65.2174
649425 86939 63.6364
649425 18894 63.1579
649425 41554 81.6327
649425 663927 63.8298
649425 691259 75
649425 614939 61.1111
649425 662782 85.7143
649425 207835 60.8696
649425 18255 80
649425 636661 70.5882
649425 700591 72.7273
649425 409127 69.5652
649425 86080 85.1064
649425 624006 78.2609
649425 636118 77.551
649425 634163 66.6667
649425 627222 75.5556
649425 34551 62.5
649425 639683 77.551
649425 649096 68.0851
649425 642604 66.6667
649425 658818 66.6667
649425 105373 72.7273
649425 694315 75.5556
649425 1026 66.6667
649425 646232 80.8511
649425 10121 76.5957
649425 4867 73.4694
649425 58104 72.3404
649425 667276 82.6087
649425 636942 87.5
649425 625468 77.551
649425 630262 73.4694
649425 646166 69.7674
649425 625482 71.6418
649425 521887 72.7273
649425 648928 66.6667
649425 666115 66.6667
649425 644932 65.2174
649425 55876 72.3404
649425 611783 65.3061
649425 674195 73.913
649425 647355 61.2245
649425 648929 72.3404
649425 638581 70.5882
649425 635820 75
649425 348706 65.2174
649425 202930 66.6667
649425 3124 66.6667
649425 62009 70.8333
649425 636929 86.9565
649425 4771 68.1818
649425 19984 93.3333
649425 603977 66.6667
649425 327982 68.2927
649425 616278 62.2222
649425 624051 84
649425 60698 61.9048
649425 27116 82.9268
649425 633900 65.3061
649425 79016 72.3404
649425 617633 65.2174
649425 2775 73.913
649425 646159 86.9565
649425 609820 65.1163
649425 295302 66.6667
649425 631808 66.6667
649425 619147 65.3061
649425 636326 75.5556
649425 672019 78.2609
649425 657843 77.551
649425 331770 69.5652
649425 639767 75.8621
649425 646207 76.5957
649425 641626 62.3377
649425 66688 65.2174
649425 667950 73.8462
649425 285113 81.8182
649425 634581 73.4694
649425 649097 85.7143
649425 680494 80.8511
649425 13009 60.8696
649425 157913 71.4286
649425 649092 69.5652
649425 147110 83.3333
649425 699206 65.2174
649425 636947 91.6667
649425 609248 69.5652
649425 649427 100
649425 624575 60.274
649425 615011 89.3617
649425 638636 61.9048
649425 625239 70.8333
649425 668856 69.5652
649425 627367 63.8298
649425 615299 66.6667
649425 677917 63.6364
649425 291534 76.5957
649425 56357 73.0769
649425 624003 75
649425 327445 74.4186
649425 58030 64
649425 66069 77.551
649425 632913 66.6667
649425 81549 63.4146
649425 644871 75
649425 79707 74.4186
649425 649424 91.6667
649425 681679 62.8571
649425 51337 65.1163
649425 650643 61.9048
649425 647527 66.6667
649425 663914 73.913
649425 56470 72.3404
649425 632386 73.4694
649425 638521 67.6056
649425 627370 66.6667
649425 75707 81.6327
649425 75518 60.4651
649425 632918 65.2174
649425 612049 63.3333
649425 140121 63.8298
649425 25397 80.8511
649425 649044 70.8333
649425 663947 63.8298
649425 25413 65.3061
649425 636086 83.3333
649425 665282 63.8298
649425 633810 72.7273
649425 131090 80.8511
649425 646438 61.5385
649425 615985 67.6056
649425 627066 62.2222
649425 64057 65.7534
649425 3609 66.6667
649425 617628 91.6667
649425 617406 87.5
649425 628979 66.6667
649425 663935 68.1818
649425 634241 62.2222
649425 404698 68.1818
0 9
1 0
2 0
3 0
4 0
5 7
6 8
7 6
8 0
9 1
10 2
11 0
12 1
13 0
14 4
15 0
16 1
17 0
18 1
19 0
20 5
21 1
22 8
23 7
24 8
25 9
26 7
27 8
28 8
29 5
30 15
31 23
32 15
33 20
34 27
35 30
36 18
37 14
38 13
39 25
40 50
41 18
42 23
43 33
44 36
45 31
46 29
47 52
48 37
49 45
50 44
51 6
52 39
53 43
54 40
55 29
56 32
57 18
58 48
59 20
60 39
61 37
62 34
63 33
64 60
65 9
66 34
67 54
68 11
69 33
70 43
71 23
72 28
73 32
74 33
75 28
76 20
77 18
78 29
79 14
80 35
81 15
82 29
83 12
84 13
85 2
86 21
87 10
88 10
89 0
90 12
91 1
92 9
93 0
94 1
95 0
96 2
97 0
98 0
99 0
100 0
101 3
20
18515
