689
38709 271622 66.6667
38709 270751 71.4286
38709 269161 68.2927
38709 679078 61.5385
38709 344522 61.9048
38709 657815 63.1579
38709 3427 74.4186
38709 627903 61.5385
38709 83516 63.4146
38709 55666 73.6842
38709 55259 70
38709 110344 78.9474
38709 650911 63.6364
38709 6738 60
38709 625109 85.7143
38709 629119 68.1818
38709 617629 80.9524
38709 625446 70
38709 602670 65.5172
38709 677233 68.2927
38709 663589 71.4286
38709 624386 63.6364
38709 252048 61.5385
38709 227902 78.9474
38709 625159 87.8049
38709 68347 64.7059
38709 88653 86.4865
38709 649690 82.0513
38709 98436 73.1707
38709 626946 88.8889
38709 634193 75
38709 620337 89.4737
38709 109825 70.2703
38709 3846 68.1818
38709 646163 60.4651
38709 371727 73.1707
38709 610998 69.2308
38709 646212 68.2927
38709 408564 63.6364
38709 355936 80
38709 629717 71.7949
38709 163335 66.6667
38709 633221 65.1163
38709 161622 75
38709 74297 81.0811
38709 634617 66.6667
38709 685303 78.0488
38709 62597 68.2927
38709 638593 80.9524
38709 645868 66.6667
38709 71873 66.6667
38709 306735 76.9231
38709 689418 61.5385
38709 3428 74.4186
38709 645089 66.6667
38709 10006 71.4286
38709 637519 73.1707
38709 655263 71.7949
38709 186053 61.9048
38709 26245 63.1579
38709 3098 76.1905
38709 27419 82.9268
38709 677276 68.2927
38709 122751 70
38709 5553 71.7949
38709 686264 71.7949
38709 166668 75
38709 623661 71.7949
38709 109884 82.9268
38709 651590 64.8649
38709 636473 68.1818
38709 625820 60.4651
38709 44217 68.1818
38709 64797 76.9231
38709 58979 70.2703
38709 623648 75.6757
38709 153353 78.9474
38709 640645 65
38709 194296 60.6061
38709 643483 61.1111
38709 623711 73.6842
38709 139471 66.6667
38709 38256 82.3529
38709 625196 64.8649
38709 72272 73.1707
38709 295375 76.4706
38709 625191 66.6667
38709 628815 60
38709 648327 71.4286
38709 243616 66.6667
38709 634304 68.1818
38709 643044 61.5385
38709 625381 78.2609
38709 380271 60
38709 114022 68.5714
38709 650741 75.6757
38709 647648 65.5172
38709 362133 82.3529
38709 38252 75.6757
38709 626945 85
38709 683726 63.1579
38709 683724 63.1579
38709 657818 73.6842
38709 96448 71.7949
38709 512913 68.2927
38709 24710 73.6842
38709 55619 66.6667
38709 10549 61.9048
38709 42080 61.1111
38709 664309 68.5714
38709 612765 65.1163
38709 617378 60.4651
38709 33832 69.7674
38709 643469 66.6667
38709 646439 63.3333
38709 640439 68.2927
38709 646222 66.6667
38709 625648 60
38709 66597 65.1163
38709 677500 73.1707
38709 677499 70.5882
38709 690589 61.9048
38709 38248 73.6842
38709 691614 66.6667
38709 629494 73.1707
38709 627073 85
38709 163661 73.0769
38709 45762 63.6364
38709 700601 73.1707
38709 294109 70
38709 26542 76.9231
38709 603719 80.9524
38709 660420 62.8571
38709 680859 66.6667
38709 675008 70
38709 6745 66.6667
38709 602908 60
38709 609817 66.6667
38709 611545 74.4186
38709 683369 81.0811
38709 639710 74.4186
38709 629502 68.4211
38709 667068 73.6842
38709 301197 75
38709 2765 65
38709 24711 75
38709 623700 68.1818
38709 626544 76.1905
38709 653049 66.6667
38709 664276 63.4146
38709 655264 78.0488
38709 677514 61.5385
38709 630911 87.1795
38709 677513 61.5385
38709 638686 65
38709 628867 63.4146
38709 111180 84.2105
38709 679275 85
38709 58579 68.4211
38709 679579 68.2927
38709 638702 71.4286
38709 71999 62.8571
38709 358737 70.2703
38709 670248 63.4146
38709 161621 75
38709 409962 61.9048
38709 659438 63.4146
38709 124997 68.4211
38709 624942 68.1818
38709 680857 70.2703
38709 621888 60
38709 73198 74.2857
38709 38468 68.2927
38709 41356 85
38709 630147 72.2222
38709 664977 70
38709 1163 78.9474
38709 149987 63.4146
38709 627074 85
38709 695648 64.8649
38709 73819 82.0513
38709 664284 71.4286
38709 33077 76.1905
38709 645038 66.6667
38709 688887 76.9231
38709 688343 76.9231
38709 193514 68.5714
38709 653048 60
38709 677507 61.5385
38709 55548 69.7674
38709 643470 66.6667
38709 646444 63.3333
38709 401554 66.6667
38709 630915 87.8049
38709 645978 63.6364
38709 630690 62.8571
38709 676737 70
38709 1168 78.9474
38709 635034 66.6667
38709 137470 66.6667
38709 43871 60
38709 54088 73.6842
38709 623991 75
38709 657731 82.9268
38709 127964 80.9524
38709 2743 61.9048
38709 45914 65.1163
38709 646164 63.4146
38709 626865 81.0811
38709 382814 75
38709 629118 68.1818
38709 7760 61.5385
38709 160497 63.4146
38709 644432 65.1163
38709 679577 71.4286
38709 658774 71.4286
38709 51867 68.4211
38709 643472 65.1163
38709 600388 61.5385
38709 241173 75.6757
38709 522408 68.2927
38709 625465 61.9048
38709 103805 64.8649
38709 690691 74.2857
38709 626947 72.2222
38709 372154 63.1579
38709 59679 73.1707
38709 659234 60.4651
38709 684792 78.0488
38709 16231 69.7674
38709 122231 61.1111
38709 160588 70.2703
38709 643495 60
38709 101655 65
38709 120309 68.4211
38709 663946 61.9048
38709 74446 66.6667
38709 629009 66.6667
38709 661463 76.4706
38709 620248 75.6757
38709 36283 63.4146
38709 133683 76.1905
38709 677504 63.4146
38709 5220 76.1905
38709 31539 65.1163
38709 371717 70
38709 353871 60.6061
38709 38250 78.7879
38709 646436 63.3333
38709 627725 60
38709 631597 88.2353
38709 700123 69.7674
38709 617683 86.3636
38709 667849 82.9268
38709 658787 63.3333
38709 678398 61.5385
38709 619072 63.1579
38709 633868 60
38709 1112 70.9677
38709 92221 72.2222
38709 622636 61.9048
38709 294110 70
38709 641165 63.6364
38709 607167 71.4286
38709 677501 73.1707
38709 666530 71.7949
38709 30798 66.6667
38709 84223 81.25
38709 37752 68.1818
38709 633890 65.1163
38709 42443 63.6364
38709 602889 60
38709 83398 60
38709 142693 68.5714
38709 626923 66.6667
38709 30131 75.5556
38709 16634 63.4146
38709 62778 78.9474
38709 629718 78.9474
38709 692599 75
38709 658501 71.4286
38709 169105 63.4146
38709 651739 81.8182
38709 617363 65.1163
38709 677555 61.5385
38709 2858 60.6061
38709 624349 69.7674
38709 660421 60.4651
38709 664853 76.9231
38709 650037 76.1905
38709 663921 64.8649
38709 650211 81.8182
38709 651217 69.7674
38709 345650 76.1905
38709 59628 69.7674
38709 627383 68.1818
38709 76031 66.6667
38709 685117 68.2927
38709 643468 63.1579
38709 623701 78.9474
38709 81669 61.9048
38709 1390 65
38709 677503 63.4146
38709 266126 61.5385
38709 30152 91.8919
38709 634306 77.2727
38709 653050 76.1905
38709 526596 70.2703
38709 658487 71.4286
38709 64013 71.7949
38709 40450 73.1707
38709 54829 75
38709 642926 61.1111
38709 191042 72.2222
38709 666677 61.5385
38709 679482 68.5714
38709 193502 68.2927
38709 87059 73.1707
38709 43026 65.1163
38709 46798 66.6667
38709 49590 66.6667
38709 4926 75.6757
38709 641764 61.1111
38709 338205 82.9268
38709 48911 85.7143
38709 66068 66.6667
38709 116805 65
38709 179790 62.8571
38709 658309 65
38709 177950 61.9048
38709 60195 68.5714
38709 4120 78.7879
38709 646440 61.2903
38709 7636 61.5385
38709 102851 71.4286
38709 43395 61.5385
38709 643475 61.1111
38709 25952 71.4286
38709 624987 87.8049
38709 624671 85.7143
38709 38253 78.9474
38709 657817 63.4146
38709 647645 63.3333
38709 667760 76.9231
38709 672208 73.1707
38709 632920 64.8649
38709 634219 61.9048
38709 667851 71.7949
38709 623233 65
38709 634171 68.1818
38709 611078 78.9474
38709 96461 60
38709 626100 82.9268
38709 400230 72.2222
38709 634616 68.4211
38709 628334 61.5385
38709 9659 66.6667
38709 56338 82.9268
38709 651220 69.7674
38709 372155 65
38709 692226 82.3529
38709 679281 78.9474
38709 229540 63.4146
38709 600059 64.7059
38709 43870 60
38709 180 66.6667
38709 33518 66.6667
38709 382815 76.1905
38709 33377 65
38709 67668 83.3333
38709 646707 68.1818
38709 658776 85.7143
38709 369774 61.9048
38709 609067 69.2308
38709 92220 76.4706
38709 1986 75
38709 694105 61.9048
38709 682811 64.7059
38709 627435 62.8571
38709 2750 63.1579
38709 116363 76.1905
38709 47695 63.4146
38709 136014 61.5385
38709 72089 88.3721
38709 651737 81.8182
38709 650609 69.7674
38709 686662 70.2703
38709 158910 65
38709 686466 82.0513
38709 644273 64.8649
38709 615123 63.6364
38709 297577 61.9048
38709 685298 71.7949
38709 291305 63.4146
38709 691610 64.8649
38709 611347 65
38709 639709 73.1707
38709 625015 78.0488
38709 681072 76.9231
38709 677920 73.6842
38709 148519 72.7273
38709 12463 61.9048
38709 209084 65
38709 631315 60
38709 164614 61.5385
38709 625421 71.4286
38709 646165 60.4651
38709 635810 60
38709 138305 75.6757
38709 616232 71.4286
38709 76699 68.75
38709 624535 63.6364
38709 667850 63.4146
38709 617316 81.0811
38709 643493 61.1111
38709 8512 73.1707
38709 401553 75
38709 658980 82.9268
38709 160587 68.2927
38709 602890 61.5385
38709 7528 61.9048
38709 84227 80
38709 31592 62.8571
38709 636095 79.0698
38709 641086 68.4211
38709 68955 82.0513
38709 617409 71.4286
38709 100467 70.2703
38709 682813 61.1111
38709 79447 63.4146
38709 161601 75
38709 663620 61.9048
38709 623636 68.2927
38709 663571 83.7209
38709 326172 85
38709 684032 70.2703
38709 646001 60.4651
38709 697384 60
38709 328820 80
38709 193517 70.2703
38709 600779 68.5714
38709 629474 70
38709 67800 64.7059
38709 136135 63.4146
38709 667247 82.9268
38709 637821 63.1579
38709 631630 60.4651
38709 63862 71.4286
38709 185355 62.8571
38709 634151 70.5882
38709 676713 87.1795
38709 63055 61.5385
38709 187538 65
38709 672441 70
38709 624961 76.1905
38709 252044 64.8649
38709 209913 64.5161
38709 650616 61.9048
38709 634614 64.8649
38709 633879 66.6667
38709 6365 88.2353
38709 666432 65.1163
38709 663915 60.4651
38709 57547 76.9231
38709 364202 80
38709 662187 73.1707
38709 662156 63.4146
38709 57548 83.7209
38709 30724 87.1795
38709 29851 60
38709 644297 84.2105
38709 278461 76.1905
38709 693434 75
38709 8120 71.4286
38709 690393 63.1579
38709 668362 75.6757
38709 663585 65.1163
38709 623832 66.6667
38709 231338 60
38709 696224 73.6842
38709 651218 69.7674
38709 650610 68.2927
38709 130895 71.7949
38709 627080 74.4186
38709 686665 70
38709 650611 71.7949
38709 675215 65
38709 629037 73.1707
38709 38243 78.9474
38709 263770 61.5385
38709 616811 61.9048
38709 640230 79.0698
38709 634470 79.0698
38709 632227 88.8889
38709 647646 63.3333
38709 684074 71.4286
38709 69587 69.7674
38709 625028 76.4706
38709 350191 70
38709 670148 61.9048
38709 647530 68.75
38709 628296 81.0811
38709 58511 61.1111
38709 84552 68.2927
38709 629038 69.7674
38709 651324 69.7674
38709 98431 78.9474
38709 664941 60.3175
38709 122381 61.1111
38709 154880 65
38709 57598 86.4865
38709 659147 66.6667
38709 637646 65.5172
38709 661471 69.7674
38709 683892 66.6667
38709 118613 80
38709 55456 74.4186
38709 135284 64.8649
38709 651735 81.8182
38709 174620 63.1579
38709 646161 62.5
38709 38255 81.8182
38709 677915 80
38709 131312 70.5882
38709 56148 80.9524
38709 45410 62.069
38709 677916 73.6842
38709 622644 69.7674
38709 669986 66.6667
38709 663952 74.4186
38709 632919 64.8649
38709 3767 65
38709 602880 88.3721
38709 646162 64.7059
38709 680466 76.9231
38709 102623 65
38709 75516 75
38709 686664 68.2927
38709 660053 71.4286
38709 71320 65
38709 58895 73.1707
38709 26154 72.2222
38709 649441 79.0698
38709 59727 61.1111
38709 695218 82.9268
38709 25855 74.2857
38709 30723 87.1795
38709 680211 61.1111
38709 664269 82.0513
38709 694951 76.9231
38709 667749 76.9231
38709 63599 60.4651
38709 693424 70.2703
38709 348404 81.25
38709 71439 65.1163
38709 19911 73.1707
38709 339497 83.3333
38709 625027 68.4211
38709 174655 70
38709 638851 71.7949
38709 29232 87.1795
38709 13687 87.8049
38709 109999 60
38709 666436 60.4651
38709 609819 68.4211
38709 613239 85.7143
38709 301196 73.6842
38709 628495 69.2308
38709 48122 66.6667
38709 103998 63.4146
38709 631634 91.4286
38709 86939 66.6667
38709 18894 72.7273
38709 278175 76.9231
38709 187521 63.4146
38709 40725 75
38709 624960 76.1905
38709 125185 78.7879
38709 626433 87.1795
38709 634163 80
38709 34551 69.7674
38709 649096 61.9048
38709 642604 74.4186
38709 676712 87.1795
38709 147625 74.2857
38709 642788 74.2857
38709 105373 61.5385
38709 1026 70.2703
38709 627082 90.4762
38709 95102 82.9268
38709 240408 66.6667
38709 23609 75
38709 630262 63.6364
38709 662773 83.3333
38709 646166 68.4211
38709 521887 71.7949
38709 624151 66.6667
38709 97327 73.1707
38709 632917 61.5385
38709 617627 66.6667
38709 55876 61.9048
38709 674195 68.2927
38709 647355 63.6364
38709 663549 61.9048
38709 648929 61.9048
38709 348706 63.4146
38709 3124 64.8649
38709 62009 65.1163
38709 4771 66.6667
38709 644333 76.1905
38709 295435 85
38709 70868 61.9048
38709 327982 61.1111
38709 634220 61.9048
38709 616278 70
38709 377717 61.1111
38709 634775 66.6667
38709 633900 63.6364
38709 7887 68.5714
38709 683723 61.5385
38709 60549 61.9048
38709 609820 68.4211
38709 667524 76.9231
38709 54128 69.7674
38709 667246 82.9268
38709 643487 66.6667
38709 631808 65
38709 636326 65
38709 657843 68.1818
38709 294107 77.7778
38709 331770 68.2927
38709 10014 66.6667
38709 617398 69.7674
38709 66688 63.4146
38709 64884 66.6667
38709 34765 71.4286
38709 301199 75
38709 56285 71.7949
38709 58580 63.4146
38709 634156 66.6667
38709 699206 73.1707
38709 638603 72.2222
38709 87254 75
38709 629716 64.8649
38709 72982 82.3529
38709 638636 64.8649
38709 119877 73.1707
38709 685783 73.1707
38709 40252 61.1111
38709 677917 71.7949
38709 55459 60.4651
38709 163501 82.9268
38709 624003 60.4651
38709 58030 66.6667
38709 634615 70
38709 81549 72.2222
38709 644871 74.4186
38709 79707 68.4211
38709 2741 65
38709 647527 64.7059
38709 626580 64.2857
38709 57884 90.4762
38709 56470 76.1905
38709 632386 72.7273
38709 75518 68.4211
38709 632918 63.4146
38709 612049 65.4545
38709 25397 61.9048
38709 41355 85
38709 649044 65.1163
38709 270531 64.8649
38709 665282 61.9048
38709 60188 66.6667
38709 630691 61.9048
38709 131090 61.9048
38709 646438 63.3333
38709 177951 65
38709 659301 68.1818
38709 625813 69.7674
38709 15193 75
38709 627066 75
38709 620336 94.4444
38709 679283 75
38709 45956 60.6061
38709 653051 70
38709 628979 69.7674
38709 663935 61.5385
38709 634241 70
38709 404698 66.6667
0 5
1 0
2 0
3 0
4 0
5 0
6 0
7 0
8 0
9 0
10 1
11 2
12 3
13 5
14 1
15 1
16 0
17 3
18 6
19 3
20 3
21 2
22 13
23 3
24 10
25 25
26 19
27 11
28 12
29 14
30 8
31 10
32 8
33 9
34 14
35 21
36 12
37 17
38 13
39 23
40 32
41 13
42 27
43 31
44 25
45 42
46 17
47 35
48 28
49 26
50 56
51 1
52 47
53 47
54 34
55 72
56 33
57 28
58 66
59 41
60 67
61 18
62 74
63 9
64 57
65 47
66 19
67 52
68 0
69 56
70 41
71 16
72 37
73 11
74 34
75 36
76 9
77 33
78 2
79 21
80 11
81 5
82 12
83 22
84 5
85 10
86 5
87 3
88 11
89 6
90 1
91 2
92 2
93 0
94 0
95 1
96 0
97 0
98 0
99 0
100 0
101 0
17
17410
