108
327982 380271 68.4211
327982 625231 73.1707
327982 39362 66.6667
327982 621194 68.2927
327982 667850 66.6667
327982 628815 68.4211
327982 687212 68.5714
327982 638687 70.5882
327982 51337 66.6667
327982 647527 75
327982 161601 68.4211
327982 67800 68.75
327982 81656 68.5714
327982 14023 72.7273
327982 664276 66.6667
327982 79008 70
327982 649092 76.9231
327982 193520 66.6667
327982 1118 76.4706
327982 636098 71.7949
327982 14549 66.6667
327982 24833 66.6667
327982 56501 66.6667
327982 73248 66.6667
327982 679 72.2222
327982 365560 66.6667
327982 20122 70
327982 79707 66.6667
327982 207835 66.6667
327982 636106 68.2927
327982 608712 66.6667
327982 609694 66.6667
327982 299385 70
327982 185354 77.4194
327982 49348 78.7879
327982 648475 70.5882
327982 629036 77.7778
327982 623021 70
327982 111920 68.4211
327982 641764 70.5882
327982 66070 71.4286
327982 13506 74.2857
327982 122640 71.7949
327982 75707 66.6667
327982 17796 70
327982 342024 76.4706
327982 86939 70.2703
327982 81549 70.5882
327982 100467 68.5714
327982 33377 68.4211
327982 208746 70.2703
327982 641763 66.6667
327982 622652 76.1905
327982 646176 66.6667
327982 269613 76.9231
327982 4857 75
327982 116523 70
327982 659144 71.7949
327982 328442 77.7778
327982 51867 72.2222
327982 663927 70
327982 625191 77.4194
327982 64118 68.4211
327982 193521 74.2857
327982 625028 75
327982 662876 73.6842
327982 639963 68.5714
327982 74517 78.7879
327982 663921 68.5714
327982 358737 74.2857
327982 672018 71.7949
327982 63917 71.4286
327982 681316 66.6667
327982 635960 66.6667
327982 327445 77.7778
327982 42080 70.5882
327982 103998 66.6667
327982 75518 72.2222
327982 139785 68.4211
327982 149704 74.2857
327982 670091 66.6667
327982 167881 68.4211
327982 608710 66.6667
327982 637821 66.6667
327982 3609 68.5714
327982 656084 71.7949
327982 646162 68.75
327982 77845 68.5714
327982 684041 70.2703
327982 658782 77.7778
327982 409127 66.6667
327982 658779 75.6757
327982 658498 66.6667
327982 672019 71.7949
327982 194315 71.7949
327982 255115 71.7949
327982 601307 68.4211
327982 624856 66.6667
327982 609816 72.7273
327982 342008 68.4211
327982 658533 71.4286
327982 19055 68.5714
327982 120309 66.6667
327982 667068 66.6667
327982 655039 66.6667
327982 290504 77.4194
327982 687618 73.6842
327982 43634 66.6667
0 8
1 0
2 0
3 0
4 0
5 0
6 0
7 0
8 0
9 5
10 3
11 7
12 4
13 5
14 10
15 2
16 21
17 9
18 3
19 14
20 14
21 20
22 17
23 22
24 16
25 22
26 13
27 19
28 7
29 4
30 15
31 9
32 7
33 5
34 9
35 22
36 21
37 17
38 22
39 11
40 36
41 3
42 33
43 58
44 73
45 63
46 36
47 44
48 74
49 78
50 79
51 0
52 71
53 92
54 35
55 101
56 27
57 32
58 72
59 45
60 66
61 11
62 42
63 22
64 39
65 39
66 2
67 30
68 0
69 22
70 7
71 8
72 11
73 5
74 3
75 7
76 1
77 5
78 7
79 2
80 0
81 0
82 0
83 0
84 0
85 0
86 0
87 0
88 0
89 0
90 0
91 0
92 0
93 0
94 0
95 0
96 0
97 0
98 0
99 0
100 0
101 0
19
18521
