992
666728 632231 76.4706
666728 60548 69.7674
666728 1185 75
666728 621194 66.6667
666728 646168 81.8182
666728 640892 73.4694
666728 87253 80
666728 645037 78.0488
666728 154741 76.1905
666728 5226 71.4286
666728 649425 71.1111
666728 21412 71.7949
666728 665122 72.7273
666728 608710 74.4186
666728 644433 84.4444
666728 699339 61.7647
666728 38231 83.7209
666728 99871 66.6667
666728 660165 93.3333
666728 657809 78.2609
666728 57696 73.1707
666728 646158 74.2857
666728 631956 90.9091
666728 667254 63.4146
666728 43030 84.4444
666728 686574 72.7273
666728 128701 87.5
666728 644914 80
666728 118151 80
666728 8395 78.0488
666728 629424 78.2609
666728 132313 76.1905
666728 698558 85.7143
666728 635968 92.6829
666728 44675 71.4286
666728 643344 69.5652
666728 355954 80
666728 38709 70
666728 271622 63.1579
666728 270751 63.6364
666728 660048 82.6087
666728 269161 79.0698
666728 609816 64.8649
666728 658779 63.4146
666728 630688 69.5652
666728 344522 63.6364
666728 657815 90
666728 627903 82.9268
666728 55666 80
666728 657560 71.1111
666728 110344 90
666728 167881 61.9048
666728 371296 60
666728 41365 79.0698
666728 650911 86.9565
666728 24303 65.1163
666728 625109 81.8182
666728 124081 71.1111
666728 629119 65.2174
666728 617629 90.9091
666728 625446 90.4762
666728 602670 70
666728 677233 60.4651
666728 663589 72.7273
666728 646443 61.7647
666728 641831 83.7209
666728 624386 91.3043
666728 33139 82.6087
666728 649429 74.4186
666728 667249 66.6667
666728 679 70
666728 99002 76.1905
666728 227902 80
666728 625159 83.7209
666728 68347 83.3333
666728 88653 71.7949
666728 649690 87.8049
666728 149704 66.6667
666728 98436 83.7209
666728 33592 86.9565
666728 626946 78.9474
666728 645600 78.2609
666728 634193 76.1905
666728 620337 80
666728 74468 78.0488
666728 109825 66.6667
666728 3846 82.6087
666728 630077 68.0851
666728 839 65
666728 57549 69.7674
666728 646163 84.4444
666728 371727 93.0233
666728 99331 85
666728 626953 90
666728 658782 60
666728 610998 77.7778
666728 17796 72.7273
666728 646212 69.7674
666728 610185 83.7209
666728 408564 82.6087
666728 355936 66.6667
666728 677547 68.2927
666728 688039 68.0851
666728 634249 80
666728 633221 84.4444
666728 60275 69.5652
666728 67437 69.5652
666728 16448 83.7209
666728 161622 71.4286
666728 74297 87.1795
666728 679449 61.9048
666728 634617 72.7273
666728 685303 79.0698
666728 636944 74.4186
666728 62597 60.4651
666728 638593 86.3636
666728 241113 68.1818
666728 645868 72.7273
666728 689418 73.1707
666728 18256 81.0811
666728 645089 90.9091
666728 625794 80
666728 10006 63.6364
666728 637519 69.7674
666728 624188 66.6667
666728 637006 71.1111
666728 625134 65.1163
666728 655263 82.9268
666728 186053 72.7273
666728 26245 70
666728 629036 60
666728 676725 62.2222
666728 624184 66.6667
666728 27419 74.4186
666728 640191 83.7209
666728 677276 60.4651
666728 122751 90.4762
666728 638173 71.1111
666728 5553 87.8049
666728 686264 87.8049
666728 650034 72.7273
666728 623661 82.9268
666728 109884 88.3721
666728 651590 61.5385
666728 636473 91.3043
666728 645727 68.8525
666728 44217 60.8696
666728 64797 78.0488
666728 636098 69.7674
666728 641763 74.4186
666728 623648 82.0513
666728 640645 76.1905
666728 649422 71.1111
666728 664545 63.1579
666728 172262 74.4186
666728 623711 70
666728 659144 74.4186
666728 38256 66.6667
666728 625196 82.0513
666728 680519 63.4146
666728 647334 61.1111
666728 72272 65.1163
666728 640331 77.2727
666728 295375 61.1111
666728 125718 87.8049
666728 5729 61.9048
666728 628815 85.7143
666728 145081 77.2727
666728 634304 91.3043
666728 643044 92.6829
666728 625381 87.5
666728 380271 71.4286
666728 646204 78.2609
666728 114022 75.6757
666728 650741 66.6667
666728 647648 70
666728 362133 66.6667
666728 38252 66.6667
666728 626945 76.1905
666728 624005 74.4186
666728 12148 75.5556
666728 657818 75
666728 96448 68.2927
666728 512913 60.4651
666728 24710 60
666728 32363 90
666728 55619 86.3636
666728 10549 81.8182
666728 42080 68.4211
666728 664309 70.2703
666728 624004 74.4186
666728 612765 88.8889
666728 627377 77.2727
666728 617378 84.4444
666728 33832 71.1111
666728 646439 67.7419
666728 640439 69.7674
666728 328442 65
666728 646222 81.8182
666728 625648 67.7419
666728 28142 85
666728 66597 88.8889
666728 617370 71.1111
666728 693097 63.6364
666728 666439 80
666728 690589 63.6364
666728 38248 70
666728 647372 76.1905
666728 646989 61.2903
666728 691614 73.1707
666728 215132 76.1905
666728 38241 63.6364
666728 629494 60.4651
666728 627073 76.1905
666728 163661 77.7778
666728 700601 93.0233
666728 294109 85.7143
666728 26542 68.2927
666728 603719 90.9091
666728 619101 78.2609
666728 660420 75.6757
666728 20579 69.7674
666728 680859 63.4146
666728 608712 83.7209
666728 639475 60
666728 14023 70.2703
666728 650059 71.1864
666728 602908 90.4762
666728 609817 62.5
666728 298812 63.6364
666728 625462 72.7273
666728 611545 80
666728 683369 82.0513
666728 639710 66.6667
666728 667068 75
666728 301197 61.9048
666728 657806 80
666728 616256 82.9268
666728 24833 65
666728 33610 69.5652
666728 681316 74.4186
666728 24711 80.9524
666728 623700 73.913
666728 626544 72.7273
666728 656987 66.6667
666728 639840 63.8298
666728 641997 82.6087
666728 664276 69.7674
666728 194315 74.4186
666728 655264 83.7209
666728 677514 78.0488
666728 630911 78.0488
666728 677513 87.8049
666728 617395 74.4186
666728 638686 76.1905
666728 628867 88.3721
666728 111180 75
666728 56501 74.4186
666728 679275 76.1905
666728 58579 70
666728 679579 88.3721
666728 638702 68.1818
666728 358737 66.6667
666728 664543 61.9048
666728 405968 73.913
666728 670248 60.4651
666728 66476 69.5652
666728 161621 71.4286
666728 124997 90
666728 624942 69.5652
666728 623635 80
666728 621888 85.7143
666728 73198 70.2703
666728 652546 62.2222
666728 38468 83.7209
666728 656400 78.2609
666728 41356 85.7143
666728 623650 75.5556
666728 255115 74.4186
666728 664977 76.1905
666728 1163 80
666728 149987 69.7674
666728 625144 63.6364
666728 627074 76.1905
666728 646210 86.9565
666728 72286 78.2609
666728 73819 78.0488
666728 677434 70
666728 664284 90.9091
666728 56869 82.6087
666728 33077 63.6364
666728 645038 73.1707
666728 688887 73.1707
666728 688343 73.1707
666728 256 80
666728 677507 82.9268
666728 55548 75.5556
666728 49210 81.8182
666728 643470 68.1818
666728 646444 67.7419
666728 646203 78.2609
666728 641660 63.6364
666728 630915 83.7209
666728 257830 72.7273
666728 645978 82.6087
666728 215138 76.1905
666728 626954 85.7143
666728 630690 86.4865
666728 676737 66.6667
666728 632952 78.0488
666728 658464 78.0488
666728 1168 80
666728 635034 75
666728 364093 69.7674
666728 137470 63.6364
666728 76006 78.2609
666728 43871 85.7143
666728 669273 68.2927
666728 649436 84.4444
666728 623991 80.9524
666728 87081 74.4186
666728 657731 65.1163
666728 127964 90.9091
666728 269613 65.1163
666728 644325 78.0488
666728 2743 72.7273
666728 638641 81.8182
666728 646164 88.3721
666728 636941 74.4186
666728 626865 76.9231
666728 382814 95.2381
666728 629118 60.8696
666728 7760 73.1707
666728 160497 83.7209
666728 644432 84.4444
666728 679577 77.2727
666728 658774 68.1818
666728 601307 76.1905
666728 4140 82.6087
666728 51867 60
666728 677510 83.7209
666728 600388 87.8049
666728 241173 87.1795
666728 625063 76.1905
666728 522408 93.0233
666728 625465 86.3636
666728 626947 73.6842
666728 229 60.8696
666728 59679 88.3721
666728 656392 78.2609
666728 659234 75.5556
666728 684792 79.0698
666728 647014 63.6364
666728 140665 87.8049
666728 160588 61.5385
666728 654113 86.3636
666728 118993 81.0811
666728 341865 71.1111
666728 629267 60
666728 120309 80
666728 663946 72.7273
666728 623992 71.1111
666728 628999 87.8049
666728 629009 86.3636
666728 661463 61.1111
666728 640286 67.7419
666728 697943 81.8182
666728 658397 71.1111
666728 643729 69.5652
666728 620248 87.1795
666728 636790 63.3333
666728 670183 81.8182
666728 36283 88.3721
666728 20122 68.1818
666728 133683 72.7273
666728 6957 71.7949
666728 641661 61.7647
666728 650981 78.0488
666728 5220 72.7273
666728 625471 76.1905
666728 645335 80.8511
666728 38250 62.8571
666728 646436 67.7419
666728 627725 80.9524
666728 631597 66.6667
666728 700123 84.4444
666728 617683 73.913
666728 667849 69.7674
666728 658787 67.7419
666728 220327 74.4186
666728 54855 82.6087
666728 619072 71.1864
666728 633868 76.1905
666728 1112 72.7273
666728 625412 69.5652
666728 622636 90.9091
666728 294110 90.4762
666728 641165 86.9565
666728 624842 74.4186
666728 637641 63.6364
666728 666530 97.561
666728 30798 86.3636
666728 634135 72.7273
666728 84223 70.5882
666728 37752 91.3043
666728 657562 73.1707
666728 633890 84.4444
666728 42443 82.6087
666728 636921 74.4186
666728 83398 76.1905
666728 629374 62.2222
666728 142693 75.6757
666728 626923 80.8511
666728 30131 89.3617
666728 66489 61.9048
666728 16634 88.3721
666728 62778 60
666728 658698 75.5556
666728 629718 90
666728 404000 72.7273
666728 692599 76.1905
666728 656391 72.7273
666728 658501 63.6364
666728 169105 93.0233
666728 651739 73.913
666728 617363 88.8889
666728 677555 87.8049
666728 637434 71.1111
666728 639682 78.2609
666728 624349 80
666728 660421 80
666728 664853 82.9268
666728 650037 63.6364
666728 102318 85.7143
666728 663921 66.6667
666728 650211 73.913
666728 66070 69.5652
666728 309708 76.4706
666728 651217 88.8889
666728 345650 77.2727
666728 659122 66.6667
666728 59628 88.8889
666728 74380 80.8511
666728 627383 91.3043
666728 670181 75
666728 685117 79.0698
666728 670149 82.9268
666728 661128 82.6087
666728 623701 70
666728 81669 81.8182
666728 650625 71.4286
666728 67594 75.5556
666728 636993 73.913
666728 54833 71.1111
666728 30152 76.9231
666728 639472 61.7647
666728 634306 91.3043
666728 653050 68.1818
666728 658487 72.7273
666728 158037 71.4286
666728 64013 92.6829
666728 630692 78.2609
666728 40450 65.1163
666728 97219 81.8182
666728 639772 66.6667
666728 54829 80.9524
666728 650624 80
666728 87059 69.7674
666728 43026 88.8889
666728 52350 75.5556
666728 4926 61.5385
666728 365560 69.7674
666728 186233 72.7273
666728 338205 74.4186
666728 650064 65.625
666728 645542 66.6667
666728 48911 81.0811
666728 116805 71.4286
666728 627507 62.8571
666728 179790 64.8649
666728 164774 66.6667
666728 4120 62.8571
666728 646440 65.625
666728 7636 87.8049
666728 102851 95.4545
666728 43395 63.4146
666728 628265 85.7143
666728 25952 86.3636
666728 624987 83.7209
666728 624671 70.2703
666728 38253 80
666728 639681 78.2609
666728 645129 61.7647
666728 638534 60.8696
666728 55342 83.7209
666728 657817 88.3721
666728 647645 67.7419
666728 656390 73.913
666728 667760 68.2927
666728 633174 76.5957
666728 672208 74.4186
666728 632920 66.6667
666728 623233 66.6667
666728 657811 78.2609
666728 634171 86.9565
666728 611078 85
666728 96461 85.7143
666728 626100 79.0698
666728 400230 89.4737
666728 625795 78.2609
666728 36603 60
666728 634616 60
666728 9659 73.1707
666728 660640 82.9268
666728 625469 72.7273
666728 675282 61.7647
666728 668523 63.4146
666728 657840 78.2609
666728 625042 73.913
666728 56338 60.4651
666728 651220 93.3333
666728 372155 61.9048
666728 692226 77.7778
666728 679281 75
666728 128160 85.7143
666728 600059 61.1111
666728 641699 63.6364
666728 43870 85.7143
666728 180 87.8049
666728 690415 74.4186
666728 633011 69.2308
666728 382815 90.9091
666728 656386 72.7273
666728 116539 71.4286
666728 33377 61.9048
666728 646645 73.913
666728 634714 78.2609
666728 116523 63.6364
666728 646707 91.3043
666728 635960 79.0698
666728 658776 81.8182
666728 369774 86.3636
666728 609067 77.7778
666728 92220 61.1111
666728 1986 85.7143
666728 694105 81.8182
666728 677512 82.0513
666728 627435 86.4865
666728 2750 60
666728 116363 90.9091
666728 47695 83.7209
666728 136014 63.4146
666728 72089 75.5556
666728 651737 73.913
666728 650609 84.4444
666728 158910 61.9048
666728 686466 73.1707
666728 644273 82.0513
666728 615123 65.2174
666728 297577 68.1818
666728 685298 73.1707
666728 646910 60
666728 291305 93.0233
666728 691610 71.7949
666728 611347 66.6667
666728 639709 60.4651
666728 636784 71.1111
666728 625015 69.7674
666728 681072 68.2927
666728 647068 78.2609
666728 677920 90
666728 148519 68.5714
666728 12463 77.2727
666728 309699 71.4286
666728 617368 70
666728 209084 85.7143
666728 631315 85.7143
666728 164614 73.1707
666728 675186 63.6364
666728 659342 69.5652
666728 695625 75.4717
666728 680715 82.9268
666728 625421 77.2727
666728 646165 84.4444
666728 138305 82.0513
666728 616232 72.7273
666728 642896 73.1707
666728 627368 63.6364
666728 647643 61.7647
666728 658533 65.2174
666728 666665 72.7273
666728 656387 69.5652
666728 638640 79.0698
666728 73166 80
666728 40484 66.6667
666728 624535 82.6087
666728 667850 65.1163
666728 617316 87.1795
666728 672018 69.7674
666728 8512 83.7209
666728 636935 71.1111
666728 111920 61.9048
666728 67476 69.7674
666728 53183 78.2609
666728 658980 74.4186
666728 31976 76.1905
666728 649428 71.1111
666728 404827 76.9231
666728 160587 69.7674
666728 679825 73.6842
666728 646441 61.7647
666728 654114 72.7273
666728 670182 76.1905
666728 84227 75.6757
666728 72288 78.2609
666728 342024 63.1579
666728 636095 80
666728 665553 77.2727
666728 641086 65
666728 68955 87.8049
666728 659015 60
666728 617409 95.4545
666728 100467 61.5385
666728 79447 65.1163
666728 631128 78.2609
666728 161601 66.6667
666728 663620 68.1818
666728 636943 84.4444
666728 34632 75.5556
666728 294731 78.0488
666728 631648 80
666728 623636 83.7209
666728 663571 80
666728 650783 63.6364
666728 45164 88.3721
666728 326172 71.4286
666728 8774 86.3636
666728 646001 80
666728 697384 85.7143
666728 691995 64.5161
666728 328820 64.8649
666728 193517 66.6667
666728 637493 61.7647
666728 689210 80
666728 60734 68.1818
666728 627226 82.9268
666728 657803 81.8182
666728 629474 90.4762
666728 67800 66.6667
666728 136135 79.0698
666728 667247 79.0698
666728 637821 65
666728 43798 71.1111
666728 634293 72.7273
666728 631630 88.8889
666728 191990 74.4186
666728 139785 66.6667
666728 63862 86.3636
666728 670179 75
666728 637642 63.6364
666728 634151 83.3333
666728 676713 68.2927
666728 63055 78.0488
666728 672441 80.9524
666728 624961 72.7273
666728 20985 82.0513
666728 650616 86.3636
666728 633879 86.3636
666728 6365 77.7778
666728 601362 78.2609
666728 666432 84.4444
666728 676419 60
666728 663915 80
666728 57547 63.4146
666728 364202 90.4762
666728 662187 79.0698
666728 627436 87.8049
666728 73248 69.5652
666728 628244 76.5957
666728 677516 88.3721
666728 647644 61.7647
666728 57548 66.6667
666728 30724 73.1707
666728 29851 76.1905
666728 644297 80
666728 650608 64.8649
666728 278461 90.9091
666728 624163 68.1818
666728 693434 76.1905
666728 8120 81.8182
666728 690393 71.1864
666728 668362 87.1795
666728 663585 84.4444
666728 623832 81.8182
666728 687813 62.6866
666728 231338 66.6667
666728 624231 62.069
666728 609818 69.5652
666728 657836 72.7273
666728 696224 80
666728 651218 88.8889
666728 650610 88.3721
666728 657805 80
666728 130895 63.4146
666728 650611 68.2927
666728 675215 66.6667
666728 629037 74.4186
666728 38243 80
666728 634139 60
666728 326397 68.1818
666728 627708 60
666728 15130 61.9048
666728 616811 72.7273
666728 174612 71.4286
666728 640230 80
666728 634470 84.4444
666728 632227 78.9474
666728 647646 67.7419
666728 684074 63.6364
666728 672960 87.8049
666728 640890 73.4694
666728 628996 78.2609
666728 69587 62.2222
666728 650634 71.4286
666728 625028 72.2222
666728 624162 65.2174
666728 670148 86.3636
666728 647530 64.7059
666728 628296 71.7949
666728 84552 83.7209
666728 651324 93.3333
666728 98431 75
666728 664941 64.6154
666728 154880 66.6667
666728 311941 78.0488
666728 57598 71.7949
666728 625186 78.2609
666728 641698 63.6364
666728 39362 69.5652
666728 659147 62.8571
666728 637646 70
666728 122640 69.7674
666728 661471 75.5556
666728 683892 81.8182
666728 118613 66.6667
666728 83653 71.1111
666728 55456 62.2222
666728 625464 76.1905
666728 135284 66.6667
666728 651735 73.913
666728 174620 85
666728 38255 65.2174
666728 677915 81.0811
666728 131312 77.7778
666728 56148 81.8182
666728 295156 87.1795
666728 638129 82.6087
666728 677916 80
666728 622644 80
666728 669986 63.4146
666728 656393 73.913
666728 663952 75.5556
666728 632919 66.6667
666728 645124 63.6364
666728 602880 71.1111
666728 646162 61.1111
666728 680466 63.4146
666728 102623 66.6667
666728 75516 66.6667
666728 660053 72.7273
666728 71320 85.7143
666728 63911 81.8182
666728 58895 88.3721
666728 26154 89.4737
666728 649441 88.8889
666728 59727 63.1579
666728 66479 81.0811
666728 695218 83.7209
666728 25855 64.8649
666728 640902 72
666728 641654 61.7647
666728 30723 73.1707
666728 638174 71.1111
666728 664269 78.0488
666728 694951 73.1707
666728 663936 75.5556
666728 667749 68.2927
666728 677545 66.6667
666728 636946 71.1111
666728 630076 68.0851
666728 63599 62.2222
666728 693424 87.1795
666728 348404 70.5882
666728 71439 80
666728 405084 69.5652
666728 19911 65.1163
666728 663576 71.1111
666728 339497 73.6842
666728 625027 65
666728 174655 61.9048
666728 645098 68.8525
666728 638851 87.8049
666728 628102 69.5652
666728 29232 73.1707
666728 13687 79.0698
666728 109999 66.6667
666728 680482 71.4286
666728 666436 84.4444
666728 82166 68.2927
666728 609819 90
666728 613239 81.8182
666728 301196 65
666728 625064 72.7273
666728 628495 77.7778
666728 667470 74.4186
666728 103998 69.7674
666728 631634 70.2703
666728 86939 73.1707
666728 18894 74.2857
666728 41554 60.8696
666728 278175 78.0488
666728 691259 62.2951
666728 614939 60.8696
666728 40725 76.1905
666728 662782 76.9231
666728 18255 81.0811
666728 700591 60.3175
666728 409127 60.4651
666728 624960 72.7273
666728 125185 62.8571
666728 86080 63.6364
666728 624006 74.4186
666728 636118 69.5652
666728 626433 63.4146
666728 634163 90.4762
666728 627222 66.6667
666728 34551 84.4444
666728 639683 78.2609
666728 649096 77.2727
666728 642604 88.8889
666728 676712 68.2927
666728 642788 81.0811
666728 105373 87.8049
666728 694315 71.4286
666728 1026 92.3077
666728 624331 69.5652
666728 627082 68.1818
666728 646232 72.7273
666728 95102 79.0698
666728 10121 86.3636
666728 4867 78.2609
666728 58104 86.3636
666728 667276 74.4186
666728 636942 84.4444
666728 625468 78.2609
666728 23609 71.4286
666728 630262 86.9565
666728 662773 78.9474
666728 646166 85
666728 521887 87.8049
666728 648928 66.6667
666728 666115 66.6667
666728 1118 68.4211
666728 644932 83.7209
666728 55876 86.3636
666728 611783 65.2174
666728 674195 83.7209
666728 647355 82.6087
666728 663549 68.1818
666728 648929 72.7273
666728 635820 66.6667
666728 348706 88.3721
666728 202930 76.9231
666728 3124 87.1795
666728 160451 63.6364
666728 62009 84.4444
666728 636929 74.4186
666728 4771 78.0488
666728 644333 81.8182
666728 295435 85.7143
666728 19984 76.1905
666728 603977 71.4286
666728 70868 68.1818
666728 634220 63.6364
666728 616278 90.4762
666728 624051 68.0851
666728 634775 72.7273
666728 60698 66.6667
666728 27116 84.2105
666728 633900 82.6087
666728 79016 72.7273
666728 617633 79.0698
666728 2775 79.0698
666728 646159 79.0698
666728 609820 90
666728 667524 63.4146
666728 54128 71.1111
666728 667246 60.4651
666728 643487 63.6364
666728 631808 85.7143
666728 619147 73.913
666728 636326 95.2381
666728 672019 69.7674
666728 657843 91.3043
666728 294107 73.6842
666728 331770 88.3721
666728 639767 65.4545
666728 646207 81.8182
666728 617398 75.5556
666728 66688 74.4186
666728 285113 82.9268
666728 634581 69.5652
666728 34765 72.7273
666728 649097 69.5652
666728 680494 72.7273
666728 13009 69.7674
666728 301199 61.9048
666728 56285 63.4146
666728 157913 66.6667
666728 649092 60.4651
666728 147110 80
666728 58580 79.0698
666728 699206 74.4186
666728 636947 71.1111
666728 638603 73.6842
666728 609248 83.7209
666728 87254 85.7143
666728 649427 71.1111
666728 624575 60
666728 615011 81.8182
666728 638636 71.7949
666728 625239 71.1111
666728 627367 63.6364
666728 119877 69.7674
666728 685783 69.7674
666728 615299 80
666728 193341 61.5385
666728 637643 63.6364
666728 677917 82.9268
666728 291534 72.7273
666728 56357 77.551
666728 163501 74.4186
666728 624003 84.4444
666728 327445 70
666728 58030 80.8511
666728 66069 78.2609
666728 634615 66.6667
666728 632913 66.6667
666728 81549 78.9474
666728 644871 93.3333
666728 79707 85
666728 649424 80
666728 681679 62.6866
666728 2741 66.6667
666728 663914 79.0698
666728 626580 60
666728 57884 63.6364
666728 56470 95.4545
666728 632386 91.3043
666728 638521 61.7647
666728 627370 66.6667
666728 75707 69.5652
666728 75518 60
666728 632918 65.1163
666728 612049 73.6842
666728 140121 77.2727
666728 25397 81.8182
666728 41355 85.7143
666728 649044 84.4444
666728 663947 68.1818
666728 25413 65.2174
666728 636086 71.1111
666728 665282 72.7273
666728 630691 81.8182
666728 131090 81.8182
666728 646438 67.7419
666728 659301 82.6087
666728 625813 62.2222
666728 15193 76.1905
666728 615985 61.7647
666728 627066 80.9524
666728 641697 63.6364
666728 620336 73.6842
666728 679283 71.4286
666728 617628 71.1111
666728 653051 66.6667
666728 617406 71.1111
666728 628979 84.4444
666728 663935 73.1707
666728 634241 90.4762
666728 404698 78.0488
666728 635811 63.6364
0 5
1 0
2 0
3 0
4 0
5 2
6 6
7 3
8 0
9 0
10 1
11 1
12 0
13 0
14 2
15 7
16 1
17 2
18 1
19 2
20 4
21 5
22 11
23 7
24 13
25 12
26 7
27 4
28 19
29 23
30 19
31 19
32 27
33 10
34 12
35 9
36 13
37 16
38 5
39 14
40 13
41 9
42 27
43 25
44 21
45 17
46 21
47 26
48 43
49 34
50 40
51 3
52 27
53 40
54 19
55 33
56 14
57 28
58 36
59 13
60 37
61 18
62 38
63 17
64 53
65 15
66 20
67 52
68 9
69 35
70 59
71 7
72 58
73 42
74 41
75 43
76 18
77 37
78 18
79 50
80 57
81 10
82 32
83 35
84 25
85 29
86 21
87 24
88 27
89 24
90 12
91 19
92 9
93 4
94 9
95 0
96 5
97 0
98 1
99 0
100 0
101 0
18
18819
