0
0 0
1 0
2 0
3 0
4 0
5 0
6 0
7 0
8 0
9 0
10 0
11 0
12 0
13 0
14 0
15 0
16 0
17 0
18 0
19 1
20 1
21 0
22 1
23 2
24 1
25 1
26 0
27 0
28 0
29 2
30 5
31 4
32 3
33 4
34 5
35 4
36 6
37 8
38 11
39 11
40 11
41 10
42 25
43 24
44 27
45 30
46 21
47 35
48 33
49 56
50 60
51 33
52 39
53 39
54 58
55 63
56 59
57 54
58 80
59 51
60 68
61 58
62 56
63 55
64 54
65 57
66 48
67 54
68 64
69 48
70 49
71 36
72 39
73 28
74 34
75 37
76 19
77 20
78 12
79 10
80 9
81 4
82 8
83 3
84 0
85 2
86 1
87 1
88 1
89 0
90 1
91 0
92 0
93 0
94 0
95 0
96 0
97 0
98 0
99 0
100 0
101 0
17
15255
