344
2743 625381 72
2743 700601 71.1111
2743 677516 66.6667
2743 63862 78.2609
2743 160587 84.4444
2743 628815 77.2727
2743 526595 76.9231
2743 408564 70.8333
2743 2184 74.4186
2743 626954 68.1818
2743 66597 76.5957
2743 634151 68.4211
2743 629037 66.6667
2743 624151 79.0698
2743 269161 66.6667
2743 2741 95.4545
2743 692599 77.2727
2743 231338 90.9091
2743 634304 66.6667
2743 43026 68.0851
2743 643044 69.7674
2743 627175 66.6667
2743 609248 66.6667
2743 625064 69.5652
2743 2750 90.4762
2743 650610 75.5556
2743 8512 75.5556
2743 59679 66.6667
2743 140665 69.7674
2743 58104 73.913
2743 55548 72.3404
2743 695648 73.1707
2743 628867 75.5556
2743 633216 73.913
2743 664276 71.1111
2743 666436 68.0851
2743 609695 69.5652
2743 662187 80
2743 3428 68.0851
2743 55666 76.1905
2743 60195 76.9231
2743 625159 66.6667
2743 1118 75
2743 5226 68.1818
2743 124997 66.6667
2743 180 74.4186
2743 664309 66.6667
2743 633890 72.3404
2743 651735 66.6667
2743 28142 71.4286
2743 52602 75
2743 175808 72.7273
2743 602908 72.7273
2743 622663 79.0698
2743 329097 71.1111
2743 4140 66.6667
2743 57826 66.6667
2743 54829 68.1818
2743 697943 69.5652
2743 84223 66.6667
2743 638129 66.6667
2743 4867 75
2743 526596 82.9268
2743 58579 66.6667
2743 638851 74.4186
2743 624671 66.6667
2743 301196 71.4286
2743 628265 68.1818
2743 48122 85
2743 453 85
2743 132313 77.2727
2743 403681 70
2743 116544 89.3617
2743 628999 69.7674
2743 95102 71.1111
2743 49494 68.0851
2743 701652 79.0698
2743 617378 68.0851
2743 686574 69.5652
2743 41365 66.6667
2743 160588 73.1707
2743 1026 68.2927
2743 23609 72.7273
2743 127964 69.5652
2743 623711 66.6667
2743 627377 73.913
2743 608712 66.6667
2743 82166 93.0233
2743 1986 81.8182
2743 356359 66.6667
2743 62659 91.3043
2743 663571 72.3404
2743 625196 68.2927
2743 624349 76.5957
2743 109999 90.9091
2743 295435 77.2727
2743 626100 71.1111
2743 7598 78.9474
2743 40484 68.0851
2743 670148 69.5652
2743 679577 78.2609
2743 630689 76.9231
2743 57456 80
2743 617316 68.2927
2743 174655 86.3636
2743 623661 74.4186
2743 658772 73.913
2743 667276 71.1111
2743 646207 69.5652
2743 109884 66.6667
2743 658776 73.913
2743 68347 68.4211
2743 26211 78.9474
2743 626953 71.4286
2743 55876 69.5652
2743 19191 68.4211
2743 625465 69.5652
2743 102619 72.7273
2743 71999 82.0513
2743 617395 66.6667
2743 138305 68.2927
2743 645868 69.5652
2743 240408 75
2743 56470 69.5652
2743 700123 76.5957
2743 291559 69.5652
2743 640439 84.4444
2743 670182 77.2727
2743 122380 71.4286
2743 4599 76.5957
2743 679542 72.7273
2743 620337 71.4286
2743 679579 75.5556
2743 650611 83.7209
2743 623657 75.5556
2743 640230 76.5957
2743 139471 85
2743 655264 71.1111
2743 650624 76.5957
2743 160497 71.1111
2743 629718 71.4286
2743 629474 72.7273
2743 666730 75.5556
2743 96448 74.4186
2743 617607 68.1818
2743 294110 77.2727
2743 81549 70
2743 56426 78.2609
2743 401553 68.1818
2743 659301 75
2743 611078 66.6667
2743 3235 78.9474
2743 122681 72.7273
2743 628979 76.5957
2743 110344 76.1905
2743 623991 81.8182
2743 84228 78.9474
2743 301199 77.2727
2743 631808 77.2727
2743 670181 76.1905
2743 628296 68.2927
2743 630691 73.913
2743 638593 69.5652
2743 609819 71.4286
2743 55619 73.913
2743 41356 77.2727
2743 33139 66.6667
2743 625042 70.8333
2743 624184 72.3404
2743 627706 66.6667
2743 369774 69.5652
2743 657817 71.1111
2743 191990 66.6667
2743 104116 76.9231
2743 116539 81.8182
2743 102318 72.7273
2743 672208 75.5556
2743 54128 80.8511
2743 624163 69.5652
2743 688887 69.7674
2743 364202 72.7273
2743 623636 71.1111
2743 637189 71.1111
2743 2687 75
2743 649044 72.3404
2743 644433 72.3404
2743 161621 77.2727
2743 136135 66.6667
2743 662771 72.3404
2743 633221 72.3404
2743 627073 68.1818
2743 99002 68.1818
2743 657815 76.1905
2743 616278 77.2727
2743 634303 66.6667
2743 382814 68.1818
2743 633900 79.1667
2743 627074 68.1818
2743 51695 78.9474
2743 25952 78.2609
2743 30798 73.913
2743 38231 66.6667
2743 693427 74.4186
2743 657833 70
2743 650642 69.7674
2743 630690 76.9231
2743 693424 73.1707
2743 2253 73.6842
2743 623651 80
2743 163335 85
2743 23380 85
2743 624003 72.3404
2743 624386 66.6667
2743 116363 69.5652
2743 663585 72.3404
2743 128160 72.7273
2743 602909 68.0851
2743 657843 66.6667
2743 54088 66.6667
2743 58895 66.6667
2743 309699 77.2727
2743 1168 80.9524
2743 649441 72.3404
2743 644273 68.2927
2743 634552 75
2743 58030 73.4694
2743 654114 69.5652
2743 161622 77.2727
2743 16634 75.5556
2743 4851 72.2222
2743 169105 71.1111
2743 103998 71.1111
2743 661128 66.6667
2743 72272 75.5556
2743 659185 68.1818
2743 382815 69.5652
2743 633868 68.1818
2743 15193 77.2727
2743 624535 75
2743 220327 80
2743 27419 66.6667
2743 640645 68.1818
2743 617629 73.913
2743 636095 76.5957
2743 98436 80
2743 378242 74.4186
2743 227902 71.4286
2743 122231 70
2743 22947 75
2743 651739 66.6667
2743 622145 72.3404
2743 60548 66.6667
2743 626945 68.1818
2743 193502 66.6667
2743 3767 72.7273
2743 613239 73.913
2743 623648 73.1707
2743 637821 80.9524
2743 646168 69.5652
2743 623992 72.3404
2743 635968 74.4186
2743 650786 68.0851
2743 651330 68.0851
2743 666530 74.4186
2743 630915 66.6667
2743 36283 75.5556
2743 77071 68.4211
2743 8960 72.7273
2743 64884 85
2743 641165 66.6667
2743 630692 75
2743 650616 78.2609
2743 627066 77.2727
2743 650609 76.5957
2743 371727 71.1111
2743 33832 68.0851
2743 617409 69.5652
2743 616232 73.913
2743 649436 68.0851
2743 625446 77.2727
2743 66415 76.9231
2743 623701 71.4286
2743 83558 72.7273
2743 71873 85
2743 664853 69.7674
2743 609820 71.4286
2743 660640 74.4186
2743 278461 69.5652
2743 40725 77.2727
2743 640743 68.0851
2743 651324 68.0851
2743 696224 66.6667
2743 688343 74.4186
2743 69607 80
2743 644432 72.3404
2743 617398 76.5957
2743 125718 69.7674
2743 623700 75
2743 634249 80.8511
2743 666728 72.7273
2743 666432 72.3404
2743 1163 80.9524
2743 347504 69.7674
2743 695218 71.1111
2743 8774 69.5652
2743 649690 74.4186
2743 102851 69.5652
2743 174612 81.8182
2743 10014 75
2743 650634 77.2727
2743 624162 66.6667
2743 657818 66.6667
2743 8120 73.913
2743 642788 71.7949
2743 41355 77.2727
2743 650211 66.6667
2743 54855 66.6667
2743 45164 71.1111
2743 26154 70
2743 2738 86.9565
2743 667068 71.4286
2743 626865 78.0488
2743 294868 71.1111
2743 624987 75.5556
2743 634306 70.8333
2743 666665 69.5652
2743 60698 78.0488
2743 301197 77.2727
2743 62660 91.3043
2743 84552 71.1111
2743 670179 71.4286
2743 667524 74.4186
2743 625109 73.913
2743 73709 73.913
2743 118151 76.5957
2743 1898 72.2222
2743 80747 71.4286
2743 689429 68.1818
2743 26249 78.9474
2743 622636 69.5652
2743 670180 76.1905
2743 654113 69.5652
2743 51697 68.1818
2743 624231 66.6667
0 16
1 0
2 0
3 0
4 0
5 0
6 1
7 0
8 0
9 0
10 1
11 1
12 3
13 1
14 0
15 5
16 3
17 0
18 4
19 7
20 17
21 4
22 5
23 9
24 5
25 11
26 5
27 21
28 17
29 16
30 25
31 18
32 37
33 22
34 15
35 40
36 26
37 20
38 28
39 21
40 63
41 13
42 26
43 22
44 35
45 36
46 23
47 29
48 39
49 27
50 45
51 6
52 56
53 40
54 39
55 55
56 49
57 50
58 45
59 41
60 46
61 46
62 22
63 35
64 42
65 11
66 34
67 47
68 0
69 39
70 39
71 3
72 33
73 31
74 20
75 25
76 11
77 22
78 20
79 13
80 10
81 5
82 4
83 2
84 1
85 9
86 0
87 2
88 0
89 0
90 1
91 3
92 2
93 0
94 1
95 0
96 1
97 0
98 0
99 0
100 0
101 0
20
17651
