0
0 0
1 0
2 0
3 0
4 0
5 0
6 0
7 0
8 0
9 0
10 0
11 0
12 1
13 0
14 1
15 0
16 0
17 0
18 0
19 0
20 1
21 1
22 2
23 2
24 0
25 4
26 0
27 3
28 3
29 5
30 2
31 6
32 5
33 9
34 7
35 7
36 6
37 15
38 12
39 17
40 21
41 12
42 28
43 23
44 34
45 27
46 23
47 27
48 46
49 32
50 37
51 25
52 54
53 29
54 48
55 60
56 58
57 50
58 57
59 55
60 68
61 58
62 75
63 52
64 66
65 65
66 81
67 43
68 44
69 58
70 51
71 44
72 43
73 44
74 43
75 41
76 27
77 24
78 22
79 26
80 23
81 8
82 7
83 7
84 1
85 7
86 0
87 2
88 0
89 1
90 1
91 0
92 0
93 0
94 0
95 0
96 0
97 0
98 0
99 0
100 0
101 0
18
17818
