215
680830 674324 61.1111
680830 628443 69.7674
680830 90288 78.9474
680830 625659 69.7674
680830 14085 80
680830 286680 66.6667
680830 72366 61.9048
680830 2031 75.8621
680830 635171 68.2927
680830 71988 88.8889
680830 304711 66.6667
680830 403347 75
680830 622653 73.1707
680830 630629 61.1111
680830 679078 63.1579
680830 344522 68.2927
680830 675586 73.1707
680830 83516 75
680830 18621 63.4146
680830 55937 82.0513
680830 629119 69.7674
680830 252048 63.1579
680830 667249 61.5385
680830 100140 64.8649
680830 680827 68.2927
680830 605469 66.6667
680830 690570 78.0488
680830 104157 83.3333
680830 679449 61.5385
680830 62597 70
680830 10006 63.4146
680830 379113 71.7949
680830 637519 60
680830 100649 70.2703
680830 687212 66.6667
680830 677276 65
680830 58167 62.8571
680830 625820 66.6667
680830 690575 66.6667
680830 58979 61.1111
680830 194296 68.75
680830 643483 74.2857
680830 680519 63.1579
680830 646177 60
680830 512913 65
680830 57259 77.7778
680830 20000 72.7273
680830 643469 68.2927
680830 631301 71.4286
680830 690589 63.4146
680830 38241 63.4146
680830 8145 90.9091
680830 45762 79.0698
680830 20579 60
680830 622693 70.2703
680830 4737 61.1111
680830 2765 76.9231
680830 670248 70
680830 659438 65
680830 658498 64.8649
680830 624942 60.4651
680830 149987 60
680830 663780 61.9048
680830 653048 61.5385
680830 643470 63.4146
680830 36921 74.4186
680830 682569 66.6667
680830 137470 68.2927
680830 4419 84.2105
680830 26707 78.0488
680830 622694 81.0811
680830 629118 65.1163
680830 667940 70
680830 690569 76.9231
680830 643472 71.4286
680830 674329 66.6667
680830 4438 72.2222
680830 103805 61.1111
680830 372154 70.2703
680830 630640 66.6667
680830 643495 76.9231
680830 101655 66.6667
680830 57048 76.9231
680830 79007 61.5385
680830 677504 75
680830 371717 66.6667
680830 678398 63.1579
680830 677501 65
680830 76010 66.6667
680830 344521 78.0488
680830 602889 66.6667
680830 643485 74.2857
680830 629374 71.4286
680830 650037 63.4146
680830 659122 66.6667
680830 643468 70.2703
680830 1390 66.6667
680830 677503 75
680830 266126 63.1579
680830 680828 73.1707
680830 675279 73.1707
680830 193513 62.8571
680830 163508 78.9474
680830 87059 60
680830 67609 70
680830 641764 62.8571
680830 667944 70
680830 66068 63.1579
680830 658309 61.5385
680830 370399 76.9231
680830 677554 80
680830 177950 78.0488
680830 643475 74.2857
680830 650753 73.3333
680830 667851 63.1579
680830 690579 63.4146
680830 674553 68.2927
680830 664551 66.6667
680830 372155 66.6667
680830 229540 65
680830 66296 70.2703
680830 686465 61.5385
680830 53376 74.2857
680830 26346 75
680830 121770 73.6842
680830 643467 78.7879
680830 690578 63.4146
680830 682811 60.6061
680830 4436 68.1818
680830 675585 71.7949
680830 615123 65.1163
680830 611347 61.5385
680830 68888 62.8571
680830 622659 76.9231
680830 622695 80
680830 130085 65
680830 643493 74.2857
680830 671880 68.2927
680830 38074 63.1579
680830 674552 71.7949
680830 602890 63.1579
680830 7528 68.2927
680830 682813 68.5714
680830 79447 60
680830 82806 68.2927
680830 643478 77.7778
680830 60530 73.1707
680830 225122 78.0488
680830 690590 63.4146
680830 141014 74.2857
680830 643480 74.2857
680830 252044 61.1111
680830 361456 66.6667
680830 19055 61.1111
680830 662156 70
680830 755 76.9231
680830 609818 60.4651
680830 113665 76.9231
680830 671881 71.7949
680830 664970 60.6061
680830 263770 63.1579
680830 685799 73.1707
680830 82804 76.9231
680830 15130 66.6667
680830 690586 68.2927
680830 64800 60.4651
680830 680708 62.8571
680830 676172 73.1707
680830 58511 74.2857
680830 326651 63.4146
680830 680831 72.2222
680830 55456 61.9048
680830 752 78.0488
680830 8151 66.6667
680830 7967 61.5385
680830 40593 61.1111
680830 690574 73.1707
680830 113444 76.9231
680830 207835 65
680830 675278 68.2927
680830 658818 66.6667
680830 670237 75.6757
680830 681101 66.6667
680830 648928 61.5385
680830 97327 65
680830 667941 65
680830 611783 65.1163
680830 663549 63.4146
680830 48226 66.6667
680830 643484 78.9474
680830 282037 66.6667
680830 160451 63.4146
680830 78998 75.6757
680830 58978 61.1111
680830 82807 71.7949
680830 683723 63.1579
680830 60549 63.4146
680830 670091 70.2703
680830 643487 68.2927
680830 622661 73.1707
680830 79006 63.1579
680830 264039 68.2927
680830 684038 65
680830 100139 68.5714
680830 65007 73.1707
680830 625239 61.9048
680830 686667 60
680830 749 73.1707
680830 55459 76.1905
680830 65987 83.3333
680830 602913 63.4146
680830 33671 65
680830 1895 81.25
680830 177951 71.7949
680830 630639 66.6667
0 5
1 0
2 0
3 0
4 4
5 4
6 14
7 6
8 24
9 5
10 6
11 2
12 3
13 5
14 44
15 131
16 83
17 45
18 58
19 26
20 22
21 14
22 13
23 23
24 56
25 59
26 35
27 22
28 54
29 46
30 39
31 26
32 30
33 49
34 46
35 54
36 41
37 25
38 27
39 31
40 39
41 6
42 38
43 29
44 37
45 29
46 11
47 30
48 32
49 27
50 26
51 2
52 16
53 18
54 17
55 30
56 10
57 10
58 29
59 19
60 14
61 5
62 22
63 5
64 26
65 13
66 3
67 25
68 0
69 17
70 9
71 6
72 9
73 3
74 13
75 14
76 3
77 11
78 2
79 10
80 4
81 0
82 2
83 1
84 2
85 1
86 0
87 0
88 0
89 1
90 0
91 1
92 0
93 0
94 0
95 0
96 0
97 0
98 0
99 0
100 0
101 0
21
20279
