918
691613 629273 61.0169
691613 635951 66.6667
691613 294868 71.4286
691613 634145 63.4146
691613 601821 72.7273
691613 304650 60.4651
691613 40553 66.6667
691613 54256 63.1579
691613 259161 68.2927
691613 673919 69.7674
691613 637189 76.1905
691613 657833 70.2703
691613 674324 68.4211
691613 633216 60.4651
691613 688342 80
691613 618260 66.6667
691613 81756 75.6757
691613 370393 68.2927
691613 683715 73.1707
691613 64118 63.4146
691613 526046 77.7778
691613 634175 72.7273
691613 80747 71.7949
691613 234490 85
691613 382319 75
691613 90288 60
691613 638684 68.1818
691613 104116 61.1111
691613 620753 66.6667
691613 623021 65.1163
691613 338235 76.1905
691613 625231 68.1818
691613 284701 60.4651
691613 140025 61.8182
691613 625659 66.6667
691613 689429 68.2927
691613 659975 74.4186
691613 150952 61.9048
691613 12752 66.6667
691613 102624 78.0488
691613 81626 63.4146
691613 634303 66.6667
691613 649420 68.1818
691613 643489 64.8649
691613 73709 60.4651
691613 683370 68.4211
691613 72366 63.6364
691613 666728 68.2927
691613 632231 72.7273
691613 60548 71.4286
691613 1185 76.9231
691613 646168 79.0698
691613 87253 76.9231
691613 635171 69.7674
691613 645037 75
691613 21412 84.2105
691613 608710 71.4286
691613 38231 71.4286
691613 99871 73.6842
691613 660165 72.7273
691613 657809 66.6667
691613 57696 75
691613 528168 61.5385
691613 646158 70.5882
691613 631956 69.7674
691613 667254 70
691613 43030 68.1818
691613 128701 72.3404
691613 8395 60
691613 629424 71.1111
691613 132313 63.4146
691613 698558 73.1707
691613 635968 75
691613 44675 68.2927
691613 355954 61.5385
691613 648146 61.1111
691613 38709 76.9231
691613 271622 64.8649
691613 270751 74.4186
691613 269161 71.4286
691613 609816 66.6667
691613 658779 60
691613 679078 65
691613 344522 69.7674
691613 657815 61.5385
691613 3427 63.6364
691613 627903 70
691613 83516 66.6667
691613 838 71.7949
691613 55666 66.6667
691613 18621 60.4651
691613 110344 76.9231
691613 167881 63.4146
691613 371296 66.6667
691613 41365 61.9048
691613 650911 66.6667
691613 625109 74.4186
691613 629119 62.2222
691613 617629 74.4186
691613 625446 63.4146
691613 602670 61.0169
691613 677233 90.4762
691613 663589 79.0698
691613 641831 71.4286
691613 624386 62.2222
691613 252048 75
691613 667249 63.4146
691613 679 66.6667
691613 227902 66.6667
691613 625159 76.1905
691613 68347 74.2857
691613 680827 60.4651
691613 88653 78.9474
691613 649690 80
691613 149704 68.4211
691613 98436 61.9048
691613 33592 66.6667
691613 626946 75.6757
691613 645600 71.1111
691613 634193 82.9268
691613 620337 76.9231
691613 74468 65
691613 109825 63.1579
691613 605469 68.2927
691613 3846 75.5556
691613 839 71.7949
691613 690570 60.4651
691613 57549 61.9048
691613 646163 72.7273
691613 371727 71.4286
691613 99331 71.7949
691613 626953 61.5385
691613 658782 61.5385
691613 610998 64.1509
691613 17796 65.1163
691613 646212 61.9048
691613 610185 66.6667
691613 355936 68.2927
691613 629717 70
691613 16448 66.6667
691613 161622 63.4146
691613 74297 78.9474
691613 679449 68.2927
691613 634617 88.3721
691613 685303 76.1905
691613 62597 66.6667
691613 638593 74.4186
691613 645868 60.4651
691613 306735 75
691613 689418 70
691613 3428 68.1818
691613 18256 66.6667
691613 645089 69.7674
691613 10006 74.4186
691613 344508 60
691613 637519 71.4286
691613 100649 61.5385
691613 655263 75
691613 186053 69.7674
691613 26245 71.7949
691613 629036 61.5385
691613 687212 68.4211
691613 624915 63.4146
691613 3098 74.4186
691613 27419 71.4286
691613 640191 66.6667
691613 677276 71.4286
691613 122751 73.1707
691613 5553 80
691613 686264 75
691613 166668 68.2927
691613 623661 65
691613 109884 76.1905
691613 651590 73.6842
691613 636473 66.6667
691613 625820 68.1818
691613 64797 90
691613 58979 68.4211
691613 641763 61.9048
691613 623648 68.4211
691613 153353 82.0513
691613 70716 68.2927
691613 640645 68.2927
691613 664545 64.8649
691613 172262 61.9048
691613 623711 66.6667
691613 659144 61.9048
691613 38256 80
691613 625196 68.4211
691613 109852 71.7949
691613 680519 65
691613 647334 62.8571
691613 72272 61.9048
691613 640331 60.4651
691613 125718 60
691613 5729 68.2927
691613 625191 64.7059
691613 628815 63.4146
691613 648327 65.1163
691613 634304 66.6667
691613 643044 60
691613 625381 68.0851
691613 380271 68.2927
691613 114022 77.7778
691613 650741 68.4211
691613 362133 80
691613 38252 73.6842
691613 626945 68.2927
691613 646177 62.5
691613 683726 61.5385
691613 683724 66.6667
691613 657818 61.5385
691613 96448 60
691613 512913 76.1905
691613 24710 76.9231
691613 32363 66.6667
691613 55619 60.4651
691613 10549 69.7674
691613 42080 70.2703
691613 664309 61.1111
691613 612765 68.1818
691613 627377 60.4651
691613 640439 61.9048
691613 328442 66.6667
691613 646222 60.4651
691613 66597 68.1818
691613 677500 71.4286
691613 349946 68.4211
691613 677499 74.2857
691613 690589 74.4186
691613 38248 76.9231
691613 691614 90
691613 38241 65.1163
691613 629494 76.1905
691613 627073 73.1707
691613 163661 64.1509
691613 45762 62.2222
691613 700601 71.4286
691613 294109 63.4146
691613 26542 75
691613 603719 74.4186
691613 619101 62.2222
691613 660420 83.3333
691613 20579 61.9048
691613 680859 75
691613 608712 61.9048
691613 14023 66.6667
691613 609817 64.5161
691613 646176 66.6667
691613 298812 65.1163
691613 611545 86.3636
691613 683369 73.6842
691613 639710 63.6364
691613 667068 76.9231
691613 616256 70
691613 24833 66.6667
691613 681316 61.9048
691613 24711 87.8049
691613 626544 69.7674
691613 653049 81.0811
691613 656987 68.2927
691613 641997 66.6667
691613 664276 71.4286
691613 194315 61.9048
691613 655264 76.1905
691613 677514 75
691613 630911 85
691613 677513 75
691613 638686 73.1707
691613 628867 61.9048
691613 111180 76.9231
691613 679275 78.0488
691613 58579 66.6667
691613 679579 61.9048
691613 638702 69.7674
691613 71999 61.1111
691613 358737 78.9474
691613 664543 63.4146
691613 405968 66.6667
691613 670248 66.6667
691613 66476 80
691613 32065 62.069
691613 161621 63.4146
691613 409962 74.4186
691613 659438 71.4286
691613 124997 76.9231
691613 658498 61.5385
691613 624942 75.5556
691613 680857 78.9474
691613 623635 68.1818
691613 621888 68.2927
691613 73198 77.7778
691613 38468 71.4286
691613 656400 62.2222
691613 41356 73.1707
691613 630147 86.4865
691613 623650 68.1818
691613 255115 61.9048
691613 77845 63.1579
691613 664977 73.1707
691613 1163 66.6667
691613 149987 71.4286
691613 627074 73.1707
691613 646210 62.2222
691613 72286 71.1111
691613 73819 80
691613 664284 69.7674
691613 56869 62.2222
691613 33077 65.1163
691613 645038 75
691613 688887 65
691613 688343 65
691613 193514 72.2222
691613 653048 73.1707
691613 677507 75
691613 49210 65.1163
691613 643470 65.1163
691613 36921 62.2222
691613 401554 64.8649
691613 630915 76.1905
691613 257830 60.4651
691613 630690 66.6667
691613 676737 73.1707
691613 658464 65
691613 1168 66.6667
691613 635034 61.8182
691613 137470 65.1163
691613 76006 71.1111
691613 43871 68.2927
691613 669273 60
691613 81656 63.1579
691613 623991 63.4146
691613 87081 61.9048
691613 657731 71.4286
691613 127964 74.4186
691613 26707 60.4651
691613 269613 61.9048
691613 2743 60.4651
691613 638641 65.1163
691613 45914 77.2727
691613 646164 76.1905
691613 626865 68.4211
691613 382814 73.1707
691613 629118 66.6667
691613 667940 61.9048
691613 7760 75
691613 160497 80.9524
691613 679577 60.4651
691613 658774 69.7674
691613 690569 63.4146
691613 601307 63.4146
691613 51867 71.7949
691613 677510 71.4286
691613 600388 70
691613 674329 63.1579
691613 241173 78.9474
691613 522408 71.4286
691613 625465 60.4651
691613 103805 63.1579
691613 690691 66.6667
691613 626947 70.2703
691613 372154 66.6667
691613 59679 80.9524
691613 656392 62.2222
691613 659234 68.1818
691613 684792 76.1905
691613 140665 60
691613 160588 68.4211
691613 118993 66.6667
691613 453 64.8649
691613 101655 73.1707
691613 120309 82.0513
691613 202965 63.1579
691613 663946 79.0698
691613 628999 60
691613 629009 60.4651
691613 661463 85.7143
691613 620248 78.9474
691613 670183 65.1163
691613 36283 61.9048
691613 20122 65.1163
691613 133683 69.7674
691613 677504 66.6667
691613 5220 69.7674
691613 31539 77.2727
691613 371717 68.2927
691613 645335 69.5652
691613 353871 70.5882
691613 38250 70.5882
691613 627725 68.2927
691613 631597 62.8571
691613 617683 80
691613 667849 76.1905
691613 220327 66.6667
691613 678398 70
691613 633868 68.2927
691613 1112 68.75
691613 92221 64.8649
691613 372360 60.4651
691613 622636 69.7674
691613 294110 63.4146
691613 641165 66.6667
691613 607167 74.4186
691613 49348 61.1111
691613 677501 71.4286
691613 98696 66.6667
691613 666530 70
691613 30798 60.4651
691613 76010 68.2927
691613 344521 65.1163
691613 84223 66.6667
691613 37752 66.6667
691613 42443 71.1111
691613 602889 73.1707
691613 83398 73.1707
691613 115006 68.2927
691613 142693 77.7778
691613 626923 69.5652
691613 30131 69.5652
691613 66489 68.2927
691613 16634 61.9048
691613 629718 76.9231
691613 692599 63.4146
691613 658501 69.7674
691613 169105 66.6667
691613 651739 71.1111
691613 617363 68.1818
691613 677555 75
691613 639682 71.1111
691613 660421 77.2727
691613 664853 80
691613 650037 69.7674
691613 663921 78.9474
691613 650211 71.1111
691613 66070 62.2222
691613 309708 66.6667
691613 651217 72.7273
691613 345650 79.0698
691613 59628 77.2727
691613 627383 66.6667
691613 76031 70.2703
691613 685117 71.4286
691613 670149 65
691613 643468 61.5385
691613 623701 66.6667
691613 81669 74.4186
691613 1390 73.1707
691613 67594 68.1818
691613 677503 66.6667
691613 266126 75
691613 30152 78.9474
691613 680828 60.4651
691613 634306 71.1111
691613 653050 83.7209
691613 658487 74.4186
691613 64013 75
691613 40450 66.6667
691613 97219 65.1163
691613 163508 60
691613 54829 78.0488
691613 191042 75.6757
691613 666677 65
691613 679482 72.2222
691613 193502 66.6667
691613 87059 71.4286
691613 43026 68.1818
691613 67609 66.6667
691613 4926 68.4211
691613 365560 66.6667
691613 641764 64.8649
691613 338205 85.7143
691613 48911 77.7778
691613 66068 70
691613 116805 82.9268
691613 627507 64.7059
691613 179790 77.7778
691613 658309 68.2927
691613 164774 68.2927
691613 23380 64.8649
691613 177950 60.4651
691613 60195 61.1111
691613 4120 82.3529
691613 7636 70
691613 102851 69.7674
691613 43395 65
691613 25952 60.4651
691613 624987 76.1905
691613 624671 66.6667
691613 38253 87.1795
691613 639681 71.1111
691613 55342 66.6667
691613 667760 75
691613 633174 69.5652
691613 672208 61.9048
691613 632920 73.6842
691613 634219 79.0698
691613 667851 70
691613 623233 63.4146
691613 690579 60.4651
691613 657811 66.6667
691613 634171 75.5556
691613 611078 82.0513
691613 96461 68.2927
691613 626100 71.4286
691613 400230 75.6757
691613 664551 63.1579
691613 36603 66.6667
691613 634616 87.1795
691613 628334 70
691613 9659 80
691613 660640 60
691613 193521 63.1579
691613 668523 60
691613 56338 71.4286
691613 651220 72.7273
691613 372155 68.2927
691613 692226 80
691613 679281 76.9231
691613 229540 66.6667
691613 43870 68.2927
691613 180 65
691613 690415 61.9048
691613 686465 63.4146
691613 382815 79.0698
691613 33377 68.2927
691613 646645 66.6667
691613 116523 60.4651
691613 646707 66.6667
691613 635960 71.4286
691613 658776 74.4186
691613 369774 60.4651
691613 609067 64.1509
691613 92220 68.5714
691613 1986 63.4146
691613 694105 74.4186
691613 682811 68.5714
691613 677512 68.4211
691613 627435 66.6667
691613 2750 66.6667
691613 116363 79.0698
691613 47695 71.4286
691613 136014 65
691613 72089 77.2727
691613 651737 71.1111
691613 686662 68.4211
691613 158910 82.9268
691613 686466 95
691613 644273 63.1579
691613 615123 66.6667
691613 297577 69.7674
691613 685298 75
691613 291305 66.6667
691613 691610 84.2105
691613 611347 73.1707
691613 639709 61.9048
691613 625015 76.1905
691613 681072 80
691613 647068 62.2222
691613 677920 71.7949
691613 12463 74.4186
691613 209084 68.2927
691613 631315 73.1707
691613 164614 75
691613 695625 61.5385
691613 680715 60
691613 625421 69.7674
691613 683879 65
691613 646165 72.7273
691613 74517 61.1111
691613 138305 68.4211
691613 616232 60.4651
691613 76699 66.6667
691613 642896 70
691613 627368 60.4651
691613 264045 60.4651
691613 666665 60.4651
691613 638640 71.4286
691613 73166 66.6667
691613 667850 71.4286
691613 617316 78.9474
691613 672018 61.9048
691613 8512 61.9048
691613 401553 68.2927
691613 67476 66.6667
691613 53183 62.2222
691613 658980 71.4286
691613 31976 63.4146
691613 404827 68.4211
691613 160587 61.9048
691613 38074 65
691613 602890 75
691613 609696 60.6061
691613 7528 69.7674
691613 84227 77.7778
691613 72288 71.1111
691613 31592 72.2222
691613 664911 68.4211
691613 636095 72.7273
691613 641086 66.6667
691613 68955 80
691613 617409 69.7674
691613 100467 73.6842
691613 682813 64.8649
691613 79447 71.4286
691613 161601 73.1707
691613 663620 74.4186
691613 34632 63.6364
691613 294731 60
691613 631648 63.6364
691613 623636 61.9048
691613 663571 72.7273
691613 45164 61.9048
691613 326172 78.0488
691613 684032 68.4211
691613 646001 77.2727
691613 697384 68.2927
691613 328820 77.7778
691613 193517 73.6842
691613 60734 65.1163
691613 627226 65
691613 600779 83.3333
691613 629474 68.2927
691613 67800 68.5714
691613 136135 61.9048
691613 667247 80.9524
691613 637821 71.7949
691613 631630 63.6364
691613 191990 61.9048
691613 139785 63.4146
691613 63862 60.4651
691613 690590 65.1163
691613 634151 68.5714
691613 676713 70
691613 63055 75
691613 187538 63.4146
691613 672441 73.1707
691613 624961 74.4186
691613 252044 73.6842
691613 634614 78.9474
691613 633879 60.4651
691613 361456 68.4211
691613 6365 74.2857
691613 601362 66.6667
691613 57826 61.5385
691613 19055 73.6842
691613 663915 77.2727
691613 57547 70
691613 364202 78.0488
691613 662187 61.9048
691613 662156 71.4286
691613 627436 60
691613 73248 62.2222
691613 677516 71.4286
691613 57548 68.1818
691613 30724 80
691613 29851 68.2927
691613 644297 82.0513
691613 650608 61.1111
691613 278461 79.0698
691613 693434 63.4146
691613 8120 60.4651
691613 668362 78.9474
691613 623832 69.7674
691613 231338 63.4146
691613 696224 76.9231
691613 651218 72.7273
691613 650610 61.9048
691613 130895 90
691613 627080 63.6364
691613 686665 68.2927
691613 650611 65
691613 675215 78.0488
691613 629037 61.9048
691613 38243 87.1795
691613 326397 60.4651
691613 263770 75
691613 82804 63.4146
691613 690586 60.4651
691613 616811 74.4186
691613 174612 63.4146
691613 640230 72.7273
691613 64800 66.6667
691613 634470 81.8182
691613 632227 81.0811
691613 684074 69.7674
691613 676172 65.1163
691613 672960 65
691613 69587 81.8182
691613 625028 85.7143
691613 350191 68.2927
691613 670148 60.4651
691613 647530 60.6061
691613 628296 68.4211
691613 84552 71.4286
691613 651324 63.6364
691613 98431 82.0513
691613 122381 64.8649
691613 154880 78.0488
691613 57598 73.6842
691613 39362 62.2222
691613 661471 86.3636
691613 683892 69.7674
691613 118613 68.2927
691613 55456 72.7273
691613 135284 73.6842
691613 651735 71.1111
691613 174620 71.7949
691613 646161 66.6667
691613 38255 71.1111
691613 677915 83.3333
691613 131312 80
691613 56148 79.0698
691613 295156 63.1579
691613 45410 66.6667
691613 677916 76.9231
691613 622644 72.7273
691613 669986 90
691613 663952 86.3636
691613 632919 73.6842
691613 3767 68.2927
691613 602880 72.7273
691613 692011 65.1163
691613 646162 74.2857
691613 680466 75
691613 102623 78.0488
691613 75516 78.0488
691613 686664 66.6667
691613 660053 74.4186
691613 71320 68.2927
691613 63911 65.1163
691613 686663 66.6667
691613 58895 80.9524
691613 26154 75.6757
691613 649441 72.7273
691613 59727 70.2703
691613 66479 72.2222
691613 695218 80.9524
691613 25855 66.6667
691613 640902 61.2245
691613 30723 80
691613 664269 80
691613 694951 80
691613 663936 68.1818
691613 667749 75
691613 364989 61.5385
691613 63599 72.7273
691613 693424 63.1579
691613 348404 66.6667
691613 71439 68.1818
691613 19911 66.6667
691613 339497 81.0811
691613 625027 71.7949
691613 690574 60.4651
691613 638851 65
691613 29232 85
691613 13687 80.9524
691613 109999 63.4146
691613 680482 63.4146
691613 82166 65
691613 609819 71.7949
691613 613239 74.4186
691613 301196 61.5385
691613 628495 64.1509
691613 103998 71.4286
691613 631634 72.2222
691613 86939 80
691613 18894 82.3529
691613 278175 80
691613 663927 74.4186
691613 187521 61.9048
691613 40725 63.4146
691613 662782 63.1579
691613 207835 61.9048
691613 18255 66.6667
691613 409127 61.9048
691613 624960 74.4186
691613 125185 76.4706
691613 626433 85
691613 634163 78.0488
691613 627222 68.2927
691613 675278 60.4651
691613 639683 71.1111
691613 649096 74.4186
691613 642604 72.7273
691613 676712 70
691613 642788 72.2222
691613 670237 61.5385
691613 105373 75
691613 694315 68.2927
691613 1026 73.6842
691613 627082 74.4186
691613 646232 65.1163
691613 95102 71.4286
691613 4867 66.6667
691613 240408 64.8649
691613 23609 63.4146
691613 630262 75.5556
691613 662773 81.0811
691613 646166 82.0513
691613 681101 63.1579
691613 521887 75
691613 648928 63.4146
691613 97327 71.4286
691613 632917 65
691613 667941 61.9048
691613 617627 64.5161
691613 611783 62.2222
691613 674195 80.9524
691613 663549 69.7674
691613 648929 69.7674
691613 348706 66.6667
691613 202930 68.4211
691613 3124 78.9474
691613 160451 69.7674
691613 62009 77.2727
691613 4771 85
691613 644333 69.7674
691613 295435 73.1707
691613 58978 63.1579
691613 70868 79.0698
691613 327982 70.2703
691613 634220 83.7209
691613 616278 63.4146
691613 634775 83.7209
691613 82807 63.4146
691613 7887 61.1111
691613 683723 60
691613 60549 69.7674
691613 79016 65.1163
691613 670091 61.5385
691613 617633 61.9048
691613 2775 71.4286
691613 646159 66.6667
691613 609820 71.7949
691613 667524 65
691613 667246 71.4286
691613 643487 65.1163
691613 619147 80
691613 636326 68.2927
691613 672019 61.9048
691613 657843 66.6667
691613 294107 64.8649
691613 331770 76.1905
691613 10014 64.8649
691613 622661 65.1163
691613 79006 60
691613 264039 60.4651
691613 66688 71.4286
691613 285113 65
691613 684038 61.9048
691613 34765 74.4186
691613 680494 65.1163
691613 13009 61.9048
691613 56285 75
691613 649092 61.9048
691613 147110 63.6364
691613 58580 61.9048
691613 634156 75
691613 699206 76.1905
691613 65007 60.4651
691613 638603 70.2703
691613 87254 73.1707
691613 629716 63.1579
691613 23272 61.1111
691613 72982 62.8571
691613 615011 65.1163
691613 638636 68.4211
691613 627367 60.4651
691613 119877 66.6667
691613 685783 76.1905
691613 686667 66.6667
691613 615299 68.1818
691613 677917 75
691613 749 60.4651
691613 55459 63.6364
691613 163501 85.7143
691613 66069 71.1111
691613 634615 87.8049
691613 632913 63.6364
691613 81549 75.6757
691613 644871 68.1818
691613 79707 76.9231
691613 649424 63.6364
691613 2741 63.4146
691613 51337 61.5385
691613 647527 68.5714
691613 663914 71.4286
691613 57884 74.4186
691613 56470 74.4186
691613 632386 71.1111
691613 627370 63.4146
691613 75707 62.2222
691613 75518 76.9231
691613 632918 66.6667
691613 612049 60.7143
691613 140121 60.4651
691613 25397 74.4186
691613 41355 73.1707
691613 663947 79.0698
691613 270531 73.6842
691613 25413 62.2222
691613 665282 69.7674
691613 26540 60
691613 60188 70.5882
691613 602913 60.4651
691613 630691 60.4651
691613 131090 74.4186
691613 177951 63.4146
691613 625813 72.7273
691613 15193 63.4146
691613 627066 73.1707
691613 620336 70.2703
691613 679283 73.1707
691613 653051 87.8049
691613 663935 75
691613 634241 63.4146
691613 404698 85
691613 635811 60.4651
0 5
1 0
2 0
3 0
4 0
5 0
6 0
7 0
8 0
9 0
10 1
11 1
12 2
13 5
14 5
15 3
16 6
17 2
18 3
19 7
20 9
21 4
22 14
23 17
24 5
25 16
26 13
27 20
28 11
29 8
30 15
31 11
32 7
33 7
34 13
35 8
36 13
37 19
38 11
39 12
40 26
41 16
42 31
43 10
44 33
45 19
46 17
47 22
48 25
49 38
50 33
51 4
52 45
53 41
54 42
55 48
56 43
57 18
58 62
59 36
60 89
61 49
62 78
63 22
64 68
65 43
66 25
67 88
68 0
69 90
70 50
71 12
72 70
73 26
74 38
75 67
76 10
77 34
78 16
79 22
80 32
81 7
82 6
83 11
84 6
85 8
86 4
87 4
88 6
89 1
90 4
91 1
92 0
93 0
94 0
95 1
96 0
97 0
98 0
99 0
100 0
101 0
19
20658
