232
7229 666378 71.0145
7229 661057 69.8225
7229 670881 73.6842
7229 666863 70.4082
7229 632483 85.4369
7229 662426 66.6667
7229 634749 84.0336
7229 696900 62.8205
7229 640323 79.3651
7229 663415 66.2857
7229 47766 85.3211
7229 685578 62.4277
7229 650886 62.4204
7229 680412 69.3642
7229 527017 62.069
7229 659327 61.3208
7229 646943 82.5688
7229 642656 89
7229 657504 64.1975
7229 659921 65.8683
7229 661055 67.4556
7229 663418 66.2983
7229 661056 67.4556
7229 634748 89
7229 662832 69.0058
7229 638582 90.8163
7229 700281 69.697
7229 680413 72.0379
7229 78737 85.2792
7229 663419 72.1311
7229 45616 91.7073
7229 664210 74.1573
7229 701195 69.697
7229 654263 61.3208
7229 663608 66.6667
7229 651714 76.9231
7229 661944 77.5194
7229 647974 91.3242
7229 660372 69.8225
7229 658434 60
7229 640065 63.4731
7229 648344 61.4379
7229 631702 63.4731
7229 657732 62.7219
7229 663607 64.2424
7229 682692 65.5556
7229 659923 65.8683
7229 45622 83.3333
7229 640266 61.039
7229 654262 60.1852
7229 78746 80
7229 659922 64.2424
7229 701202 63.9053
7229 634755 84.0336
7229 674897 65.0307
7229 645548 60.1307
7229 701203 70.0565
7229 654956 69.8225
7229 641295 62.7803
7229 699329 63.2911
7229 78742 80.5556
7229 642663 90.0901
7229 70807 66.2722
7229 638478 69
7229 699058 77.4194
7229 647975 91.3242
7229 664208 68.2635
7229 45617 91.3462
7229 645789 60.8108
7229 638355 91.1765
7229 634751 91.7431
7229 671056 63.4731
7229 364296 74.3961
7229 694553 68.323
7229 654722 90.0901
7229 346230 63.1579
7229 380479 69.6429
7229 633425 88.7755
7229 664894 69.1244
7229 698553 76.3006
7229 73283 72.7273
7229 701595 71.4976
7229 701718 63.8037
7229 682338 69.6203
7229 693165 69.2308
7229 675268 90.0901
7229 687376 72.3005
7229 640067 61.3208
7229 667948 62.1622
7229 665158 62.4204
7229 700284 68.3168
7229 638361 83.4951
7229 677761 66.6667
7229 651016 75.3846
7229 663606 65.8683
7229 20625 61.039
7229 47745 89.0052
7229 664739 65.7718
7229 665964 73.3333
7229 700287 70
7229 633031 80.402
7229 60342 68.9655
7229 648360 62.7451
7229 79594 81.9048
7229 680414 72.3005
7229 58057 84.8214
7229 633424 79.3651
7229 650898 65.7534
7229 78747 80.1843
7229 695574 63.1579
7229 701596 73.0159
7229 660371 67.4556
7229 651687 91.7431
7229 665963 73.5632
7229 668532 73.743
7229 675451 62.4204
7229 678323 62.4204
7229 654077 85.2459
7229 699499 71.7703
7229 664209 65.8683
7229 643408 79.5812
7229 661122 62.4204
7229 695836 75.9036
7229 33668 95.6522
7229 664891 70.4225
7229 700283 69.697
7229 701196 68.3168
7229 668536 76.9231
7229 665539 72
7229 665358 65.8683
7229 664737 62.4204
7229 701777 64.9682
7229 632493 84.0336
7229 643703 62.5
7229 651686 88.4956
7229 638352 91.7431
7229 661755 65.4867
7229 668537 76.9231
7229 697445 63.1579
7229 700286 70
7229 699340 67.0886
7229 656199 85.4701
7229 700285 69
7229 78738 86.8687
7229 645115 72.7273
7229 63689 69.7674
7229 661123 62.4204
7229 657782 68.75
7229 661186 64.4295
7229 700282 69.697
7229 662162 60
7229 9168 67.8571
7229 670886 65.7718
7229 671055 61.9883
7229 7231 86.2944
7229 651018 75.2809
7229 673654 78.6325
7229 651015 71.0145
7229 670365 62.4204
7229 648400 61.039
7229 5015 83.5821
7229 662283 82.6446
7229 676419 61.745
7229 641039 77.7202
7229 698554 82.6087
7229 9617 88.8889
7229 662831 76.4045
7229 657733 64.3275
7229 665357 65.8683
7229 34934 84.507
7229 70804 64.6707
7229 699349 70.3704
7229 660373 71.345
7229 47764 86.758
7229 632484 91.7431
7229 647976 91.3242
7229 662830 62.5767
7229 58056 84.8214
7229 682699 62.2754
7229 648352 60
7229 654265 61.9048
7229 78748 79.638
7229 626496 69.1099
7229 685583 60.8187
7229 65856 75.576
7229 673997 63.2258
7229 642654 91.7431
7229 665356 75.5556
7229 58058 82.6087
7229 662427 69.0058
7229 673653 80
7229 697671 75.5102
7229 623310 65.4088
7229 668535 76.9231
7229 681170 61.039
7229 631567 88.4956
7229 79589 80.829
7229 700288 70
7229 700357 60.3774
7229 665535 72
7229 699497 60.3774
7229 318534 64.4068
7229 680411 72.4638
7229 648540 69.7479
7229 694755 63.5762
7229 622229 90.0901
7229 34929 85.5721
7229 673317 84.1121
7229 684694 62.4277
7229 632485 90.0901
7229 663417 73.5135
7229 47770 81.8966
7229 664893 69.1244
7229 78743 80.5556
7229 78741 81.1321
7229 638583 89
7229 641626 62.7451
7229 634555 63.3484
7229 638365 85.1485
7229 680416 70.936
7229 642655 90.9091
7229 664892 70.4225
7229 701201 71.5084
7229 65849 90.4977
7229 639779 70.1754
7229 682700 64.3678
7229 647977 74.6269
7229 34931 92.1659
7229 700290 69.3069
7229 649971 63.75
7229 645793 75.3846
7229 64057 61.745
0 5
1 0
2 0
3 0
4 1
5 2
6 4
7 0
8 13
9 0
10 2
11 4
12 1
13 5
14 12
15 2
16 12
17 9
18 23
19 16
20 21
21 21
22 25
23 48
24 70
25 72
26 60
27 80
28 105
29 97
30 149
31 78
32 124
33 85
34 75
35 73
36 87
37 40
38 28
39 43
40 15
41 4
42 10
43 3
44 5
45 2
46 9
47 1
48 8
49 4
50 4
51 5
52 4
53 9
54 16
55 10
56 11
57 5
58 10
59 7
60 11
61 6
62 12
63 20
64 13
65 9
66 13
67 6
68 5
69 8
70 22
71 7
72 8
73 7
74 6
75 3
76 7
77 6
78 3
79 1
80 6
81 5
82 3
83 4
84 3
85 7
86 7
87 3
88 0
89 7
90 1
91 8
92 11
93 1
94 0
95 0
96 1
97 0
98 0
99 0
100 0
101 0
38
20759
