545
631958 1185 66.6667
631958 643034 70.1754
631958 526046 76.9231
631958 294109 68.1818
631958 639681 83.3333
631958 632386 70.8333
631958 633011 74.0741
631958 636942 85.1064
631958 627383 87.5
631958 355954 76.1905
631958 656386 69.5652
631958 295156 78.0488
631958 662782 68.2927
631958 79016 69.5652
631958 634241 72.7273
631958 624720 78.2609
631958 642604 68.0851
631958 20579 66.6667
631958 638684 85.1064
631958 677510 75.5556
631958 645978 79.1667
631958 672960 83.7209
631958 616256 88.3721
631958 617368 66.6667
631958 660165 76.5957
631958 690415 75.5556
631958 32363 76.1905
631958 641831 75.5556
631958 630076 73.4694
631958 105373 79.0698
631958 331770 75.5556
631958 677920 66.6667
631958 646204 75
631958 657811 75
631958 636926 80
631958 636473 75
631958 34551 72.3404
631958 651220 80.8511
631958 630262 79.1667
631958 640286 71.875
631958 627435 66.6667
631958 627725 68.1818
631958 636944 80
631958 660048 83.3333
631958 81626 68.1818
631958 400230 70
631958 641997 70.8333
631958 634163 68.1818
631958 47695 80
631958 19984 72.7273
631958 625381 68
631958 650911 75
631958 700601 75.5556
631958 677516 84.4444
631958 63862 69.5652
631958 646203 79.1667
631958 39362 79.1667
631958 610185 80
631958 621194 68.0851
631958 154880 68.1818
631958 646232 73.913
631958 628815 72.7273
631958 638174 80.8511
631958 408564 79.1667
631958 43871 77.2727
631958 2184 74.4186
631958 626954 81.8182
631958 644914 76.5957
631958 66597 80.8511
631958 644325 79.0698
631958 634304 70.8333
631958 76006 70.8333
631958 43026 76.5957
631958 643044 79.0698
631958 673919 69.5652
631958 609248 80
631958 625064 86.9565
631958 634581 70.8333
631958 629645 80.8511
631958 650610 71.1111
631958 8512 71.1111
631958 147110 76.5957
631958 59679 80
631958 625063 77.2727
631958 140665 74.4186
631958 691610 68.2927
631958 18256 76.9231
631958 58104 73.913
631958 522408 71.1111
631958 645600 79.1667
631958 229 75
631958 677507 69.7674
631958 628867 71.1111
631958 633216 73.913
631958 666436 68.0851
631958 638640 80
631958 640331 91.3043
631958 663915 72.3404
631958 186233 82.6087
631958 124997 80.9524
631958 59628 68.0851
631958 83398 77.2727
631958 650059 68.8525
631958 639682 79.1667
631958 180 74.4186
631958 633890 76.5957
631958 636098 71.1111
631958 625795 70.8333
631958 28142 85.7143
631958 627903 69.7674
631958 664284 69.5652
631958 631630 89.3617
631958 56501 71.1111
631958 602908 77.2727
631958 37752 79.1667
631958 73248 66.6667
631958 329097 75.5556
631958 663952 68.0851
631958 4140 79.1667
631958 656393 79.1667
631958 41554 70.8333
631958 609067 67.8571
631958 679 66.6667
631958 67476 66.6667
631958 20122 69.5652
631958 638129 79.1667
631958 663576 72.3404
631958 4867 66.6667
631958 55342 75.5556
631958 636921 80
631958 79707 71.4286
631958 639772 67.7966
631958 649096 69.5652
631958 672441 72.7273
631958 7760 74.4186
631958 638851 69.7674
631958 630077 73.4694
631958 651217 72.3404
631958 659234 68.0851
631958 215132 77.2727
631958 658397 68.0851
631958 215138 72.7273
631958 628265 77.2727
631958 172262 66.6667
631958 27116 75
631958 634135 73.913
631958 116544 68.0851
631958 628999 83.7209
631958 617378 72.3404
631958 30131 73.4694
631958 624006 84.4444
631958 663946 69.5652
631958 41365 71.1111
631958 118993 76.9231
631958 617363 76.5957
631958 677514 69.7674
631958 1026 73.1707
631958 127964 73.913
631958 647014 67.6471
631958 674195 71.1111
631958 666439 72.3404
631958 608712 75.5556
631958 1986 68.1818
631958 356359 71.4286
631958 636946 80.8511
631958 521887 74.4186
631958 665553 86.9565
631958 621888 72.7273
631958 625186 66.6667
631958 626923 69.3878
631958 304650 69.5652
631958 625196 68.2927
631958 619147 70.8333
631958 49210 78.2609
631958 685117 71.1111
631958 686264 74.4186
631958 670148 69.5652
631958 650783 73.913
631958 630689 71.7949
631958 643729 66.6667
631958 640191 80
631958 631128 66.6667
631958 688342 74.4186
631958 667276 75.5556
631958 16448 80
631958 646207 78.2609
631958 56357 66.6667
631958 649422 72.3404
631958 12148 72.3404
631958 610998 67.8571
631958 660421 76.5957
631958 647372 77.2727
631958 109884 71.1111
631958 68347 73.6842
631958 646165 85.1064
631958 625468 75
631958 639767 73.6842
631958 626953 80.9524
631958 42443 83.3333
631958 55876 82.6087
631958 615009 79.1667
631958 55887 74.4186
631958 683715 81.8182
631958 677513 79.0698
631958 66070 75
631958 630078 73.4694
631958 625465 69.5652
631958 122640 66.6667
631958 2775 71.1111
631958 638686 68.1818
631958 617395 71.1111
631958 75707 70.8333
631958 96461 72.7273
631958 17796 78.2609
631958 34460 66.6667
631958 3846 70.8333
631958 97219 82.6087
631958 279497 66.6667
631958 663947 69.5652
631958 624005 84.4444
631958 677555 79.0698
631958 56470 73.913
631958 601362 79.1667
631958 630688 70.8333
631958 700123 68.0851
631958 405084 66.6667
631958 291559 82.6087
631958 628996 66.6667
631958 666115 67.6923
631958 649429 75.5556
631958 658698 76.5957
631958 87081 71.1111
631958 679542 77.2727
631958 679579 71.1111
631958 348706 71.1111
631958 160497 75.5556
631958 128701 68
631958 647019 67.6471
631958 617599 68.1818
631958 629474 77.2727
631958 131090 73.913
631958 609818 70.8333
631958 632952 79.0698
631958 617406 76.5957
631958 12045 78.2609
631958 636932 80.8511
631958 639683 75
631958 86939 74.4186
631958 33592 95.8333
631958 657807 70.8333
631958 645727 73.0159
631958 294110 72.7273
631958 53183 87.5
631958 636326 68.1818
631958 56426 73.913
631958 670183 78.2609
631958 659301 66.6667
631958 611078 66.6667
631958 122681 68.1818
631958 625794 72.3404
631958 641763 75.5556
631958 63055 79.0698
631958 628979 68.0851
631958 625464 81.8182
631958 154741 68.1818
631958 627436 79.0698
631958 110344 66.6667
631958 631808 68.1818
631958 688039 69.3878
631958 285113 83.7209
631958 676725 72.3404
631958 634175 68.0851
631958 670181 71.4286
631958 257830 78.2609
631958 659144 71.1111
631958 638593 69.5652
631958 631315 77.2727
631958 609819 71.4286
631958 694105 86.9565
631958 55619 69.5652
631958 680494 69.5652
631958 24711 68.1818
631958 33139 83.3333
631958 624004 88.8889
631958 645098 66.6667
631958 625042 83.3333
631958 150952 75.5556
631958 627706 70.3704
631958 656388 73.913
631958 124081 72.3404
631958 369774 82.6087
631958 640892 66.6667
631958 697384 72.7273
631958 657817 80
631958 625144 69.5652
631958 646164 80
631958 623635 72.3404
631958 116539 68.1818
631958 646159 80
631958 102318 72.7273
631958 677512 78.0488
631958 637434 80.8511
631958 624163 73.913
631958 668856 67.6471
631958 636947 80.8511
631958 364202 68.1818
631958 612765 80.8511
631958 623636 66.6667
631958 637189 84.4444
631958 657841 70
631958 291534 73.913
631958 625471 81.8182
631958 627708 67.7419
631958 601821 72.3404
631958 649044 80.8511
631958 661465 66.6667
631958 629243 66.6667
631958 20985 73.1707
631958 202930 68.2927
631958 631648 80.8511
631958 72288 75
631958 644433 80.8511
631958 636935 80.8511
631958 671283 66.6667
631958 683892 73.913
631958 73166 80.9524
631958 645335 77.551
631958 667470 80
631958 66479 71.7949
631958 689418 69.7674
631958 662771 76.5957
631958 633221 72.3404
631958 99002 77.2727
631958 404000 78.2609
631958 664977 68.1818
631958 657815 76.1905
631958 617628 80.8511
631958 611545 72.3404
631958 663921 68.2927
631958 616278 72.7273
631958 619101 75
631958 634714 66.6667
631958 56497 79.1667
631958 634303 70.8333
631958 50850 67.7419
631958 672018 66.6667
631958 382814 77.2727
631958 657809 75
631958 633900 66.6667
631958 625792 78.2609
631958 633220 73.913
631958 64013 69.7674
631958 25952 69.5652
631958 30798 69.5652
631958 38231 75.5556
631958 693427 74.4186
631958 44675 72.7273
631958 656392 70.8333
631958 630690 71.7949
631958 693424 68.2927
631958 628244 69.3878
631958 636929 80
631958 67437 79.1667
631958 122751 68.1818
631958 40553 75.5556
631958 63917 70.8333
631958 645542 70.7692
631958 651218 72.3404
631958 624003 80.8511
631958 624386 75
631958 71320 72.7273
631958 681316 75.5556
631958 116363 78.2609
631958 663585 72.3404
631958 635960 88.8889
631958 128160 81.8182
631958 602909 80.8511
631958 327445 66.6667
631958 657843 75
631958 58895 75.5556
631958 102624 72.7273
631958 636086 68.0851
631958 309699 68.1818
631958 628495 67.8571
631958 649441 68.0851
631958 58030 73.4694
631958 10549 78.2609
631958 654114 86.9565
631958 663914 80
631958 16634 80
631958 43030 89.3617
631958 405968 83.3333
631958 646210 75
631958 169105 84.4444
631958 695625 72.7273
631958 656391 69.5652
631958 636924 80
631958 633174 77.551
631958 661128 83.3333
631958 12463 69.5652
631958 382815 78.2609
631958 63911 73.913
631958 624535 66.6667
631958 665122 73.913
631958 99331 90.4762
631958 656390 79.1667
631958 603719 69.5652
631958 663936 72.3404
631958 174620 76.1905
631958 617629 69.5652
631958 98436 66.6667
631958 164614 74.4186
631958 4971 83.7209
631958 622145 72.3404
631958 657560 76.5957
631958 81669 86.9565
631958 608710 66.6667
631958 625239 68.0851
631958 634293 73.913
631958 657805 76.1905
631958 60275 83.3333
631958 650034 73.913
631958 617633 71.1111
631958 284701 73.913
631958 623992 72.3404
631958 635968 74.4186
631958 638173 80.8511
631958 700591 67.6923
631958 651330 72.3404
631958 52350 85.1064
631958 650981 69.7674
631958 657812 75
631958 666530 74.4186
631958 309708 66.6667
631958 36283 80
631958 38468 75.5556
631958 691259 66.6667
631958 641165 70.8333
631958 636784 80.8511
631958 650616 69.5652
631958 625462 78.2609
631958 657836 69.5652
631958 627226 93.0233
631958 650609 68.0851
631958 371727 71.1111
631958 617409 73.913
631958 62009 72.3404
631958 637006 76.5957
631958 649436 80.8511
631958 647068 75
631958 636941 80
631958 625446 72.7273
631958 672019 66.6667
631958 609820 71.4286
631958 54833 76.5957
631958 43798 76.5957
631958 194315 71.1111
631958 660640 74.4186
631958 625412 66.6667
631958 278461 69.5652
631958 651324 72.3404
631958 634171 66.6667
631958 7636 79.0698
631958 694315 72.7273
631958 255115 75.5556
631958 601307 72.7273
631958 644432 80.8511
631958 209084 72.7273
631958 617370 72.3404
631958 125718 83.7209
631958 404827 68.2927
631958 668362 68.2927
631958 634249 68.0851
631958 666728 77.2727
631958 666432 68.0851
631958 644871 80.8511
631958 56450 68.0851
631958 347504 79.0698
631958 695218 66.6667
631958 8774 82.6087
631958 18255 76.9231
631958 649428 72.3404
631958 102851 73.913
631958 698558 72.7273
631958 43870 77.2727
631958 629424 66.6667
631958 638641 78.2609
631958 158037 68.1818
631958 25397 82.6087
631958 679825 71.1864
631958 624162 70.8333
631958 120309 71.4286
631958 657562 69.7674
631958 5553 69.7674
631958 649425 72.3404
631958 56138 73.913
631958 56869 79.1667
631958 54855 79.1667
631958 45164 80
631958 26154 70
631958 629267 67.7419
631958 66069 83.3333
631958 74468 69.7674
631958 615011 91.3043
631958 600388 88.3721
631958 656400 70.8333
631958 294868 66.6667
631958 646001 76.5957
631958 623832 69.5652
631958 640890 66.6667
631958 71439 68.0851
631958 634306 70.8333
631958 649427 72.3404
631958 666665 69.5652
631958 74380 69.3878
631958 256 76.5957
631958 641660 67.6471
631958 83653 68.0851
631958 680715 74.4186
631958 644932 71.1111
631958 670179 66.6667
631958 163661 67.8571
631958 631956 86.9565
631958 72286 75
631958 659342 79.1667
631958 66688 66.6667
631958 8395 88.3721
631958 623650 68.0851
631958 20121 78.2609
631958 31976 72.7273
631958 80747 76.1905
631958 649424 76.5957
631958 656387 70.8333
631958 364093 66.6667
631958 622636 91.3043
631958 405554 69.5652
631958 670180 71.4286
631958 645334 72.3404
631958 689210 68.0851
631958 654113 86.9565
631958 645089 78.2609
631958 629273 67.7419
631958 659274 69.5652
631958 657803 78.2609
631958 624231 70
0 5
1 0
2 0
3 0
4 0
5 5
6 6
7 3
8 1
9 0
10 7
11 2
12 1
13 0
14 1
15 2
16 1
17 2
18 4
19 4
20 14
21 4
22 13
23 18
24 9
25 9
26 8
27 12
28 20
29 17
30 31
31 17
32 27
33 18
34 21
35 39
36 15
37 28
38 16
39 9
40 47
41 19
42 34
43 40
44 41
45 40
46 22
47 37
48 34
49 36
50 43
51 1
52 30
53 45
54 24
55 49
56 35
57 29
58 32
59 22
60 56
61 44
62 24
63 35
64 50
65 7
66 47
67 47
68 17
69 50
70 47
71 24
72 32
73 49
74 32
75 34
76 19
77 27
78 16
79 19
80 50
81 24
82 5
83 7
84 14
85 5
86 5
87 7
88 2
89 5
90 2
91 1
92 3
93 0
94 1
95 0
96 1
97 0
98 0
99 0
100 0
101 0
20
20607
