0
0 434
1 0
2 7
3 6
4 36
5 16
6 227
7 170
8 99
9 24
10 21
11 81
12 122
13 99
14 34
15 24
16 17
17 47
18 44
19 31
20 24
21 7
22 18
23 63
24 32
25 28
26 12
27 14
28 23
29 12
30 13
31 7
32 5
33 6
34 4
35 0
36 2
37 0
38 4
39 1
40 1
41 0
42 0
43 0
44 1
45 0
46 0
47 1
48 0
49 0
50 0
51 0
52 0
53 0
54 1
55 0
56 0
57 0
58 0
59 0
60 0
61 0
62 0
63 0
64 0
65 0
66 0
67 0
68 0
69 0
70 0
71 0
72 0
73 0
74 0
75 0
76 0
77 0
78 0
79 0
80 0
81 0
82 0
83 0
84 0
85 0
86 0
87 0
88 0
89 0
90 0
91 0
92 0
93 0
94 0
95 0
96 0
97 0
98 0
99 0
100 0
101 0
20
19544
