143
641699 685582 66.1017
641699 616791 71.1538
641699 665963 70.5882
641699 632386 71.4286
641699 662830 66.6667
641699 694557 68.75
641699 651737 68.5714
641699 636473 71.4286
641699 663419 67.1875
641699 612049 79.0123
641699 649649 85.7143
641699 625381 75
641699 63862 67.6471
641699 654956 73.6842
641699 637642 95.5556
641699 661056 75.4386
641699 659017 82.6923
641699 665357 75
641699 659921 75
641699 634304 71.4286
641699 657733 72.4138
641699 696900 67.3267
641699 147110 66.6667
641699 55548 66.6667
641699 641698 95.5556
641699 633890 66.6667
641699 651735 68.5714
641699 637643 100
641699 609067 74.359
641699 662831 68.2927
641699 693166 70.4918
641699 615985 67.3913
641699 70807 66.6667
641699 687813 79.1209
641699 647648 85.7143
641699 641700 100
641699 659234 69.5652
641699 697598 70.8333
641699 658397 69.5652
641699 690393 81.9277
641699 140025 80
641699 646436 90.6977
641699 30131 67.6056
641699 617363 66.6667
641699 664209 78.5714
641699 663607 67.2727
641699 663571 66.6667
641699 624349 66.6667
641699 646437 90.6977
641699 610998 74.359
641699 664210 69.9187
641699 664319 66.6667
641699 56470 67.6471
641699 700123 66.6667
641699 644633 79.1209
641699 666115 75.8621
641699 128701 69.4444
641699 664941 85.3933
641699 659015 91.4894
641699 637641 95.5556
641699 646444 88.3721
641699 659301 68.5714
641699 665964 72
641699 659922 76.3636
641699 663606 75
641699 671055 74.1379
641699 619072 79.5181
641699 628979 66.6667
641699 660372 73.6842
641699 662832 72.4138
641699 318534 67.2131
641699 671056 76.7857
641699 602670 90.4762
641699 55619 67.6471
641699 661057 73.6842
641699 647645 86.0465
641699 658787 90.6977
641699 623635 66.6667
641699 682700 68.9076
641699 665358 75
641699 295302 68.9655
641699 629243 68.2353
641699 639710 69.5652
641699 614939 77.4194
641699 641530 68.1818
641699 663416 79.6296
641699 662771 66.6667
641699 633221 66.6667
641699 685584 78
641699 647643 93.4783
641699 634303 71.4286
641699 657732 73.6842
641699 25952 67.6471
641699 619377 70.4762
641699 660373 72.4138
641699 646440 88.6364
641699 70804 66.0714
641699 663585 66.6667
641699 659923 76.7857
641699 657843 71.4286
641699 646439 86.0465
641699 628495 74.359
641699 649441 69.5652
641699 58030 67.6056
641699 648400 68.6869
641699 647644 93.4783
641699 625648 76.7442
641699 665282 67.6471
641699 663415 71.6667
641699 695625 72.7273
641699 633174 67.6056
641699 661055 75.4386
641699 663936 66.6667
641699 617629 67.6471
641699 625421 67.6471
641699 651739 68.5714
641699 693097 75.5556
641699 682692 68.8
641699 38255 68.5714
641699 650609 66.6667
641699 634171 68.5714
641699 635034 72.5
641699 57548 69.5652
641699 380292 66.6667
641699 617398 69.5652
641699 663418 68.254
641699 637646 90.4762
641699 102851 67.6471
641699 699339 73.913
641699 679825 66.6667
641699 650211 68.5714
641699 646441 84.7826
641699 662427 72.4138
641699 620753 68.4211
641699 634306 71.4286
641699 646438 86.0465
641699 663417 66.1538
641699 163661 79.4872
641699 118151 69.5652
641699 660371 75.4386
641699 665356 68.8
641699 682699 71.4286
641699 646443 84.7826
0 5
1 0
2 0
3 0
4 0
5 0
6 0
7 1
8 1
9 1
10 3
11 3
12 1
13 2
14 6
15 5
16 4
17 1
18 3
19 2
20 4
21 5
22 6
23 2
24 3
25 11
26 5
27 7
28 18
29 11
30 16
31 13
32 17
33 12
34 28
35 23
36 24
37 27
38 13
39 47
40 37
41 17
42 54
43 32
44 45
45 56
46 41
47 55
48 55
49 55
50 85
51 38
52 38
53 86
54 74
55 62
56 87
57 62
58 80
59 57
60 66
61 47
62 34
63 38
64 48
65 29
66 23
67 22
68 16
69 18
70 9
71 4
72 10
73 6
74 5
75 9
76 5
77 4
78 2
79 1
80 7
81 0
82 1
83 1
84 0
85 2
86 3
87 3
88 0
89 2
90 0
91 5
92 1
93 0
94 2
95 0
96 3
97 0
98 0
99 0
100 0
101 2
26
20989
