540
633879 647355 75
633879 640889 78.4314
633879 650625 68.1818
633879 657806 85.7143
633879 636943 68.0851
633879 291305 88.8889
633879 693434 81.8182
633879 670149 79.0698
633879 625469 78.2609
633879 147625 66.6667
633879 636118 75
633879 649420 72.3404
633879 38253 66.6667
633879 677434 66.6667
633879 1112 68.5714
633879 140121 78.2609
633879 643344 75
633879 646707 66.6667
633879 657840 83.3333
633879 646163 68.0851
633879 638607 71.4286
633879 646222 73.913
633879 38243 66.6667
633879 10121 82.6087
633879 341865 68.0851
633879 145081 82.6087
633879 647646 68.75
633879 629009 86.9565
633879 646166 71.4286
633879 402579 71.1111
633879 311941 79.0698
633879 646212 66.6667
633879 87254 77.2727
633879 631958 69.5652
633879 111180 66.6667
633879 294109 86.3636
633879 632386 83.3333
633879 636942 68.0851
633879 627383 79.1667
633879 656386 78.2609
633879 295156 78.0488
633879 58580 75.5556
633879 634241 90.9091
633879 642604 68.0851
633879 645978 91.6667
633879 672960 69.7674
633879 660165 72.3404
633879 32363 80.9524
633879 641831 80
633879 331770 71.1111
633879 677920 76.1905
633879 646204 75
633879 657811 70.8333
633879 651737 66.6667
633879 636473 83.3333
633879 34551 85.1064
633879 651220 89.3617
633879 630262 83.3333
633879 644297 71.4286
633879 13687 66.6667
633879 627435 82.0513
633879 660048 79.1667
633879 81626 90.9091
633879 400230 75
633879 634163 72.7273
633879 47695 66.6667
633879 656320 69.7674
633879 2743 73.913
633879 19984 72.7273
633879 649649 67.7419
633879 625381 80
633879 650911 70.8333
633879 700601 75.5556
633879 677516 71.1111
633879 63862 95.6522
633879 646203 75
633879 160587 66.6667
633879 628815 72.7273
633879 638174 68.0851
633879 636790 70.9677
633879 408564 79.1667
633879 43871 77.2727
633879 2184 69.7674
633879 626954 86.3636
633879 644914 68.0851
633879 66597 72.3404
633879 634151 68.4211
633879 629037 71.1111
633879 269161 66.6667
633879 2741 68.1818
633879 644325 83.7209
633879 692599 81.8182
633879 38709 66.6667
633879 231338 68.1818
633879 634304 79.1667
633879 43026 68.0851
633879 643044 79.0698
633879 673919 73.913
633879 609248 75.5556
633879 625064 69.5652
633879 163501 66.6667
633879 661471 68.0851
633879 629645 68.0851
633879 650610 84.4444
633879 8512 75.5556
633879 147110 76.5957
633879 59679 75.5556
633879 625063 81.8182
633879 140665 93.0233
633879 58104 73.913
633879 55548 76.5957
633879 522408 80
633879 645600 70.8333
633879 628867 93.3333
633879 633216 95.6522
633879 666436 93.617
633879 638640 66.6667
633879 662187 75.5556
633879 640331 69.5652
633879 663915 68.0851
633879 55666 80.9524
633879 625159 71.1111
633879 186233 69.5652
633879 5226 68.1818
633879 124997 76.1905
633879 59628 72.3404
633879 180 79.0698
633879 664309 71.7949
633879 633890 93.617
633879 625795 83.3333
633879 651735 66.6667
633879 28142 76.1905
633879 631630 76.5957
633879 602908 86.3636
633879 37752 70.8333
633879 622663 83.7209
633879 73248 66.6667
633879 329097 71.1111
633879 663952 68.0851
633879 4140 75
633879 656393 70.8333
633879 609067 67.8571
633879 54829 68.1818
633879 697943 86.9565
633879 84223 72.2222
633879 638129 75
633879 663576 68.0851
633879 79707 71.4286
633879 672441 68.1818
633879 58579 66.6667
633879 647648 67.7419
633879 638851 79.0698
633879 624671 71.7949
633879 651217 68.0851
633879 301196 66.6667
633879 215138 68.1818
633879 628265 90.9091
633879 27116 75
633879 140025 72.4138
633879 132313 72.7273
633879 679275 68.1818
633879 116544 76.5957
633879 628999 79.0698
633879 95102 66.6667
633879 701652 79.0698
633879 617378 80.8511
633879 646436 68.75
633879 30131 73.4694
633879 624006 66.6667
633879 41365 71.1111
633879 617363 76.5957
633879 1026 78.0488
633879 23609 68.1818
633879 127964 78.2609
633879 623711 66.6667
633879 627377 78.2609
633879 666439 76.5957
633879 608712 66.6667
633879 82166 69.7674
633879 1986 90.9091
633879 631597 68.4211
633879 356359 71.4286
633879 665553 78.2609
633879 62659 73.913
633879 621888 72.7273
633879 625186 66.6667
633879 663571 76.5957
633879 625196 68.2927
633879 72089 68.0851
633879 624349 80.8511
633879 109999 68.1818
633879 295435 81.8182
633879 626100 66.6667
633879 677916 66.6667
633879 670148 95.6522
633879 679577 78.2609
633879 630689 82.0513
633879 57456 75.5556
633879 617316 73.1707
633879 623661 79.0698
633879 643729 66.6667
633879 640191 66.6667
633879 631128 83.3333
633879 688342 69.7674
633879 670150 72.7273
633879 658772 69.5652
633879 667276 66.6667
633879 16448 75.5556
633879 646207 86.9565
633879 56357 78.4314
633879 12148 80.8511
633879 646437 68.75
633879 610998 67.8571
633879 660421 72.3404
633879 647372 81.8182
633879 62778 66.6667
633879 109884 71.1111
633879 658776 69.5652
633879 664269 69.7674
633879 68347 68.4211
633879 646165 68.0851
633879 68955 69.7674
633879 625468 83.3333
633879 626953 85.7143
633879 42443 70.8333
633879 55876 73.913
633879 55887 74.4186
633879 664319 67.8571
633879 683715 68.1818
633879 625465 95.6522
633879 677915 66.6667
633879 617395 71.1111
633879 96461 77.2727
633879 34460 78.4314
633879 138305 73.1707
633879 624005 66.6667
633879 87253 71.4286
633879 56470 86.9565
633879 700123 85.1064
633879 405084 66.6667
633879 291559 78.2609
633879 628996 83.3333
633879 640439 66.6667
633879 649429 66.6667
633879 618260 66.6667
633879 670182 77.2727
633879 658698 80.8511
633879 87081 71.1111
633879 679542 86.3636
633879 620337 76.1905
633879 679579 84.4444
633879 348706 66.6667
633879 623657 71.1111
633879 640230 72.3404
633879 655264 75.5556
633879 650624 76.5957
633879 160497 80
633879 128701 76
633879 629718 76.1905
633879 629474 77.2727
633879 131090 78.2609
633879 664941 68.6567
633879 666730 75.5556
633879 632952 83.7209
633879 96448 69.7674
633879 12045 82.6087
633879 33592 75
633879 657807 83.3333
633879 617607 72.7273
633879 294110 90.9091
633879 636326 72.7273
633879 56426 91.3043
633879 670183 78.2609
633879 659301 83.3333
633879 611078 66.6667
633879 122681 68.1818
633879 625794 85.1064
633879 628979 89.3617
633879 625464 81.8182
633879 154741 72.7273
633879 627436 79.0698
633879 110344 80.9524
633879 623991 86.3636
633879 655263 69.7674
633879 631808 77.2727
633879 688039 73.4694
633879 670181 76.1905
633879 628296 68.2927
633879 630691 78.2609
633879 638593 78.2609
633879 631315 81.8182
633879 609819 76.1905
633879 602670 67.7419
633879 55619 91.3043
633879 41356 81.8182
633879 33139 79.1667
633879 624004 71.1111
633879 625042 70.8333
633879 647645 68.75
633879 656388 78.2609
633879 124081 76.5957
633879 369774 86.9565
633879 640892 78.4314
633879 697384 77.2727
633879 657817 80
633879 191990 71.1111
633879 625144 69.5652
633879 646164 66.6667
633879 623635 72.3404
633879 116539 68.1818
633879 102318 90.9091
633879 48911 66.6667
633879 672208 71.1111
633879 54128 76.5957
633879 688887 69.7674
633879 364202 81.8182
633879 612765 68.0851
633879 623636 80
633879 637189 71.1111
633879 634470 68.0851
633879 625471 81.8182
633879 601821 85.1064
633879 649044 80.8511
633879 629243 69.8413
633879 20985 78.0488
633879 644433 85.1064
633879 161621 72.7273
633879 73166 76.1905
633879 645335 77.551
633879 667470 80
633879 136135 75.5556
633879 662771 89.3617
633879 633221 93.617
633879 627073 72.7273
633879 99002 72.7273
633879 657815 85.7143
633879 616278 90.9091
633879 634714 83.3333
633879 634303 79.1667
633879 382814 72.7273
633879 657809 70.8333
633879 633900 70.8333
633879 625792 86.9565
633879 627074 72.7273
633879 633220 86.9565
633879 64013 79.0698
633879 25952 95.6522
633879 30798 95.6522
633879 38231 71.1111
633879 693427 88.3721
633879 657833 75
633879 656392 75
633879 630690 82.0513
633879 646440 66.6667
633879 693424 73.1707
633879 628244 81.6327
633879 122751 77.2727
633879 623651 75.5556
633879 651218 68.0851
633879 624003 76.5957
633879 624386 87.5
633879 116363 73.913
633879 663585 97.8723
633879 128160 77.2727
633879 602909 85.1064
633879 657843 83.3333
633879 646439 68.75
633879 58895 71.1111
633879 628495 67.8571
633879 1168 85.7143
633879 649441 85.1064
633879 644273 73.1707
633879 634552 75
633879 58030 85.7143
633879 654114 69.5652
633879 161622 72.7273
633879 663914 66.6667
633879 16634 84.4444
633879 43030 68.0851
633879 405968 66.6667
633879 646210 83.3333
633879 169105 75.5556
633879 656391 69.5652
633879 633174 73.4694
633879 661128 79.1667
633879 72272 71.1111
633879 382815 73.913
633879 63911 78.2609
633879 15193 77.2727
633879 624535 75
633879 665122 78.2609
633879 220327 66.6667
633879 656390 70.8333
633879 27419 71.1111
633879 603719 69.5652
633879 663936 68.0851
633879 174620 71.4286
633879 617629 86.9565
633879 636095 76.5957
633879 98436 93.3333
633879 227902 76.1905
633879 651739 66.6667
633879 4971 69.7674
633879 622145 68.0851
633879 626945 68.1818
633879 693097 67.6471
633879 613239 69.5652
633879 657805 85.7143
633879 623648 78.0488
633879 60275 66.6667
633879 646168 73.913
633879 650034 78.2609
633879 617633 66.6667
633879 635968 79.0698
633879 626946 70
633879 638173 68.0851
633879 651330 76.5957
633879 52350 68.0851
633879 650981 83.7209
633879 657812 70.8333
633879 666530 83.7209
633879 630915 71.1111
633879 36283 84.4444
633879 86080 69.5652
633879 641165 70.8333
633879 630692 75
633879 636784 72.3404
633879 650616 78.2609
633879 625462 78.2609
633879 657836 78.2609
633879 627066 72.7273
633879 650609 80.8511
633879 371727 75.5556
633879 33832 68.0851
633879 617409 78.2609
633879 616232 69.5652
633879 56148 69.5652
633879 649436 76.5957
633879 647068 70.8333
633879 625446 86.3636
633879 623701 66.6667
633879 664853 69.7674
633879 609820 76.1905
633879 54833 68.0851
633879 194315 66.6667
633879 660640 69.7674
633879 625412 75
633879 278461 78.2609
633879 624331 66.6667
633879 40725 72.7273
633879 620248 68.2927
633879 640743 72.3404
633879 651324 76.5957
633879 634171 75
633879 688343 79.0698
633879 69607 75.5556
633879 644432 85.1064
633879 30152 73.1707
633879 617370 68.0851
633879 617398 80.8511
633879 125718 79.0698
633879 668362 68.2927
633879 623700 75
633879 634249 68.0851
633879 620336 70
633879 666728 81.8182
633879 666432 97.8723
633879 644871 68.0851
633879 1163 85.7143
633879 347504 79.0698
633879 695218 75.5556
633879 8774 78.2609
633879 677917 69.7674
633879 649690 74.4186
633879 649428 68.0851
633879 637646 67.7419
633879 102851 78.2609
633879 174612 72.7273
633879 43870 77.2727
633879 44217 66.6667
633879 631634 66.6667
633879 638641 73.913
633879 25397 69.5652
633879 650634 68.1818
633879 679825 74.5763
633879 657818 66.6667
633879 120309 66.6667
633879 640902 69.2308
633879 8120 73.913
633879 642788 76.9231
633879 657562 69.7674
633879 41355 81.8182
633879 650211 66.6667
633879 649425 68.0851
633879 56138 78.2609
633879 54855 75
633879 45164 66.6667
633879 26154 75
633879 2738 78.2609
633879 600388 69.7674
633879 667068 66.6667
633879 656400 75
633879 626865 82.9268
633879 294868 71.1111
633879 624987 71.1111
633879 646001 72.3404
633879 623832 69.5652
633879 640890 78.4314
633879 71439 68.0851
633879 634306 83.3333
633879 649427 68.0851
633879 666665 73.913
633879 646438 68.75
633879 74380 85.7143
633879 62660 73.913
633879 83653 68.0851
633879 680715 69.7674
633879 84552 71.1111
633879 644932 80
633879 670179 76.1905
633879 625109 69.5652
633879 73709 73.913
633879 163661 71.4286
633879 118151 85.1064
633879 631956 82.6087
633879 659342 75
633879 623650 68.0851
633879 31976 68.1818
633879 80747 80.9524
633879 649424 76.5957
633879 656387 75
633879 622636 73.913
633879 670180 76.1905
633879 645334 76.5957
633879 689210 85.1064
633879 654113 78.2609
633879 645089 73.913
633879 644333 69.5652
633879 659274 69.5652
633879 657803 86.9565
0 17
1 0
2 0
3 0
4 0
5 0
6 1
7 0
8 0
9 0
10 3
11 5
12 5
13 0
14 9
15 9
16 7
17 1
18 6
19 11
20 23
21 3
22 16
23 22
24 10
25 16
26 6
27 26
28 15
29 22
30 36
31 19
32 17
33 20
34 30
35 44
36 25
37 20
38 19
39 25
40 36
41 21
42 24
43 31
44 43
45 32
46 29
47 30
48 50
49 38
50 58
51 5
52 59
53 45
54 39
55 41
56 37
57 33
58 42
59 29
60 45
61 35
62 23
63 40
64 40
65 13
66 40
67 57
68 9
69 66
70 40
71 14
72 33
73 30
74 24
75 26
76 17
77 30
78 12
79 35
80 29
81 11
82 13
83 8
84 19
85 4
86 18
87 15
88 1
89 2
90 3
91 7
92 3
93 0
94 6
95 0
96 6
97 0
98 2
99 0
100 0
101 0
19
23675
