0
0 0
1 0
2 0
3 0
4 0
5 0
6 0
7 0
8 0
9 0
10 0
11 0
12 0
13 0
14 0
15 0
16 0
17 0
18 0
19 0
20 1
21 0
22 0
23 0
24 1
25 0
26 0
27 0
28 0
29 1
30 1
31 3
32 0
33 2
34 2
35 2
36 6
37 4
38 5
39 6
40 19
41 8
42 11
43 11
44 12
45 20
46 13
47 23
48 22
49 40
50 34
51 24
52 52
53 51
54 59
55 51
56 61
57 53
58 48
59 66
60 71
61 77
62 78
63 76
64 70
65 55
66 67
67 58
68 65
69 70
70 66
71 54
72 54
73 45
74 47
75 47
76 38
77 33
78 33
79 22
80 23
81 17
82 19
83 10
84 13
85 12
86 7
87 7
88 2
89 1
90 1
91 0
92 1
93 0
94 0
95 0
96 0
97 0
98 0
99 0
100 0
101 0
19
19108
