687
636924 356359 63.4146
636924 329097 72.7273
636924 55887 76.1905
636924 679542 74.4186
636924 651330 69.5652
636924 56450 60.8696
636924 56138 84.4444
636924 645334 86.9565
636924 617607 60.4651
636924 299385 66.6667
636924 650641 62.2222
636924 122681 65.1163
636924 629273 65.5738
636924 294868 63.6364
636924 634145 60.4651
636924 601821 78.2609
636924 304650 80
636924 40553 86.3636
636924 673919 75.5556
636924 637189 72.7273
636924 636926 90.9091
636924 615009 85.1064
636924 650648 66.6667
636924 633216 75.5556
636924 688342 71.4286
636924 370393 60.4651
636924 656388 80
636924 602909 78.2609
636924 630078 79.1667
636924 683715 74.4186
636924 526046 68.4211
636924 634175 65.2174
636924 63917 72.3404
636924 80747 73.1707
636924 291559 80
636924 12045 80
636924 662771 73.913
636924 700590 66.6667
636924 638684 82.6087
636924 625231 60.8696
636924 284701 80
636924 140025 70.1754
636924 659975 62.2222
636924 150952 81.8182
636924 102624 65.1163
636924 634552 68.0851
636924 81626 60.4651
636924 286680 60.4651
636924 634303 68.0851
636924 649420 78.2609
636924 4971 76.1905
636924 625792 80
636924 666728 74.4186
636924 1185 63.4146
636924 621194 69.5652
636924 640892 72
636924 87253 63.4146
636924 154741 88.3721
636924 649425 86.9565
636924 665122 80
636924 608710 63.6364
636924 644433 73.913
636924 38231 68.1818
636924 99871 65
636924 660165 73.913
636924 657809 80.8511
636924 631956 80
636924 43030 82.6087
636924 686574 62.2222
636924 128701 69.3878
636924 644914 69.5652
636924 118151 60.8696
636924 8395 90.4762
636924 698558 65.1163
636924 635968 66.6667
636924 44675 74.4186
636924 643344 72.3404
636924 355954 82.9268
636924 660048 76.5957
636924 50850 65.5738
636924 609816 63.1579
636924 658779 61.9048
636924 630688 72.3404
636924 657815 68.2927
636924 627903 66.6667
636924 657560 78.2609
636924 110344 63.4146
636924 167881 60.4651
636924 41365 63.6364
636924 650911 85.1064
636924 24303 68.1818
636924 124081 78.2609
636924 617629 66.6667
636924 625446 65.1163
636924 641831 81.8182
636924 624386 85.1064
636924 33139 76.5957
636924 649429 86.3636
636924 667249 65.1163
636924 679 68.2927
636924 671291 61.5385
636924 99002 74.4186
636924 68347 70.2703
636924 64054 60.6061
636924 649690 61.9048
636924 149704 65
636924 98436 63.6364
636924 33592 85.1064
636924 645600 80.8511
636924 74468 76.1905
636924 3846 63.8298
636924 634176 68.8525
636924 630077 79.1667
636924 839 63.4146
636924 57549 63.6364
636924 646163 82.6087
636924 371727 68.1818
636924 99331 78.0488
636924 626953 73.1707
636924 610998 69.0909
636924 17796 80
636924 610185 86.3636
636924 408564 72.3404
636924 677547 71.4286
636924 688039 75
636924 634249 60.8696
636924 633221 73.913
636924 60275 76.5957
636924 67437 80.8511
636924 16448 81.8182
636924 74297 60
636924 679449 60.4651
636924 636944 90.9091
636924 638593 62.2222
636924 241113 62.2222
636924 689418 61.9048
636924 18256 78.9474
636924 645089 75.5556
636924 625794 78.2609
636924 637006 82.6087
636924 655263 61.9048
636924 186053 62.2222
636924 676725 73.913
636924 640191 81.8182
636924 122751 69.7674
636924 638173 86.9565
636924 5553 66.6667
636924 686264 71.4286
636924 650034 80
636924 109884 63.6364
636924 636473 76.5957
636924 645727 64.5161
636924 636098 72.7273
636924 641763 77.2727
636924 676509 61.5385
636924 640645 65.1163
636924 649422 82.6087
636924 664545 61.5385
636924 172262 72.7273
636924 659144 77.2727
636924 625196 65
636924 680519 61.9048
636924 640331 88.8889
636924 125718 76.1905
636924 5729 60.4651
636924 628815 69.7674
636924 145081 71.1111
636924 634304 68.0851
636924 643044 71.4286
636924 625381 69.3878
636924 380271 60.4651
636924 646204 85.1064
636924 114022 63.1579
636924 624005 81.8182
636924 12148 78.2609
636924 682328 65.6716
636924 32363 82.9268
636924 55619 66.6667
636924 10549 71.1111
636924 42080 66.6667
636924 624004 81.8182
636924 612765 82.6087
636924 617378 69.5652
636924 646439 63.4921
636924 328442 63.4146
636924 646222 62.2222
636924 625648 60.3175
636924 28142 78.0488
636924 66597 73.913
636924 617370 86.9565
636924 666439 86.9565
636924 647372 83.7209
636924 646989 63.4921
636924 691614 61.9048
636924 215132 83.7209
636924 38241 62.2222
636924 163661 65.4545
636924 700601 72.7273
636924 294109 60.4651
636924 603719 66.6667
636924 619101 80.8511
636924 660420 63.1579
636924 20579 68.1818
636924 608712 77.2727
636924 639475 61.9718
636924 14023 68.4211
636924 650059 66.6667
636924 667951 61.5385
636924 602908 74.4186
636924 625462 80
636924 611545 60.8696
636924 657806 82.9268
636924 616256 80.9524
636924 24833 63.4146
636924 33610 76.5957
636924 681316 68.1818
636924 24711 60.4651
636924 656987 65.1163
636924 639840 62.5
636924 641997 72.3404
636924 194315 77.2727
636924 677514 71.4286
636924 677513 76.1905
636924 617395 63.6364
636924 638686 65.1163
636924 628867 72.7273
636924 56501 77.2727
636924 679579 63.6364
636924 664543 60.4651
636924 405968 80.8511
636924 124997 68.2927
636924 623635 78.2609
636924 621888 74.4186
636924 38468 68.1818
636924 656400 85.1064
636924 41356 60.4651
636924 623650 69.5652
636924 255115 77.2727
636924 698601 60.6061
636924 664977 60.4651
636924 625144 80
636924 646210 85.1064
636924 72286 76.5957
636924 677434 68.2927
636924 664284 66.6667
636924 56869 76.5957
636924 645038 61.9048
636924 256 69.5652
636924 677507 66.6667
636924 49210 75.5556
636924 646203 85.1064
636924 257830 84.4444
636924 645978 76.5957
636924 215138 83.7209
636924 626954 79.0698
636924 630690 63.1579
636924 632952 85.7143
636924 658464 66.6667
636924 635034 66.6667
636924 364093 68.1818
636924 76006 68.0851
636924 43871 79.0698
636924 649436 78.2609
636924 87081 86.3636
636924 127964 66.6667
636924 269613 63.6364
636924 633001 61.5385
636924 644325 85.7143
636924 638641 80
636924 646164 77.2727
636924 636941 100
636924 382814 69.7674
636924 7760 66.6667
636924 160497 72.7273
636924 644432 73.913
636924 601307 74.4186
636924 4140 76.5957
636924 677510 72.7273
636924 600388 80.9524
636924 241173 65
636924 625063 83.7209
636924 522408 72.7273
636924 625465 75.5556
636924 229 76.5957
636924 59679 68.1818
636924 656392 85.1064
636924 659234 69.5652
636924 140665 76.1905
636924 654113 80
636924 118993 78.9474
636924 341865 86.9565
636924 629267 65.5738
636924 120309 68.2927
636924 663946 62.2222
636924 623992 73.913
636924 628999 76.1905
636924 629009 71.1111
636924 640286 63.4921
636924 697943 71.1111
636924 658397 73.913
636924 643729 85.1064
636924 620248 65
636924 670183 84.4444
636924 36283 72.7273
636924 20122 71.1111
636924 6957 70
636924 650981 76.1905
636924 625471 83.7209
636924 645335 83.3333
636924 646436 63.4921
636924 627725 65.1163
636924 700123 60.8696
636924 220327 63.6364
636924 54855 76.5957
636924 633868 65.1163
636924 625412 76.5957
636924 622636 80
636924 294110 65.1163
636924 667952 61.5385
636924 641165 72.3404
636924 624842 77.2727
636924 666530 71.4286
636924 30798 71.1111
636924 634135 66.6667
636924 37752 76.5957
636924 657562 66.6667
636924 633890 73.913
636924 42443 80.8511
636924 636921 90.9091
636924 83398 69.7674
636924 629374 60.8696
636924 142693 63.1579
636924 626923 62.5
636924 30131 66.6667
636924 66489 60.4651
636924 16634 72.7273
636924 658698 78.2609
636924 629718 63.4146
636924 404000 80
636924 656391 88.8889
636924 169105 81.8182
636924 617363 78.2609
636924 677555 76.1905
636924 637434 82.6087
636924 639682 80.8511
636924 660421 78.2609
636924 664853 61.9048
636924 102318 79.0698
636924 663921 60
636924 66070 76.5957
636924 309708 74.2857
636924 651217 73.913
636924 659122 65.2174
636924 59628 69.5652
636924 74380 75
636924 627383 80.8511
636924 670181 68.2927
636924 685117 63.6364
636924 670149 80.9524
636924 661128 76.5957
636924 81669 80
636924 67594 78.2609
636924 636993 76.5957
636924 54833 86.9565
636924 634306 68.0851
636924 158037 65.1163
636924 64013 71.4286
636924 97219 84.4444
636924 639772 68.9655
636924 54829 60.4651
636924 43026 73.913
636924 52350 86.9565
636924 186233 88.8889
636924 650064 61.5385
636924 645542 62.5
636924 116805 60.4651
636924 164774 65.1163
636924 646440 61.5385
636924 7636 80.9524
636924 102851 71.1111
636924 628265 79.0698
636924 25952 66.6667
636924 639681 80.8511
636924 55342 77.2727
636924 657817 72.7273
636924 647645 63.4921
636924 656390 85.1064
636924 633174 79.1667
636924 657811 80.8511
636924 634171 68.0851
636924 96461 79.0698
636924 400230 66.6667
636924 625795 76.5957
636924 9659 61.9048
636924 660640 66.6667
636924 625469 80
636924 668523 61.9048
636924 657840 76.5957
636924 625042 76.5957
636924 651220 73.913
636924 128160 79.0698
636924 43870 79.0698
636924 180 66.6667
636924 690415 77.2727
636924 633011 75.4717
636924 382815 66.6667
636924 656386 80
636924 116539 65.1163
636924 646645 63.8298
636924 634714 76.5957
636924 116523 62.2222
636924 646707 80.8511
636924 635960 81.8182
636924 369774 75.5556
636924 609067 69.0909
636924 1986 60.4651
636924 694105 75.5556
636924 677512 80
636924 627435 63.1579
636924 116363 66.6667
636924 47695 81.8182
636924 650609 60.8696
636924 291305 81.8182
636924 691610 65
636924 636784 78.2609
636924 647068 80.8511
636924 677920 63.4146
636924 12463 66.6667
636924 309699 65.1163
636924 209084 69.7674
636924 631315 79.0698
636924 164614 66.6667
636924 659342 76.5957
636924 695625 70.3704
636924 680715 66.6667
636924 646165 82.6087
636924 108408 64.5161
636924 642896 71.4286
636924 627368 62.2222
636924 658533 63.8298
636924 666665 62.2222
636924 656387 76.5957
636924 638640 72.7273
636924 73166 82.9268
636924 617316 60
636924 672018 68.1818
636924 8512 63.6364
636924 636935 86.9565
636924 111920 65.1163
636924 67476 68.1818
636924 53183 85.1064
636924 31976 79.0698
636924 649428 86.9565
636924 404827 70
636924 679825 68.9655
636924 654114 80
636924 670182 65.1163
636924 72288 76.5957
636924 342024 61.5385
636924 665553 80
636924 68955 61.9048
636924 617409 71.1111
636924 631128 76.5957
636924 636943 86.9565
636924 34632 69.5652
636924 631648 82.6087
636924 671292 61.5385
636924 650783 75.5556
636924 45164 77.2727
636924 8774 80
636924 646001 78.2609
636924 697384 79.0698
636924 691995 63.4921
636924 625487 67.6923
636924 689210 78.2609
636924 60734 66.6667
636924 627226 85.7143
636924 657803 80
636924 629474 69.7674
636924 43798 86.9565
636924 634293 66.6667
636924 631630 86.9565
636924 139785 65.1163
636924 63862 66.6667
636924 670179 68.2927
636924 63055 71.4286
636924 672441 65.1163
636924 20985 90
636924 650616 62.2222
636924 633879 71.1111
636924 601362 72.3404
636924 50848 62.5
636924 666432 73.913
636924 663915 69.5652
636924 364202 65.1163
636924 627436 76.1905
636924 73248 76.5957
636924 628244 75
636924 677516 81.8182
636924 29851 65.1163
636924 278461 66.6667
636924 624163 71.1111
636924 690393 60
636924 668362 65
636924 663585 73.913
636924 623832 66.6667
636924 624231 67.7966
636924 609818 72.3404
636924 657836 80
636924 651218 73.913
636924 650610 63.6364
636924 657805 82.9268
636924 326397 66.6667
636924 627708 65.5738
636924 15130 60.4651
636924 616811 62.2222
636924 634470 60.8696
636924 647646 63.4921
636924 625483 67.6923
636924 666386 62.5
636924 672960 85.7143
636924 640890 72
636924 628996 76.5957
636924 624162 68.0851
636924 670148 75.5556
636924 84552 63.6364
636924 651324 69.5652
636924 664941 60.6061
636924 311941 71.4286
636924 625186 63.8298
636924 39362 80.8511
636924 122640 68.1818
636924 661471 60.8696
636924 683892 66.6667
636924 83653 86.9565
636924 625464 83.7209
636924 174620 78.0488
636924 131312 64.8649
636924 295156 70
636924 638129 85.1064
636924 622644 60.8696
636924 656393 85.1064
636924 676949 67.6923
636924 641530 61.5385
636924 71320 69.7674
636924 63911 88.8889
636924 58895 68.1818
636924 26154 66.6667
636924 649441 65.2174
636924 59727 61.5385
636924 66479 73.6842
636924 640902 78.4314
636924 638174 86.9565
636924 663936 78.2609
636924 677545 65
636924 636946 86.9565
636924 630076 79.1667
636924 693424 60
636924 71439 65.2174
636924 405084 85.1064
636924 663576 86.9565
636924 645098 64.5161
636924 638851 61.9048
636924 628102 80.8511
636924 680482 69.7674
636924 666436 73.913
636924 609819 68.2927
636924 625064 80
636924 628495 69.0909
636924 667470 81.8182
636924 86939 61.9048
636924 18894 61.1111
636924 41554 76.5957
636924 691259 70.9677
636924 662782 75
636924 18255 78.9474
636924 636661 60.6061
636924 700591 68.75
636924 86080 80
636924 624006 81.8182
636924 636118 76.5957
636924 634163 65.1163
636924 627222 65.1163
636924 34551 65.2174
636924 639683 76.5957
636924 649096 66.6667
636924 642604 65.2174
636924 105373 76.1905
636924 694315 74.4186
636924 1026 70
636924 646232 80
636924 10121 80
636924 4867 68.0851
636924 58104 66.6667
636924 667276 77.2727
636924 636942 86.9565
636924 625468 76.5957
636924 630262 76.5957
636924 646166 68.2927
636924 625482 61.5385
636924 521887 71.4286
636924 648928 65.1163
636924 666115 62.5
636924 644932 68.1818
636924 55876 75.5556
636924 611783 63.8298
636924 674195 72.7273
636924 647355 63.8298
636924 648929 62.2222
636924 638581 66.6667
636924 635820 65.2174
636924 348706 68.1818
636924 202930 70
636924 3124 70
636924 62009 69.5652
636924 636929 90.9091
636924 4771 66.6667
636924 295435 60.4651
636924 19984 93.0233
636924 603977 60.4651
636924 616278 65.1163
636924 624051 75
636924 27116 87.1795
636924 79016 71.1111
636924 617633 68.1818
636924 2775 72.7273
636924 646159 77.2727
636924 609820 68.2927
636924 295302 62.5
636924 631808 60.4651
636924 619147 63.8298
636924 636326 79.0698
636924 672019 68.1818
636924 657843 76.5957
636924 331770 72.7273
636924 639767 71.4286
636924 646207 80
636924 66688 63.6364
636924 667950 63.4921
636924 285113 85.7143
636924 634581 80.8511
636924 649097 76.5957
636924 680494 80
636924 13009 63.6364
636924 157913 65
636924 147110 82.6087
636924 636947 86.9565
636924 609248 72.7273
636924 87254 69.7674
636924 649427 86.9565
636924 615011 88.8889
636924 638636 60
636924 625239 69.5652
636924 627367 62.2222
636924 615299 69.5652
636924 677917 61.9048
636924 291534 75.5556
636924 56357 72
636924 624003 78.2609
636924 327445 68.2927
636924 58030 66.6667
636924 66069 85.1064
636924 632913 65.2174
636924 644871 73.913
636924 79707 73.1707
636924 649424 86.9565
636924 663914 72.7273
636924 56470 71.1111
636924 632386 72.3404
636924 627370 65.1163
636924 75707 72.3404
636924 25397 80
636924 41355 60.4651
636924 649044 73.913
636924 663947 62.2222
636924 25413 63.8298
636924 636086 73.913
636924 665282 62.2222
636924 633810 62.5
636924 131090 80
636924 646438 63.4921
636924 617628 86.9565
636924 617406 82.6087
636924 628979 69.5652
636924 663935 66.6667
636924 634241 65.1163
636924 404698 66.6667
0 8
1 0
2 0
3 0
4 0
5 10
6 9
7 9
8 1
9 0
10 1
11 1
12 2
13 1
14 3
15 4
16 1
17 4
18 7
19 5
20 8
21 8
22 17
23 6
24 10
25 13
26 13
27 10
28 35
29 36
30 32
31 20
32 22
33 20
34 20
35 27
36 40
37 28
38 29
39 21
40 70
41 21
42 20
43 38
44 41
45 40
46 27
47 38
48 38
49 36
50 38
51 4
52 52
53 33
54 42
55 49
56 29
57 22
58 52
59 14
60 39
61 39
62 29
63 26
64 48
65 13
66 41
67 44
68 4
69 41
70 35
71 4
72 27
73 28
74 24
75 15
76 12
77 44
78 13
79 25
80 48
81 19
82 13
83 16
84 7
85 4
86 21
87 26
88 1
89 6
90 1
91 5
92 0
93 0
94 1
95 0
96 0
97 0
98 0
99 0
100 0
101 1
22
21386
