58
684041 658782 71.7949
684041 677504 66.6667
684041 19671 80
684041 409127 71.4286
684041 119877 71.4286
684041 667941 85.7143
684041 149987 71.4286
684041 658779 70
684041 101655 68.2927
684041 658498 76.9231
684041 672019 71.4286
684041 528168 66.6667
684041 629118 66.6667
684041 60892 73.6842
684041 78998 66.6667
684041 690586 79.0698
684041 255115 66.6667
684041 99871 68.4211
684041 675585 78.0488
684041 677503 66.6667
684041 344521 69.7674
684041 624856 77.7778
684041 677500 71.4286
684041 297577 79.0698
684041 609816 66.6667
684041 342008 73.1707
684041 263770 75
684041 266126 75
684041 326651 83.7209
684041 629424 66.6667
684041 699206 71.4286
684041 658533 71.1111
684041 292603 66.6667
684041 19055 68.4211
684041 56285 70
684041 100141 71.7949
684041 4935 66.6667
684041 83516 66.6667
684041 639840 78.2609
684041 674329 68.4211
684041 620753 70.5882
684041 674552 78.0488
684041 675215 68.2927
684041 622695 75.6757
684041 839 66.6667
684041 43285 80
684041 622694 76.9231
684041 687618 73.1707
684041 43634 66.6667
684041 18621 88.3721
684041 66688 71.4286
684041 344522 69.7674
684041 690691 66.6667
684041 675279 74.4186
684041 51143 81.0811
684041 683722 72.2222
684041 42030 73.6842
684041 193514 77.7778
0 3
1 0
2 0
3 0
4 0
5 0
6 0
7 0
8 0
9 2
10 0
11 0
12 3
13 2
14 1
15 0
16 3
17 2
18 1
19 6
20 3
21 1
22 1
23 3
24 3
25 3
26 3
27 11
28 11
29 5
30 5
31 5
32 12
33 10
34 5
35 8
36 4
37 4
38 4
39 5
40 9
41 3
42 9
43 9
44 8
45 13
46 10
47 12
48 6
49 12
50 9
51 1
52 10
53 13
54 9
55 11
56 8
57 3
58 4
59 6
60 8
61 3
62 9
63 3
64 9
65 8
66 5
67 14
68 0
69 5
70 4
71 1
72 10
73 1
74 4
75 3
76 1
77 2
78 2
79 3
80 4
81 0
82 1
83 0
84 1
85 0
86 1
87 0
88 0
89 1
90 0
91 0
92 0
93 0
94 0
95 0
96 0
97 0
98 0
99 0
100 0
101 0
4
812
