87
602889 167881 66.6667
602889 141014 73.6842
602889 692011 72.7273
602889 345650 77.2727
602889 625239 66.6667
602889 97327 74.4186
602889 643484 73.1707
602889 98696 69.7674
602889 762 66.6667
602889 658774 72.7273
602889 605469 85.7143
602889 73819 73.1707
602889 8145 66.6667
602889 635951 69.7674
602889 77845 66.6667
602889 684041 73.1707
602889 651590 76.9231
602889 677504 79.0698
602889 694951 68.2927
602889 679078 78.0488
602889 667849 69.7674
602889 667941 79.0698
602889 149987 79.0698
602889 62009 71.1111
602889 101655 85.7143
602889 658498 75
602889 629118 78.2609
602889 656987 71.4286
602889 690586 81.8182
602889 264039 72.7273
602889 643475 73.6842
602889 694315 66.6667
602889 681072 78.0488
602889 647334 66.6667
602889 99871 76.9231
602889 675585 76.1905
602889 677503 79.0698
602889 344521 81.8182
602889 306735 73.1707
602889 115006 66.6667
602889 677500 69.7674
602889 339497 68.4211
602889 643470 77.2727
602889 297577 72.7273
602889 685303 69.7674
602889 684032 66.6667
602889 629374 66.6667
602889 263770 92.6829
602889 266126 92.6829
602889 326651 72.7273
602889 629424 73.913
602889 60734 72.7273
602889 19055 82.0513
602889 56285 82.9268
602889 663935 73.1707
602889 4935 78.2609
602889 682813 78.9474
602889 83516 79.0698
602889 680466 78.0488
602889 639840 68.0851
602889 60549 81.8182
602889 674329 82.0513
602889 643487 77.2727
602889 623832 68.1818
602889 142693 70.2703
602889 674552 71.4286
602889 675215 80.9524
602889 622695 68.4211
602889 839 75
602889 622694 70
602889 18621 72.7273
602889 38248 75
602889 66688 79.0698
602889 60530 72.7273
602889 20121 68.1818
602889 60188 74.2857
602889 98431 70
602889 679449 71.4286
602889 344522 81.8182
602889 690691 70.2703
602889 102623 76.1905
602889 405554 68.1818
602889 675279 68.1818
602889 51143 89.4737
602889 644333 68.1818
602889 371717 76.1905
602889 193514 81.0811
0 0
1 0
2 0
3 0
4 0
5 0
6 0
7 0
8 2
9 1
10 0
11 0
12 2
13 0
14 0
15 2
16 1
17 2
18 1
19 3
20 2
21 5
22 5
23 2
24 10
25 3
26 3
27 1
28 5
29 3
30 3
31 1
32 4
33 4
34 5
35 12
36 10
37 12
38 6
39 9
40 24
41 8
42 5
43 6
44 11
45 13
46 6
47 6
48 14
49 11
50 12
51 1
52 10
53 11
54 17
55 14
56 11
57 5
58 9
59 8
60 12
61 10
62 15
63 4
64 6
65 6
66 11
67 10
68 0
69 9
70 7
71 2
72 4
73 8
74 8
75 5
76 0
77 5
78 3
79 6
80 6
81 1
82 5
83 3
84 0
85 0
86 2
87 0
88 0
89 0
90 1
91 0
92 0
93 2
94 0
95 0
96 0
97 0
98 0
99 0
100 0
101 0
5
1168
