126
133683 36921 75
133683 603719 73.913
133683 625421 73.913
133683 670091 71.4286
133683 164614 74.4186
133683 684074 78.2609
133683 602889 72.7273
133683 651739 66.6667
133683 686466 69.7674
133683 167881 72.7273
133683 60548 66.6667
133683 692011 69.5652
133683 345650 86.9565
133683 626945 68.1818
133683 608710 66.6667
133683 613239 69.5652
133683 97327 71.1111
133683 623648 68.2927
133683 643484 69.7674
133683 98696 71.1111
133683 658774 73.913
133683 19911 71.1111
133683 605469 72.7273
133683 635968 69.7674
133683 73819 83.7209
133683 626946 70
133683 635951 66.6667
133683 38255 75
133683 38468 71.1111
133683 651590 73.1707
133683 691259 66.6667
133683 677504 75.5556
133683 694951 83.7209
133683 119877 80
133683 328820 71.7949
133683 667849 66.6667
133683 676712 69.7674
133683 371727 75.5556
133683 667941 66.6667
133683 617409 73.913
133683 149987 75.5556
133683 62009 72.3404
133683 101655 86.3636
133683 658498 66.6667
133683 664853 79.0698
133683 609820 66.6667
133683 629118 83.3333
133683 278461 69.5652
133683 620248 68.2927
133683 635034 72.4138
133683 57598 78.0488
133683 690586 73.913
133683 264039 69.5652
133683 643475 70
133683 696224 66.6667
133683 57548 72.3404
133683 681072 74.4186
133683 30152 68.2927
133683 209084 68.1818
133683 647334 68.4211
133683 99871 73.1707
133683 677503 75.5556
133683 344521 69.5652
133683 306735 83.7209
133683 668362 73.1707
133683 677500 80
133683 339497 80
133683 643470 78.2609
133683 297577 69.5652
133683 644871 72.3404
133683 685303 84.4444
133683 56450 68.0851
133683 695218 71.1111
133683 677917 69.7674
133683 649690 74.4186
133683 102851 73.913
133683 698558 72.7273
133683 263770 74.4186
133683 266126 74.4186
133683 629424 79.1667
133683 631634 66.6667
133683 699206 71.1111
133683 19055 68.2927
133683 56285 74.4186
133683 657818 66.6667
133683 5553 69.7674
133683 650211 66.6667
133683 4935 75
133683 56869 66.6667
133683 83516 75.5556
133683 680466 69.7674
133683 663951 73.913
133683 639840 69.3878
133683 60549 78.2609
133683 5220 73.913
133683 627080 68.0851
133683 294868 71.1111
133683 624987 71.1111
133683 643487 82.6087
133683 620753 77.7778
133683 623832 69.5652
133683 71439 72.3404
133683 634306 70.8333
133683 142693 71.7949
133683 675215 72.7273
133683 839 71.4286
133683 43634 66.6667
133683 625109 69.5652
133683 163661 67.8571
133683 683369 82.9268
133683 38248 80.9524
133683 639709 71.1111
133683 66688 75.5556
133683 20121 69.5652
133683 60188 70.2703
133683 98431 66.6667
133683 344522 82.6087
133683 3427 72.3404
133683 690691 76.9231
133683 102623 77.2727
133683 405554 73.913
133683 51143 75
133683 645089 69.5652
133683 644333 78.2609
133683 371717 68.1818
133683 193514 71.7949
0 2
1 0
2 0
3 0
4 0
5 0
6 0
7 0
8 0
9 0
10 0
11 0
12 0
13 1
14 0
15 2
16 2
17 3
18 1
19 2
20 1
21 1
22 4
23 5
24 6
25 2
26 2
27 3
28 5
29 2
30 3
31 3
32 0
33 4
34 5
35 8
36 2
37 3
38 6
39 7
40 5
41 0
42 9
43 11
44 13
45 9
46 15
47 5
48 14
49 8
50 5
51 1
52 14
53 13
54 12
55 16
56 17
57 7
58 22
59 5
60 28
61 16
62 14
63 14
64 15
65 2
66 16
67 16
68 1
69 10
70 20
71 2
72 14
73 11
74 12
75 10
76 6
77 1
78 2
79 5
80 5
81 1
82 0
83 3
84 4
85 1
86 0
87 2
88 0
89 0
90 0
91 0
92 0
93 0
94 0
95 0
96 0
97 0
98 0
99 0
100 0
101 0
5
1417
