30
4851 220327 68.5714
4851 122231 80
4851 22947 86.6667
4851 667063 75
4851 193502 74.2857
4851 3767 76.4706
4851 637821 81.25
4851 77071 92.8571
4851 8960 76.4706
4851 64884 86.6667
4851 46798 80
4851 29227 81.4815
4851 40252 80
4851 66415 89.6552
4851 83558 76.4706
4851 71873 86.6667
4851 187538 76.4706
4851 528168 68.75
4851 174612 70.5882
4851 10014 86.6667
4851 2738 72.2222
4851 32428 84.6154
4851 664911 77.4194
4851 60698 70.9677
4851 401544 84.6154
4851 62660 66.6667
4851 667524 72.7273
4851 1898 84.6154
4851 26249 92.8571
4851 51697 76.4706
0 6
1 0
2 0
3 0
4 0
5 0
6 0
7 0
8 2
9 1
10 2
11 1
12 1
13 4
14 4
15 2
16 7
17 3
18 9
19 5
20 13
21 1
22 7
23 11
24 6
25 13
26 0
27 10
28 16
29 8
30 14
31 8
32 17
33 17
34 26
35 19
36 16
37 18
38 18
39 28
40 14
41 1
42 13
43 28
44 17
45 19
46 21
47 4
48 14
49 11
50 12
51 0
52 10
53 3
54 4
55 3
56 4
57 2
58 7
59 3
60 4
61 0
62 0
63 2
64 0
65 3
66 0
67 1
68 0
69 2
70 0
71 2
72 0
73 2
74 0
75 2
76 0
77 5
78 1
79 0
80 3
81 0
82 2
83 0
84 0
85 3
86 0
87 4
88 0
89 0
90 1
91 0
92 0
93 2
94 0
95 0
96 0
97 0
98 0
99 0
100 0
101 0
5
1559
