0
0 0
1 0
2 0
3 0
4 0
5 0
6 0
7 0
8 0
9 0
10 0
11 0
12 1
13 0
14 0
15 0
16 0
17 1
18 1
19 3
20 4
21 2
22 1
23 2
24 2
25 4
26 8
27 3
28 10
29 10
30 14
31 5
32 11
33 11
34 11
35 19
36 16
37 12
38 7
39 9
40 20
41 17
42 16
43 14
44 14
45 22
46 14
47 18
48 20
49 23
50 20
51 18
52 15
53 21
54 19
55 14
56 12
57 15
58 9
59 13
60 4
61 3
62 9
63 8
64 9
65 3
66 7
67 1
68 4
69 3
70 3
71 3
72 1
73 3
74 1
75 2
76 1
77 1
78 0
79 0
80 2
81 0
82 0
83 0
84 0
85 0
86 0
87 0
88 0
89 0
90 0
91 0
92 0
93 0
94 0
95 0
96 0
97 0
98 0
99 0
100 0
101 0
4
1277
