24
9076 72272 66.6667
9076 378242 80
9076 677545 73.6842
9076 3609 78.9474
9076 116306 71.7949
9076 650786 72.7273
9076 1088 76.9231
9076 656084 66.6667
9076 658782 66.6667
9076 698126 77.7778
9076 69607 66.6667
9076 645924 71.7949
9076 342008 73.1707
9076 158037 73.1707
9076 658533 71.1111
9076 650634 78.0488
9076 624162 75.5556
9076 655039 77.7778
9076 650641 79.0698
9076 60698 68.4211
9076 290504 70.5882
9076 687618 73.1707
9076 670179 66.6667
9076 670180 66.6667
0 9
1 0
2 0
3 0
4 0
5 1
6 2
7 1
8 0
9 0
10 1
11 2
12 5
13 3
14 1
15 2
16 3
17 4
18 2
19 4
20 7
21 4
22 9
23 12
24 10
25 8
26 10
27 5
28 8
29 10
30 9
31 10
32 3
33 13
34 9
35 16
36 4
37 9
38 11
39 8
40 15
41 3
42 24
43 15
44 14
45 31
46 37
47 48
48 23
49 21
50 27
51 0
52 12
53 14
54 4
55 5
56 4
57 5
58 8
59 2
60 7
61 4
62 4
63 1
64 7
65 2
66 1
67 6
68 0
69 1
70 0
71 1
72 3
73 1
74 4
75 0
76 1
77 1
78 2
79 2
80 2
81 0
82 0
83 0
84 0
85 0
86 0
87 0
88 0
89 0
90 0
91 0
92 0
93 0
94 0
95 0
96 0
97 0
98 0
99 0
100 0
101 0
6
1777
