78
646439 628495 81.0811
646439 649441 73.8462
646439 58030 71.6418
646439 648400 67.3684
646439 405968 66.6667
646439 647644 84.0909
646439 625648 78.0488
646439 695625 71.2329
646439 633174 71.6418
646439 661128 66.6667
646439 15193 67.7419
646439 661055 67.2727
646439 663936 70.7692
646439 617629 71.875
646439 625421 68.75
646439 98436 69.8413
646439 651739 72.7273
646439 626945 67.7419
646439 693097 79.0698
646439 613239 71.875
646439 284701 68.75
646439 651330 70.7692
646439 657812 69.697
646439 662426 71.6981
646439 38255 72.7273
646439 667849 69.8413
646439 650609 70.7692
646439 371727 69.8413
646439 617409 68.75
646439 56148 68.75
646439 647068 72.7273
646439 625446 67.7419
646439 278461 68.75
646439 651324 70.7692
646439 634171 72.7273
646439 618121 67.3913
646439 635034 78.9474
646439 57548 70.7692
646439 644432 67.6923
646439 380292 69.5652
646439 617398 73.8462
646439 623700 69.697
646439 666432 67.6923
646439 695218 66.6667
646439 637646 90
646439 102851 71.875
646439 43870 67.7419
646439 629424 66.6667
646439 699339 77.2727
646439 638641 71.875
646439 679825 70.1299
646439 650058 68.8889
646439 640902 68.5714
646439 41355 67.7419
646439 650211 72.7273
646439 56138 68.75
646439 638534 69.6629
646439 646441 75
646439 656400 66.6667
646439 294868 66.6667
646439 662427 67.8571
646439 624987 69.8413
646439 620753 69.4444
646439 623832 71.875
646439 634306 75.7576
646439 646438 100
646439 648344 68.0851
646439 641660 67.4419
646439 625109 71.875
646439 163661 83.7838
646439 118151 73.8462
646439 639709 66.6667
646439 660371 67.2727
646439 649424 67.6923
646439 682699 68.5185
646439 644333 68.75
646439 664208 70.3704
646439 646443 79.5455
0 0
1 0
2 0
3 0
4 0
5 2
6 0
7 0
8 1
9 1
10 1
11 0
12 3
13 1
14 0
15 2
16 0
17 0
18 1
19 1
20 2
21 1
22 0
23 4
24 1
25 1
26 0
27 5
28 1
29 1
30 8
31 3
32 7
33 9
34 3
35 4
36 13
37 8
38 12
39 3
40 7
41 12
42 23
43 14
44 7
45 12
46 11
47 13
48 9
49 7
50 31
51 6
52 16
53 7
54 26
55 9
56 14
57 16
58 20
59 23
60 28
61 19
62 23
63 17
64 12
65 12
66 15
67 7
68 14
69 11
70 9
71 7
72 10
73 5
74 3
75 1
76 1
77 0
78 1
79 2
80 2
81 0
82 1
83 0
84 1
85 1
86 0
87 0
88 0
89 0
90 1
91 0
92 0
93 0
94 0
95 0
96 0
97 0
98 0
99 0
100 0
101 1
7
1838
