0
0 0
1 0
2 0
3 0
4 0
5 0
6 0
7 0
8 0
9 0
10 0
11 0
12 0
13 0
14 0
15 0
16 0
17 0
18 0
19 0
20 0
21 0
22 0
23 0
24 0
25 0
26 1
27 0
28 1
29 0
30 0
31 0
32 0
33 0
34 0
35 0
36 1
37 1
38 0
39 0
40 1
41 1
42 1
43 3
44 3
45 2
46 4
47 3
48 2
49 2
50 3
51 1
52 4
53 3
54 11
55 11
56 4
57 8
58 13
59 15
60 20
61 8
62 9
63 13
64 16
65 28
66 24
67 24
68 29
69 15
70 34
71 24
72 37
73 33
74 28
75 32
76 18
77 27
78 33
79 22
80 44
81 11
82 9
83 9
84 13
85 7
86 0
87 2
88 1
89 2
90 0
91 1
92 0
93 0
94 0
95 0
96 0
97 0
98 0
99 0
100 0
101 0
6
1832
