74
632493 643703 65.0407
632493 651686 88.6364
632493 638352 90.625
632493 661755 67.4242
632493 668537 82.5503
632493 700286 68.9076
632493 656199 86.0294
632493 700285 68.9076
632493 78738 82.2034
632493 645115 61.6822
632493 63689 62.8571
632493 657782 62.6087
632493 700282 69.4915
632493 662162 69.1275
632493 670886 74.4048
632493 7231 82.5532
632493 651018 66.6667
632493 673654 83.8235
632493 651015 86.6242
632493 5015 84.5188
632493 662283 86.4286
632493 641039 73.5931
632493 698554 72.973
632493 9617 92.0152
632493 662831 67.5926
632493 34934 83.6653
632493 699349 60
632493 660373 63.1579
632493 47764 87.9377
632493 632484 92.1875
632493 647976 90.2724
632493 58056 87.0229
632493 654265 64.5161
632493 78748 82.6255
632493 626496 70.7424
632493 65856 79.2157
632493 642654 90.625
632493 665356 66.9725
632493 58058 85.8209
632493 662427 61.244
632493 670887 62.5
632493 673653 85.0746
632493 697671 70.9402
632493 668535 83.2215
632493 631567 92.4242
632493 636589 66.4286
632493 79589 72.7273
632493 700288 68.9076
632493 700357 64
632493 665535 61.0329
632493 699497 67.3267
632493 680411 70.2041
632493 648540 73.913
632493 622229 93.0769
632493 34929 84.5188
632493 673317 85.7143
632493 632485 92.3077
632493 663417 65.4709
632493 47770 84.4444
632493 664893 73.7255
632493 78743 81.1024
632493 78741 81.6
632493 638583 78.9916
632493 634555 63.3205
632493 638365 83.3333
632493 680416 69.7095
632493 642655 93.0233
632493 664892 74.9004
632493 701201 61.7512
632493 65849 93.4363
632493 647977 90.1961
632493 34931 91.7647
632493 700290 69.1667
632493 645793 81.8792
0 3
1 0
2 0
3 1
4 1
5 1
6 0
7 0
8 1
9 1
10 1
11 5
12 7
13 1
14 2
15 9
16 17
17 4
18 14
19 16
20 31
21 35
22 42
23 38
24 48
25 54
26 39
27 54
28 65
29 52
30 25
31 14
32 4
33 0
34 2
35 1
36 3
37 3
38 1
39 0
40 2
41 3
42 6
43 3
44 11
45 8
46 9
47 0
48 3
49 3
50 1
51 1
52 2
53 6
54 6
55 2
56 0
57 3
58 5
59 2
60 2
61 0
62 4
63 3
64 3
65 1
66 2
67 3
68 3
69 3
70 4
71 3
72 0
73 2
74 3
75 2
76 0
77 0
78 0
79 1
80 1
81 0
82 3
83 4
84 4
85 3
86 3
87 3
88 2
89 1
90 0
91 4
92 1
93 4
94 3
95 0
96 0
97 0
98 0
99 0
100 0
101 0
19
3089
