114
664737 701777 94.7368
664737 643703 66.6667
664737 675186 74.5098
664737 659342 60.9756
664737 661755 62.2951
664737 108408 65.9794
664737 647643 61.5385
664737 697445 87.5
664737 700286 72.6115
664737 656387 60.9756
664737 699340 83.4783
664737 700285 72.6115
664737 78738 65.8065
664737 679825 66.6667
664737 645115 84.2105
664737 63689 74.4186
664737 661123 100
664737 659015 64.1509
664737 631128 60.9756
664737 661186 79.2453
664737 650061 74.7664
664737 700282 73.5484
664737 691995 65.3061
664737 637493 76.9231
664737 9168 91.2
664737 671055 78.125
664737 7231 64.9351
664737 651018 71.1111
664737 670365 100
664737 648400 73.8739
664737 50848 64.6465
664737 5015 62.0253
664737 676419 84.9057
664737 628244 62.6506
664737 641039 76
664737 647644 61.5385
664737 698554 72.3404
664737 687813 60.1942
664737 9617 60.4396
664737 662831 82.963
664737 657733 81.25
664737 665357 83.871
664737 34934 64.7059
664737 70804 80.6452
664737 699349 84.0336
664737 660373 82.8125
664737 47764 61.3636
664737 627708 62.5
664737 647019 62.7451
664737 662830 86.6667
664737 647646 61.2245
664737 682699 79.0323
664737 640890 65.8824
664737 628996 60.9756
664737 648352 74.7664
664737 654265 65.8683
664737 78748 61.7978
664737 664941 65.3465
664737 694557 70.3704
664737 626496 77.027
664737 685583 75
664737 637646 62.5
664737 645124 74.5098
664737 665356 83.2117
664737 641530 60
664737 662427 84.375
664737 673653 60.9626
664737 641654 76.9231
664737 697671 74.5098
664737 623310 96.5517
664737 645098 68.0412
664737 681170 64.8649
664737 631567 60.1093
664737 668859 65.3846
664737 79589 70.6667
664737 614939 72.381
664737 700288 72.6115
664737 700357 65.0888
664737 636118 60.9756
664737 665535 86.3636
664737 318534 73.1343
664737 625468 60.9756
664737 680411 69.5122
664737 666115 62.6263
664737 694755 87.037
664737 34929 64.557
664737 673317 64.3275
664737 684694 75.3846
664737 663417 80.2817
664737 664893 64.3678
664737 78743 61.2717
664737 78741 60.355
664737 638583 72.6115
664737 641626 83.6364
664737 634555 61.7978
664737 638365 64.1509
664737 680416 71.25
664737 624575 83.0189
664737 668856 62.7451
664737 664892 65.8824
664737 701201 83.8235
664737 56357 65.8824
664737 58030 62.6506
664737 639779 75
664737 681679 81.5534
664737 697598 81.4815
664737 682700 80.916
664737 638521 71.1538
664737 646438 61.2245
664737 659301 60.9756
664737 615985 75
664737 700290 71.6981
664737 649971 97.4359
664737 64057 62.2642
0 7
1 0
2 0
3 1
4 0
5 0
6 6
7 1
8 3
9 4
10 1
11 5
12 5
13 3
14 2
15 6
16 14
17 10
18 14
19 12
20 12
21 10
22 13
23 15
24 13
25 13
26 10
27 4
28 27
29 10
30 13
31 19
32 11
33 27
34 12
35 15
36 14
37 16
38 15
39 7
40 23
41 7
42 20
43 12
44 20
45 20
46 8
47 18
48 11
49 11
50 24
51 4
52 11
53 4
54 13
55 7
56 7
57 4
58 23
59 12
60 16
61 12
62 8
63 10
64 0
65 9
66 10
67 2
68 0
69 1
70 1
71 2
72 4
73 6
74 3
75 9
76 2
77 2
78 1
79 1
80 2
81 3
82 3
83 2
84 6
85 4
86 0
87 2
88 2
89 0
90 0
91 0
92 1
93 0
94 0
95 1
96 0
97 1
98 1
99 0
100 0
101 2
10
3190
