239
48911 672208 68.4211
48911 602880 75
48911 688887 72.2222
48911 364202 86.4865
48911 612765 75
48911 623636 68.4211
48911 637189 68.4211
48911 650741 70.5882
48911 382319 77.7778
48911 634470 70
48911 409962 66.6667
48911 664001 88.2353
48911 680857 70.5882
48911 669986 72.2222
48911 657841 72.7273
48911 625028 70.9677
48911 663589 71.7949
48911 657731 68.4211
48911 661465 68.4211
48911 26245 74.2857
48911 639710 70
48911 161621 70.2703
48911 74517 68.75
48911 683892 71.7949
48911 645335 66.6667
48911 66479 68.75
48911 689418 66.6667
48911 627073 81.0811
48911 664977 75.6757
48911 657815 74.2857
48911 611545 75
48911 663921 70.5882
48911 616278 70.2703
48911 638603 78.7879
48911 4926 70.5882
48911 92220 70.9677
48911 625027 74.2857
48911 634303 78.0488
48911 382814 81.0811
48911 634616 74.2857
48911 627074 81.0811
48911 64013 77.7778
48911 25952 66.6667
48911 30798 66.6667
48911 38231 73.6842
48911 693427 66.6667
48911 657833 78.7879
48911 630690 75
48911 79447 68.4211
48911 693424 70.5882
48911 634193 75.6757
48911 659975 71.7949
48911 122751 75.6757
48911 40553 68.4211
48911 651218 70
48911 624386 68.2927
48911 4771 72.2222
48911 71320 75.6757
48911 116363 76.9231
48911 657843 78.0488
48911 58895 78.9474
48911 30723 77.7778
48911 102624 70.2703
48911 1168 74.2857
48911 649441 80
48911 644273 76.4706
48911 10549 66.6667
48911 161622 70.2703
48911 512913 68.4211
48911 42080 66.6667
48911 643489 78.7879
48911 16634 68.4211
48911 665282 66.6667
48911 169105 73.6842
48911 677276 68.4211
48911 43395 66.6667
48911 72272 68.4211
48911 659185 75.6757
48911 75518 74.2857
48911 12463 66.6667
48911 382815 76.9231
48911 63911 66.6667
48911 133683 71.7949
48911 633868 70.2703
48911 15193 70.2703
48911 27419 78.9474
48911 640645 75.6757
48911 603719 82.0513
48911 109825 76.4706
48911 174620 74.2857
48911 624961 71.7949
48911 617629 82.0513
48911 636095 80
48911 625421 76.9231
48911 98436 68.4211
48911 164614 66.6667
48911 227902 74.2857
48911 684074 71.7949
48911 651739 78.0488
48911 686466 72.2222
48911 622145 70
48911 60548 78.9474
48911 345650 82.0513
48911 626945 81.0811
48911 635811 66.6667
48911 608710 68.4211
48911 613239 76.9231
48911 623648 76.4706
48911 637821 68.5714
48911 646168 76.9231
48911 658774 66.6667
48911 19911 78.9474
48911 635968 83.3333
48911 73819 83.3333
48911 626946 90.9091
48911 646162 77.4194
48911 38255 73.1707
48911 666530 77.7778
48911 630915 73.6842
48911 309708 68.9655
48911 36283 68.4211
48911 650608 68.75
48911 38468 68.4211
48911 651590 70.5882
48911 648327 71.7949
48911 694951 77.7778
48911 641165 68.2927
48911 119877 78.9474
48911 328820 81.25
48911 667849 78.9474
48911 627066 81.0811
48911 676712 83.3333
48911 371727 78.9474
48911 617409 82.0513
48911 62009 70
48911 56148 71.7949
48911 623701 68.5714
48911 664853 83.3333
48911 609820 80
48911 660640 66.6667
48911 278461 82.0513
48911 620248 82.3529
48911 634171 68.2927
48911 57598 88.2353
48911 691613 77.7778
48911 696224 85.7143
48911 688343 72.2222
48911 7636 72.2222
48911 69607 68.4211
48911 57548 75
48911 632231 82.7586
48911 681072 77.7778
48911 30152 94.1176
48911 209084 75.6757
48911 125718 66.6667
48911 306735 66.6667
48911 668362 88.2353
48911 339497 90.9091
48911 643470 71.7949
48911 626947 84.8485
48911 297577 66.6667
48911 620336 84.8485
48911 666728 70.2703
48911 644871 70
48911 685303 84.2105
48911 1163 74.2857
48911 347504 77.7778
48911 695218 84.2105
48911 8774 66.6667
48911 677917 83.3333
48911 649690 83.3333
48911 609816 68.75
48911 102851 76.9231
48911 698558 81.0811
48911 43870 70.2703
48911 629424 73.1707
48911 641086 80
48911 631634 87.5
48911 638641 66.6667
48911 10014 66.6667
48911 699206 68.4211
48911 25397 66.6667
48911 56285 72.2222
48911 120309 68.5714
48911 33077 76.9231
48911 8120 66.6667
48911 642788 81.25
48911 5553 77.7778
48911 41355 81.0811
48911 663935 66.6667
48911 81756 78.7879
48911 650211 78.0488
48911 56138 66.6667
48911 56869 68.2927
48911 680466 66.6667
48911 45164 68.4211
48911 26154 84.8485
48911 663951 71.7949
48911 600388 66.6667
48911 667068 80
48911 5220 76.9231
48911 626865 76.4706
48911 294868 73.6842
48911 624987 78.9474
48911 643487 71.7949
48911 620753 68.0851
48911 623832 71.7949
48911 71439 70
48911 634306 78.0488
48911 629494 73.6842
48911 142693 81.25
48911 135284 70.5882
48911 600059 70.9677
48911 632227 84.8485
48911 675215 70.2703
48911 301197 70.2703
48911 680715 66.6667
48911 84552 73.6842
48911 43634 78.9474
48911 667524 72.2222
48911 625109 76.9231
48911 362133 77.4194
48911 631956 66.6667
48911 209913 71.4286
48911 683369 88.2353
48911 38248 80
48911 639709 68.4211
48911 66688 68.4211
48911 98431 80
48911 80747 74.2857
48911 131312 83.871
48911 689429 81.0811
48911 690691 68.75
48911 622636 66.6667
48911 102623 70.2703
48911 405554 71.7949
48911 645089 76.9231
48911 644333 82.0513
48911 193514 68.75
0 2
1 0
2 0
3 0
4 0
5 1
6 0
7 4
8 0
9 0
10 0
11 0
12 0
13 1
14 1
15 0
16 6
17 4
18 2
19 3
20 5
21 1
22 8
23 9
24 3
25 6
26 4
27 4
28 2
29 6
30 7
31 4
32 4
33 3
34 4
35 3
36 7
37 6
38 10
39 10
40 6
41 2
42 10
43 6
44 16
45 9
46 11
47 10
48 14
49 16
50 18
51 6
52 25
53 14
54 10
55 31
56 10
57 14
58 26
59 13
60 36
61 12
62 22
63 14
64 28
65 41
66 2
67 31
68 0
69 35
70 7
71 21
72 14
73 9
74 8
75 15
76 7
77 14
78 11
79 18
80 7
81 0
82 11
83 8
84 7
85 6
86 1
87 1
88 1
89 4
90 0
91 2
92 0
93 0
94 0
95 1
96 0
97 0
98 0
99 0
100 0
101 0
7
3378
