184
682811 42903 64.5161
682811 72089 61.5385
682811 686662 66.6667
682811 158910 66.6667
682811 686466 68.5714
682811 685298 62.8571
682811 691610 60.6061
682811 611347 66.6667
682811 625015 64.8649
682811 681072 68.5714
682811 647068 60
682811 164614 62.8571
682811 10479 60
682811 625421 63.1579
682811 683879 62.8571
682811 76699 64.2857
682811 667850 70.2703
682811 617316 60.6061
682811 643493 68.75
682811 401553 66.6667
682811 658980 64.8649
682811 38074 68.5714
682811 150501 62.5
682811 602890 62.8571
682811 84227 70.9677
682811 72288 60
682811 664911 60.6061
682811 641086 70.5882
682811 100467 66.6667
682811 682813 81.25
682811 161601 61.1111
682811 663620 63.1579
682811 326172 66.6667
682811 643478 60.6061
682811 684032 78.7879
682811 328820 83.871
682811 193517 66.6667
682811 60892 60.6061
682811 600779 70.9677
682811 667247 64.8649
682811 63055 62.8571
682811 187538 61.1111
682811 672441 61.1111
682811 252044 78.7879
682811 209913 66.6667
682811 634614 66.6667
682811 361456 66.6667
682811 6365 60
682811 601362 65
682811 663915 61.5385
682811 57547 68.5714
682811 662156 70.2703
682811 57548 61.5385
682811 30724 68.5714
682811 644297 64.7059
682811 45463 61.5385
682811 668362 60.6061
682811 623832 63.1579
682811 62857 60
682811 671881 61.1111
682811 651218 61.5385
682811 130895 68.5714
682811 627080 61.5385
682811 686665 66.6667
682811 675215 61.1111
682811 664970 73.3333
682811 38243 64.7059
682811 263770 62.8571
682811 82804 61.1111
682811 634470 61.5385
682811 632227 62.5
682811 684074 63.1579
682811 680708 62.5
682811 3110 66.6667
682811 69587 66.6667
682811 625028 66.6667
682811 647530 64.2857
682811 58511 68.75
682811 631460 71.4286
682811 98431 70.5882
682811 154880 66.6667
682811 57598 66.6667
682811 659147 68.9655
682811 661471 66.6667
682811 55456 61.5385
682811 646161 64.2857
682811 38255 60
682811 677915 64.5161
682811 131312 60
682811 56148 63.1579
682811 45410 64
682811 677916 70.5882
682811 622644 61.5385
682811 669986 62.8571
682811 663952 66.6667
682811 602880 61.5385
682811 646162 60
682811 680466 68.5714
682811 102623 61.1111
682811 75516 66.6667
682811 686664 64.8649
682811 660053 63.1579
682811 683722 64.5161
682811 686663 70.2703
682811 58895 64.8649
682811 25855 64.5161
682811 30723 68.5714
682811 680211 62.5
682811 664269 68.5714
682811 694951 74.2857
682811 762 66.6667
682811 667749 80
682811 364989 64.7059
682811 63599 66.6667
682811 348404 71.4286
682811 19911 70.2703
682811 339497 75
682811 625027 64.7059
682811 40593 66.6667
682811 29232 68.5714
682811 13687 64.8649
682811 631634 64.5161
682811 86939 68.5714
682811 18894 62.069
682811 278175 68.5714
682811 125185 75.8621
682811 626433 68.5714
682811 639683 60
682811 642604 61.5385
682811 627082 63.1579
682811 683725 60
682811 662773 62.5
682811 646166 64.7059
682811 97327 70.2703
682811 632917 62.8571
682811 617627 69.2308
682811 674195 64.8649
682811 202930 60.6061
682811 3124 60.6061
682811 62009 66.6667
682811 4771 62.8571
682811 14787 64.5161
682811 644333 63.1579
682811 58978 66.6667
682811 70868 63.1579
682811 634220 63.1579
682811 634775 68.4211
682811 7887 64.5161
682811 683723 68.5714
682811 667246 70.2703
682811 643487 63.1579
682811 619147 60
682811 622661 63.1579
682811 79006 62.8571
682811 30694 60
682811 34765 63.1579
682811 56285 68.5714
682811 634156 62.8571
682811 699206 64.8649
682811 629716 72.7273
682811 23272 64.5161
682811 72982 60
682811 638636 60.6061
682811 119877 64.8649
682811 685783 64.8649
682811 40252 62.5
682811 677917 62.8571
682811 55459 66.6667
682811 163501 75.6757
682811 634615 66.6667
682811 647527 60
682811 75518 64.7059
682811 270531 72.7273
682811 26540 62.8571
682811 60188 75.8621
682811 177951 66.6667
682811 625813 71.7949
682811 192626 62.5
682811 679283 66.6667
682811 45956 75.8621
682811 653051 66.6667
682811 630639 60.6061
682811 663935 62.8571
682811 404698 62.8571
0 1
1 0
2 0
3 0
4 0
5 0
6 0
7 0
8 0
9 1
10 1
11 1
12 4
13 5
14 7
15 1
16 5
17 9
18 17
19 15
20 7
21 4
22 5
23 5
24 3
25 7
26 5
27 4
28 8
29 2
30 8
31 6
32 12
33 8
34 7
35 18
36 25
37 21
38 23
39 31
40 22
41 1
42 11
43 15
44 12
45 18
46 15
47 18
48 26
49 18
50 33
51 0
52 17
53 11
54 3
55 21
56 12
57 23
58 33
59 9
60 27
61 10
62 18
63 23
64 14
65 28
66 0
67 29
68 0
69 19
70 1
71 11
72 3
73 2
74 1
75 2
76 4
77 0
78 0
79 2
80 1
81 0
82 1
83 0
84 1
85 0
86 0
87 0
88 0
89 0
90 0
91 0
92 0
93 0
94 0
95 0
96 0
97 0
98 0
99 0
100 0
101 0
8
3457
