453
646707 635960 85.1064
646707 658776 79.1667
646707 369774 87.5
646707 609067 79.3103
646707 92220 60
646707 1986 78.2609
646707 694105 83.3333
646707 677512 79.0698
646707 627435 78.0488
646707 116363 87.5
646707 47695 89.3617
646707 136014 62.2222
646707 72089 73.4694
646707 651737 72
646707 650609 77.551
646707 158910 60.8696
646707 686466 71.1111
646707 644273 74.4186
646707 615123 64
646707 297577 66.6667
646707 685298 71.1111
646707 646910 67.5676
646707 291305 93.617
646707 691610 69.7674
646707 611347 65.2174
646707 636784 77.551
646707 625015 68.0851
646707 681072 66.6667
646707 647068 88
646707 677920 81.8182
646707 148519 61.5385
646707 12463 75
646707 309699 69.5652
646707 617368 63.6364
646707 701777 60.9756
646707 209084 82.6087
646707 631315 86.9565
646707 164614 71.1111
646707 675186 71.4286
646707 659342 76
646707 695625 84.2105
646707 680715 80
646707 625421 75
646707 646165 93.8776
646707 108408 67.6923
646707 138305 74.4186
646707 616232 66.6667
646707 642896 71.1111
646707 627368 62.5
646707 647643 69.4444
646707 658533 64
646707 666665 70.8333
646707 656387 76
646707 638640 76.5957
646707 73166 81.8182
646707 40484 61.2245
646707 624535 76
646707 667850 63.8298
646707 617316 83.7209
646707 699340 60.241
646707 672018 68.0851
646707 8512 80.8511
646707 636935 81.6327
646707 111920 60.8696
646707 67476 68.0851
646707 53183 88
646707 658980 72.3404
646707 31976 78.2609
646707 649428 81.6327
646707 404827 69.7674
646707 160587 63.8298
646707 679825 81.9672
646707 646441 66.6667
646707 654114 79.1667
646707 670182 73.913
646707 84227 73.1707
646707 72288 84
646707 636095 77.551
646707 665553 83.3333
646707 641086 63.6364
646707 68955 84.4444
646707 659015 67.5676
646707 617409 91.6667
646707 100467 60.4651
646707 79447 63.8298
646707 631128 84
646707 161601 65.2174
646707 663620 66.6667
646707 636943 89.7959
646707 34632 73.4694
646707 294731 71.1111
646707 631648 89.7959
646707 671292 64.7059
646707 623636 76.5957
646707 663571 77.551
646707 650783 70.8333
646707 45164 85.1064
646707 650061 66.6667
646707 326172 69.5652
646707 8774 91.6667
646707 646001 85.7143
646707 697384 86.9565
646707 691995 72.7273
646707 328820 63.4146
646707 193517 65.1163
646707 637493 69.4444
646707 689210 85.7143
646707 60734 66.6667
646707 627226 84.4444
646707 657803 87.5
646707 629474 86.9565
646707 67800 60
646707 136135 72.3404
646707 667247 76.5957
646707 43798 81.6327
646707 634293 70.8333
646707 631630 93.8776
646707 191990 68.0851
646707 139785 65.2174
646707 63862 83.3333
646707 670179 72.7273
646707 637642 68.5714
646707 634151 75
646707 676713 66.6667
646707 63055 75.5556
646707 672441 78.2609
646707 624961 66.6667
646707 20985 83.7209
646707 650616 79.1667
646707 633879 87.5
646707 6365 70
646707 601362 80
646707 648400 63.2911
646707 50848 62.6866
646707 666432 85.7143
646707 676419 67.5676
646707 663915 77.551
646707 57547 62.2222
646707 364202 86.9565
646707 662187 72.3404
646707 627436 88.8889
646707 73248 76
646707 628244 82.3529
646707 677516 89.3617
646707 647644 69.4444
646707 57548 65.3061
646707 30724 71.1111
646707 29851 73.913
646707 644297 77.2727
646707 278461 87.5
646707 624163 70.8333
646707 693434 69.5652
646707 8120 75
646707 690393 76.1905
646707 668362 83.7209
646707 663585 89.7959
646707 623832 79.1667
646707 687813 70.4225
646707 231338 60.8696
646707 624231 67.7419
646707 609818 72
646707 657836 79.1667
646707 696224 77.2727
646707 651218 89.7959
646707 650610 80.8511
646707 657805 81.8182
646707 130895 62.2222
646707 650611 62.2222
646707 675215 65.2174
646707 629037 68.0851
646707 38243 77.2727
646707 326397 66.6667
646707 627708 65.625
646707 15130 60.8696
646707 647019 62.8571
646707 616811 70.8333
646707 174612 65.2174
646707 640230 77.551
646707 634470 81.6327
646707 632227 76.1905
646707 647646 72.7273
646707 684074 62.5
646707 672960 88.8889
646707 640890 79.2453
646707 628996 84
646707 648352 66.6667
646707 69587 61.2245
646707 650634 65.2174
646707 625028 70
646707 624162 68
646707 670148 87.5
646707 628296 65.1163
646707 84552 80.8511
646707 651324 85.7143
646707 98431 72.7273
646707 664941 72.4638
646707 154880 65.2174
646707 311941 75.5556
646707 57598 69.7674
646707 694557 65.7895
646707 625186 76
646707 641698 68.5714
646707 39362 80
646707 637646 75
646707 122640 68.0851
646707 661471 73.4694
646707 683892 79.1667
646707 118613 60.8696
646707 83653 77.551
646707 55456 61.2245
646707 625464 82.6087
646707 135284 65.1163
646707 651735 72
646707 174620 86.3636
646707 38255 64
646707 677915 78.0488
646707 131312 75
646707 56148 79.1667
646707 295156 83.7209
646707 638129 88
646707 677916 77.2727
646707 622644 77.551
646707 669986 62.2222
646707 656393 80
646707 663952 73.4694
646707 632919 65.1163
646707 645124 71.4286
646707 602880 69.3878
646707 646162 60
646707 641530 64.7059
646707 680466 62.2222
646707 102623 65.2174
646707 75516 65.2174
646707 660053 70.8333
646707 71320 82.6087
646707 63911 91.6667
646707 58895 85.1064
646707 26154 80.9524
646707 649441 85.7143
646707 59727 61.9048
646707 66479 73.1707
646707 695218 80.8511
646707 25855 63.4146
646707 640902 81.4815
646707 641654 69.4444
646707 30723 71.1111
646707 638174 77.551
646707 664269 75.5556
646707 694951 71.1111
646707 663936 81.6327
646707 667749 66.6667
646707 677545 60.4651
646707 636946 81.6327
646707 630076 78.4314
646707 63599 61.2245
646707 693424 79.0698
646707 348404 68.4211
646707 71439 77.551
646707 405084 80
646707 19911 63.8298
646707 663576 81.6327
646707 339497 71.4286
646707 625027 63.6364
646707 645098 76.9231
646707 681170 60.7595
646707 638851 80
646707 628102 80
646707 29232 71.1111
646707 13687 76.5957
646707 109999 60.8696
646707 680482 69.5652
646707 666436 85.7143
646707 82166 62.2222
646707 609819 81.8182
646707 613239 79.1667
646707 625064 79.1667
646707 628495 79.3103
646707 667470 80.8511
646707 668859 61.1111
646707 103998 68.0851
646707 631634 68.2927
646707 86939 71.1111
646707 18894 71.7949
646707 41554 68
646707 278175 75.5556
646707 691259 70.7692
646707 614939 68.4932
646707 40725 69.5652
646707 662782 74.4186
646707 18255 78.0488
646707 700591 68.6567
646707 624960 66.6667
646707 125185 61.5385
646707 86080 70.8333
646707 624006 80.8511
646707 636118 76
646707 626433 62.2222
646707 634163 86.9565
646707 627222 65.2174
646707 34551 81.6327
646707 639683 84
646707 649096 75
646707 642604 85.7143
646707 676712 66.6667
646707 642788 73.1707
646707 105373 84.4444
646707 694315 73.913
646707 1026 83.7209
646707 624331 64
646707 627082 66.6667
646707 646232 79.1667
646707 95102 72.3404
646707 10121 91.6667
646707 4867 76
646707 58104 83.3333
646707 667276 80.8511
646707 636942 89.7959
646707 625468 84
646707 23609 65.2174
646707 630262 88
646707 662773 71.4286
646707 646166 81.8182
646707 521887 84.4444
646707 648928 65.2174
646707 666115 74.6269
646707 1118 61.9048
646707 644932 80.8511
646707 694755 65.7895
646707 55876 91.6667
646707 611783 64
646707 674195 85.1064
646707 647355 80
646707 663549 66.6667
646707 648929 70.8333
646707 635820 65.3061
646707 348706 80.8511
646707 202930 69.7674
646707 3124 79.0698
646707 160451 62.5
646707 62009 81.6327
646707 636929 80.8511
646707 4771 75.5556
646707 644333 79.1667
646707 295435 78.2609
646707 19984 86.9565
646707 603977 65.2174
646707 70868 66.6667
646707 634220 62.5
646707 616278 82.6087
646707 624051 74.5098
646707 634775 70.8333
646707 60698 60.4651
646707 27116 80.9524
646707 633900 76
646707 79016 70.8333
646707 617633 72.3404
646707 2775 76.5957
646707 646159 80.8511
646707 609820 81.8182
646707 295302 65.6716
646707 54128 65.3061
646707 643487 62.5
646707 631808 78.2609
646707 619147 72
646707 636326 91.3043
646707 672019 68.0851
646707 657843 96
646707 294107 66.6667
646707 331770 85.1064
646707 639767 74.5763
646707 646207 87.5
646707 641626 64.1026
646707 617398 69.3878
646707 66688 72.3404
646707 667950 66.6667
646707 285113 84.4444
646707 634581 72
646707 34765 70.8333
646707 649097 76
646707 680494 79.1667
646707 13009 63.8298
646707 56285 62.2222
646707 157913 60.4651
646707 147110 89.7959
646707 58580 72.3404
646707 699206 72.3404
646707 636947 81.6327
646707 638603 66.6667
646707 609248 85.1064
646707 87254 78.2609
646707 649427 81.6327
646707 624575 67.5676
646707 615011 91.6667
646707 638636 69.7674
646707 625239 69.3878
646707 668856 62.8571
646707 627367 62.5
646707 119877 68.0851
646707 685783 68.0851
646707 615299 77.551
646707 637643 68.5714
646707 677917 80
646707 291534 75
646707 56357 83.0189
646707 163501 72.3404
646707 624003 89.7959
646707 327445 63.6364
646707 58030 82.3529
646707 66069 84
646707 634615 65.2174
646707 632913 65.3061
646707 81549 71.4286
646707 644871 93.8776
646707 79707 81.8182
646707 649424 89.7959
646707 681679 70.4225
646707 2741 60.8696
646707 697598 65.7895
646707 663914 76.5957
646707 57884 62.5
646707 56470 91.6667
646707 632386 92
646707 638521 69.4444
646707 627370 65.2174
646707 75707 72
646707 632918 63.8298
646707 612049 75.4098
646707 140121 70.8333
646707 25397 87.5
646707 41355 78.2609
646707 649044 89.7959
646707 663947 66.6667
646707 25413 64
646707 636086 73.4694
646707 665282 70.8333
646707 630691 75
646707 131090 87.5
646707 646438 72.7273
646707 659301 76
646707 625813 61.2245
646707 15193 69.5652
646707 615985 69.4444
646707 627066 73.913
646707 641697 68.5714
646707 620336 66.6667
646707 679283 65.2174
646707 617628 81.6327
646707 653051 65.2174
646707 617406 81.6327
646707 628979 85.7143
646707 663935 71.1111
646707 634241 82.6087
646707 404698 75.5556
0 3
1 0
2 0
3 0
4 0
5 3
6 1
7 0
8 0
9 0
10 0
11 0
12 0
13 1
14 2
15 0
16 0
17 1
18 0
19 0
20 0
21 2
22 1
23 4
24 0
25 6
26 2
27 4
28 11
29 2
30 4
31 5
32 6
33 7
34 14
35 13
36 10
37 3
38 9
39 2
40 12
41 2
42 15
43 9
44 8
45 12
46 10
47 9
48 17
49 17
50 17
51 2
52 11
53 18
54 9
55 17
56 10
57 7
58 12
59 9
60 13
61 14
62 10
63 19
64 19
65 3
66 30
67 22
68 8
69 18
70 22
71 16
72 23
73 15
74 12
75 15
76 17
77 9
78 15
79 11
80 27
81 13
82 22
83 7
84 16
85 6
86 14
87 7
88 13
89 2
90 11
91 0
92 9
93 0
94 4
95 0
96 1
97 0
98 0
99 0
100 0
101 0
8
3563
