13
71381 638603 70.2703
71381 650642 70
71381 609696 66.6667
71381 54088 71.7949
71381 72272 66.6667
71381 109825 73.6842
71381 1088 71.7949
71381 69607 66.6667
71381 626947 70.2703
71381 641086 66.6667
71381 650634 68.2927
71381 655039 72.2222
71381 689429 68.2927
0 9
1 0
2 0
3 0
4 0
5 0
6 1
7 0
8 0
9 1
10 4
11 2
12 2
13 4
14 1
15 3
16 3
17 7
18 4
19 9
20 7
21 6
22 19
23 17
24 5
25 9
26 12
27 7
28 24
29 14
30 26
31 13
32 22
33 24
34 10
35 25
36 27
37 30
38 35
39 33
40 34
41 16
42 35
43 26
44 19
45 37
46 21
47 36
48 32
49 30
50 19
51 1
52 21
53 16
54 9
55 12
56 12
57 5
58 10
59 4
60 12
61 1
62 9
63 1
64 9
65 1
66 0
67 4
68 0
69 2
70 1
71 2
72 2
73 1
74 1
75 0
76 0
77 0
78 0
79 0
80 0
81 0
82 0
83 0
84 0
85 0
86 0
87 0
88 0
89 0
90 0
91 0
92 0
93 0
94 0
95 0
96 0
97 0
98 0
99 0
100 0
101 0
9
3953
