0
0 0
1 0
2 0
3 0
4 0
5 0
6 0
7 0
8 0
9 0
10 0
11 0
12 0
13 0
14 0
15 0
16 0
17 0
18 0
19 1
20 1
21 1
22 0
23 2
24 0
25 4
26 3
27 3
28 2
29 5
30 3
31 3
32 4
33 7
34 3
35 8
36 5
37 13
38 11
39 11
40 18
41 14
42 28
43 16
44 17
45 25
46 30
47 26
48 27
49 23
50 23
51 27
52 33
53 36
54 40
55 32
56 32
57 29
58 25
59 30
60 24
61 29
62 18
63 17
64 20
65 17
66 18
67 12
68 7
69 13
70 9
71 7
72 4
73 7
74 10
75 3
76 1
77 1
78 4
79 1
80 4
81 1
82 2
83 0
84 1
85 0
86 0
87 0
88 0
89 0
90 0
91 0
92 0
93 0
94 0
95 0
96 0
97 0
98 0
99 0
100 0
101 0
8
3049
