248
116523 659144 71.1111
116523 328442 85.7143
116523 690589 78.2609
116523 114022 71.7949
116523 51867 76.1905
116523 694105 73.913
116523 680494 78.2609
116523 24711 68.1818
116523 663927 78.2609
116523 658980 66.6667
116523 646645 70.8333
116523 150952 75.5556
116523 109852 66.6667
116523 697384 68.1818
116523 681101 78.0488
116523 667247 71.1111
116523 646164 66.6667
116523 361456 68.2927
116523 623635 68.0851
116523 658487 78.2609
116523 646159 71.1111
116523 677512 68.2927
116523 660053 78.2609
116523 632917 69.7674
116523 252048 74.4186
116523 637434 76.5957
116523 194296 75.6757
116523 690590 86.9565
116523 634470 72.3404
116523 675586 73.913
116523 64118 77.2727
116523 193521 78.0488
116523 45914 72.3404
116523 667944 80
116523 662876 72.7273
116523 663589 69.5652
116523 661465 75.5556
116523 100649 76.1905
116523 70716 81.8182
116523 26245 66.6667
116523 690575 68.1818
116523 72288 66.6667
116523 639963 78.0488
116523 74517 66.6667
116523 683892 78.2609
116523 664977 81.8182
116523 674553 73.913
116523 617628 68.0851
116523 611545 68.0851
116523 663921 78.0488
116523 193513 75
116523 619101 70.8333
116523 358737 68.2927
116523 4926 68.2927
116523 56497 66.6667
116523 625027 76.1905
116523 286680 72.7273
116523 672018 84.4444
116523 382814 68.1818
116523 657809 70.8333
116523 38231 75.5556
116523 44675 81.8182
116523 79447 75.5556
116523 634193 72.7273
116523 67437 83.3333
116523 659975 78.2609
116523 122751 68.1818
116523 40553 66.6667
116523 63917 83.3333
116523 651218 72.3404
116523 681316 71.1111
116523 57048 68.1818
116523 635960 66.6667
116523 327445 71.4286
116523 58895 71.1111
116523 102624 81.8182
116523 636086 76.5957
116523 628495 71.4286
116523 665667 75
116523 10549 82.6087
116523 512913 75.5556
116523 42080 85
116523 69587 72.3404
116523 663914 75.5556
116523 684038 75.5556
116523 405968 75
116523 625659 70.8333
116523 665282 78.2609
116523 103998 66.6667
116523 677276 71.1111
116523 695625 72.7273
116523 648928 90.9091
116523 225122 69.5652
116523 633174 69.3878
116523 43395 69.7674
116523 67609 80
116523 75518 71.4286
116523 12463 73.913
116523 130085 66.6667
116523 133683 73.913
116523 633868 77.2727
116523 36921 66.6667
116523 99331 66.6667
116523 139785 72.7273
116523 663936 72.3404
116523 174620 71.4286
116523 149704 68.2927
116523 667940 66.6667
116523 636095 68.0851
116523 625421 69.5652
116523 670091 80.9524
116523 164614 79.0698
116523 622659 68.1818
116523 684074 69.5652
116523 602889 72.7273
116523 167881 86.3636
116523 622145 68.0851
116523 692011 82.6087
116523 345650 73.913
116523 81669 69.5652
116523 608710 80
116523 625239 76.5957
116523 97327 66.6667
116523 98696 71.1111
116523 3609 68.2927
116523 658774 78.2609
116523 284701 78.2609
116523 605469 77.2727
116523 700591 67.6923
116523 656084 75.5556
116523 657812 70.8333
116523 635951 66.6667
116523 77845 73.1707
116523 684041 79.0698
116523 309708 66.6667
116523 38468 66.6667
116523 651590 73.1707
116523 691259 69.8413
116523 658782 76.1905
116523 677504 66.6667
116523 641165 70.8333
116523 409127 75.5556
116523 119877 71.1111
116523 371727 66.6667
116523 667941 75.5556
116523 617409 69.5652
116523 149987 80
116523 658779 79.0698
116523 62009 72.3404
116523 637006 76.5957
116523 56148 69.5652
116523 647068 66.6667
116523 101655 72.7273
116523 658498 71.4286
116523 672019 84.4444
116523 664853 69.7674
116523 43798 68.0851
116523 629118 66.6667
116523 194315 80
116523 656987 68.1818
116523 620248 68.2927
116523 634171 70.8333
116523 635034 68.9655
116523 690586 82.6087
116523 264039 73.913
116523 696224 66.6667
116523 7636 69.7674
116523 694315 72.7273
116523 255115 80
116523 601307 77.2727
116523 681072 69.7674
116523 209084 68.1818
116523 647334 68.4211
116523 99871 78.0488
116523 675585 77.2727
116523 677503 66.6667
116523 344521 69.5652
116523 668362 68.2927
116523 624856 66.6667
116523 115006 72.7273
116523 677500 71.1111
116523 643470 78.2609
116523 297577 86.9565
116523 685303 71.1111
116523 677917 74.4186
116523 18255 71.7949
116523 649428 68.0851
116523 609816 76.9231
116523 629374 76.5957
116523 342008 72.7273
116523 698558 68.1818
116523 263770 74.4186
116523 266126 74.4186
116523 43870 68.1818
116523 326651 78.2609
116523 629424 83.3333
116523 60734 78.2609
116523 699206 71.1111
116523 25397 69.5652
116523 658533 83.3333
116523 19055 73.1707
116523 56285 69.7674
116523 120309 66.6667
116523 100141 66.6667
116523 663935 79.0698
116523 4935 83.3333
116523 649425 68.0851
116523 56869 66.6667
116523 83516 66.6667
116523 45164 71.1111
116523 663951 73.913
116523 639840 89.7959
116523 66069 66.6667
116523 74468 74.4186
116523 60549 69.5652
116523 600388 69.7674
116523 643487 69.5652
116523 620753 77.7778
116523 623832 73.913
116523 71439 72.3404
116523 142693 71.7949
116523 649427 68.0851
116523 674552 77.2727
116523 675215 81.8182
116523 839 71.4286
116523 43285 74.4186
116523 622694 66.6667
116523 84552 71.1111
116523 43634 66.6667
116523 18621 73.913
116523 38248 66.6667
116523 72286 66.6667
116523 66688 84.4444
116523 8395 69.7674
116523 20121 73.913
116523 98431 71.4286
116523 679449 77.2727
116523 344522 78.2609
116523 131312 68.4211
116523 635820 72.3404
116523 102623 72.7273
116523 405554 78.2609
116523 675279 73.913
116523 51143 80
116523 645089 69.5652
116523 644333 73.913
116523 683722 71.7949
116523 193514 71.7949
0 5
1 0
2 0
3 0
4 0
5 0
6 0
7 3
8 0
9 0
10 0
11 0
12 0
13 1
14 4
15 3
16 1
17 5
18 1
19 3
20 4
21 4
22 2
23 1
24 3
25 0
26 4
27 9
28 4
29 3
30 12
31 2
32 8
33 7
34 3
35 7
36 6
37 8
38 5
39 6
40 4
41 4
42 13
43 14
44 12
45 15
46 18
47 20
48 23
49 14
50 24
51 2
52 30
53 19
54 27
55 24
56 18
57 13
58 27
59 16
60 32
61 27
62 17
63 14
64 43
65 8
66 27
67 34
68 1
69 31
70 22
71 7
72 25
73 19
74 16
75 9
76 11
77 10
78 8
79 20
80 11
81 1
82 5
83 3
84 5
85 4
86 1
87 3
88 0
89 0
90 1
91 1
92 0
93 0
94 0
95 0
96 0
97 0
98 0
99 0
100 0
101 0
9
4155
