462
179790 658309 75.6757
179790 164774 64.8649
179790 656084 63.1579
179790 23380 72.7273
179790 4120 73.3333
179790 7636 72.2222
179790 102851 66.6667
179790 14549 63.1579
179790 43395 77.7778
179790 624987 68.4211
179790 38253 74.2857
179790 639681 63.4146
179790 55342 68.4211
179790 656390 63.4146
179790 667760 66.6667
179790 633174 66.6667
179790 672208 63.1579
179790 632920 76.4706
179790 634219 66.6667
179790 623233 70.2703
179790 690579 66.6667
179790 657811 63.4146
179790 634171 63.4146
179790 611078 80
179790 96461 70.2703
179790 626100 63.1579
179790 400230 72.7273
179790 664551 64.7059
179790 36603 74.2857
179790 634616 68.5714
179790 628334 61.1111
179790 9659 72.2222
179790 660640 66.6667
179790 193521 76.4706
179790 668523 66.6667
179790 651220 65
179790 372155 64.8649
179790 692226 77.4194
179790 679281 62.8571
179790 229540 68.4211
179790 43870 70.2703
179790 690415 63.1579
179790 686465 70.2703
179790 633011 63.8298
179790 382815 71.7949
179790 116539 64.8649
179790 33377 75.6757
179790 646645 63.4146
179790 116523 71.7949
179790 646707 63.4146
179790 635960 73.6842
179790 658776 66.6667
179790 694105 71.7949
179790 677512 76.4706
179790 627435 62.5
179790 2750 68.5714
179790 116363 71.7949
179790 47695 68.4211
179790 42903 68.75
179790 136014 77.7778
179790 72089 65
179790 651737 63.4146
179790 686662 64.7059
179790 158910 75.6757
179790 686466 77.7778
179790 297577 76.9231
179790 685298 72.2222
179790 291305 63.1579
179790 691610 82.3529
179790 611347 70.2703
179790 103776 64.8649
179790 625015 63.1579
179790 681072 66.6667
179790 1126 60.6061
179790 647068 63.4146
179790 68888 72.7273
179790 677920 68.5714
179790 12463 66.6667
179790 309699 64.8649
179790 209084 81.0811
179790 631315 70.2703
179790 164614 77.7778
179790 10479 64.5161
179790 625421 61.5385
179790 683879 66.6667
179790 646165 70
179790 74517 81.25
179790 76699 68.9655
179790 642896 66.6667
179790 627368 61.5385
179790 264045 66.6667
179790 658533 68.2927
179790 638640 73.6842
179790 73166 74.2857
179790 40484 60
179790 667850 78.9474
179790 617316 76.4706
179790 672018 73.6842
179790 636935 60
179790 401553 64.8649
179790 67476 63.1579
179790 53183 63.4146
179790 658980 63.1579
179790 31976 70.2703
179790 649428 70
179790 404827 76.4706
179790 160587 63.1579
179790 38074 66.6667
179790 602890 72.2222
179790 609696 75.8621
179790 654114 61.5385
179790 670182 64.8649
179790 7528 61.5385
179790 84227 75
179790 72288 63.4146
179790 342024 78.7879
179790 31592 75
179790 664911 64.7059
179790 647528 60.8696
179790 636095 75
179790 641086 74.2857
179790 68955 72.2222
179790 617409 66.6667
179790 100467 82.3529
179790 79447 63.1579
179790 651936 66.6667
179790 161601 75.6757
179790 663620 71.7949
179790 636943 60
179790 34632 70
179790 637039 64.2857
179790 631648 65
179790 663571 65
179790 45164 73.6842
179790 326172 64.8649
179790 646001 70
179790 697384 70.2703
179790 328820 68.75
179790 193517 70.5882
179790 60892 64.7059
179790 43285 66.6667
179790 60734 61.5385
179790 627226 72.2222
179790 67800 83.871
179790 667247 68.4211
179790 637821 80
179790 624856 68.75
179790 43798 60
179790 631630 60
179790 139785 70.2703
179790 670179 68.5714
179790 185355 62.5
179790 690590 71.7949
179790 634151 64.5161
179790 676713 61.1111
179790 63055 77.7778
179790 187538 64.8649
179790 672441 70.2703
179790 624961 61.5385
179790 643480 60.6061
179790 20985 64.7059
179790 209913 71.4286
179790 650616 61.5385
179790 634614 64.7059
179790 361456 64.7059
179790 6365 64.5161
179790 292598 62.8571
179790 601362 63.4146
179790 57826 68.5714
179790 19055 70.5882
179790 663915 70
179790 364202 70.2703
179790 662156 63.1579
179790 73248 68.2927
179790 677516 68.4211
179790 30724 66.6667
179790 755 64.8649
179790 29851 81.0811
179790 644297 74.2857
179790 650608 62.5
179790 278461 66.6667
179790 624163 61.5385
179790 45463 74.0741
179790 668362 76.4706
179790 623832 66.6667
179790 231338 64.8649
179790 62857 70.9677
179790 696224 85.7143
179790 651218 65
179790 130895 77.7778
179790 650611 61.1111
179790 675215 70.2703
179790 664970 70.9677
179790 38243 74.2857
179790 326397 61.5385
179790 263770 77.7778
179790 685799 61.5385
179790 690586 66.6667
179790 616811 66.6667
179790 174612 64.8649
179790 640230 75
179790 64800 68.2927
179790 634470 65
179790 632227 72.7273
179790 684074 71.7949
179790 3110 64.2857
179790 672960 66.6667
179790 69587 65
179790 650634 64.8649
179790 625028 83.871
179790 350191 70.2703
179790 647530 68.9655
179790 84552 78.9474
179790 326651 61.5385
179790 633553 60
179790 680831 64.7059
179790 651324 60
179790 98431 74.2857
179790 122381 60.6061
179790 154880 75.6757
179790 311941 66.6667
179790 57598 64.7059
179790 39362 68.2927
179790 659147 60
179790 122640 73.6842
179790 661471 70
179790 683892 66.6667
179790 135284 76.4706
179790 651735 63.4146
179790 174620 74.2857
179790 646161 89.6552
179790 677915 81.25
179790 131312 83.871
179790 56148 66.6667
179790 752 61.5385
179790 45410 61.5385
179790 677916 74.2857
179790 622644 65
179790 669986 77.7778
179790 656393 63.4146
179790 663952 70
179790 632919 76.4706
179790 3767 70.2703
179790 602880 60
179790 692011 71.7949
179790 646162 96.7742
179790 680466 61.1111
179790 102623 70.2703
179790 75516 64.8649
179790 686664 63.1579
179790 660053 76.9231
179790 71320 70.2703
179790 683722 68.75
179790 63911 66.6667
179790 686663 63.1579
179790 58895 73.6842
179790 26154 72.7273
179790 649441 65
179790 59727 72.7273
179790 66479 81.25
179790 695218 73.6842
179790 25855 75
179790 30723 66.6667
179790 664269 72.2222
179790 694951 66.6667
179790 663936 70
179790 762 64.5161
179790 667749 66.6667
179790 677545 64.7059
179790 636946 60
179790 630076 66.6667
179790 364989 62.8571
179790 63599 65
179790 348404 62.069
179790 6396 60
179790 71439 65
179790 663576 70
179790 339497 72.7273
179790 625027 68.5714
179790 29232 66.6667
179790 13687 68.4211
179790 109999 64.8649
179790 680482 64.8649
179790 82166 66.6667
179790 609819 68.5714
179790 613239 66.6667
179790 301196 62.8571
179790 625064 61.5385
179790 48122 60.6061
179790 103998 73.6842
179790 631634 62.5
179790 86939 77.7778
179790 18894 86.6667
179790 278175 72.2222
179790 663927 82.0513
179790 187521 63.1579
179790 662782 82.3529
179790 207835 68.4211
179790 18255 75
179790 409127 73.6842
179790 624960 61.5385
179790 125185 73.3333
179790 626433 66.6667
179790 634163 70.2703
179790 627222 75.6757
179790 675278 61.5385
179790 639683 63.4146
179790 649096 66.6667
179790 642604 65
179790 684035 61.1111
179790 658818 70
179790 676712 61.1111
179790 642788 62.5
179790 670237 62.8571
179790 105373 72.2222
179790 694315 64.8649
179790 1026 70.5882
179790 627082 61.5385
179790 646232 61.5385
179790 95102 63.1579
179790 77071 64.5161
179790 4867 68.2927
179790 58104 61.5385
179790 240408 72.7273
179790 667276 63.1579
179790 636942 60
179790 683725 70.9677
179790 630262 63.4146
179790 609694 62.8571
179790 662773 66.6667
179790 646166 80
179790 681101 64.7059
179790 521887 72.2222
179790 648928 64.8649
179790 1118 72.7273
179790 632917 72.2222
179790 667941 68.4211
179790 617627 66.6667
179790 674195 73.6842
179790 663549 66.6667
179790 648929 76.9231
179790 635820 70
179790 348706 63.1579
179790 3235 64.5161
179790 632921 62.5
179790 202930 76.4706
179790 3124 76.4706
179790 160451 71.7949
179790 62009 70
179790 4771 77.7778
179790 14787 68.75
179790 644333 61.5385
179790 295435 64.8649
179790 19984 64.8649
179790 603977 64.8649
179790 58978 64.7059
179790 70868 71.7949
179790 327982 84.8485
179790 634220 71.7949
179790 624051 66.6667
179790 634775 71.7949
179790 60698 70.5882
179790 27116 66.6667
179790 683723 66.6667
179790 60549 61.5385
179790 79016 61.5385
179790 670091 62.8571
179790 617633 63.1579
179790 2775 73.6842
179790 646159 84.2105
179790 609820 68.5714
179790 667524 66.6667
179790 54128 60
179790 631808 64.8649
179790 619147 68.2927
179790 636326 64.8649
179790 672019 73.6842
179790 657843 63.4146
179790 331770 68.4211
179790 10014 72.7273
179790 79006 61.1111
179790 264039 66.6667
179790 66688 68.4211
179790 41551 60
179790 285113 72.2222
179790 684038 68.4211
179790 64884 60.6061
179790 34765 66.6667
179790 649097 68.2927
179790 680494 61.5385
179790 13009 63.1579
179790 56285 61.1111
179790 157913 64.7059
179790 649092 73.6842
179790 147110 65
179790 627011 66.6667
179790 634156 77.7778
179790 699206 78.9474
179790 65007 66.6667
179790 636947 60
179790 638603 78.7879
179790 87254 64.8649
179790 649427 70
179790 23272 62.5
179790 615011 66.6667
179790 638636 70.5882
179790 625239 60
179790 609695 61.5385
179790 627367 61.5385
179790 119877 68.4211
179790 685783 63.1579
179790 686667 68.4211
179790 615299 65
179790 193341 64.7059
179790 40252 66.6667
179790 677917 72.2222
179790 291534 61.5385
179790 55459 60
179790 163501 73.6842
179790 327445 74.2857
179790 66069 63.4146
179790 634615 70.2703
179790 632913 60
179790 81549 84.8485
179790 644871 65
179790 79707 74.2857
179790 649424 65
179790 2741 64.8649
179790 51337 74.2857
179790 650643 64.7059
179790 647527 83.871
179790 663914 73.6842
179790 655039 68.75
179790 56470 66.6667
179790 632386 63.4146
179790 627370 64.8649
179790 75707 68.2927
179790 75518 80
179790 632918 73.6842
179790 140121 61.5385
179790 25397 66.6667
179790 627175 62.5
179790 41355 64.8649
179790 663947 71.7949
179790 270531 64.7059
179790 636086 70
179790 665282 66.6667
179790 26540 61.1111
179790 60188 60
179790 602913 66.6667
179790 79008 61.5385
179790 131090 66.6667
179790 625813 60
179790 627066 75.6757
179790 620336 60.6061
179790 3609 76.4706
179790 617628 60
179790 45956 66.6667
179790 653051 70.2703
179790 617406 60
179790 663935 77.7778
179790 404698 77.7778
0 5
1 0
2 0
3 0
4 0
5 0
6 2
7 2
8 1
9 1
10 1
11 1
12 2
13 2
14 1
15 3
16 2
17 3
18 13
19 4
20 5
21 6
22 11
23 13
24 6
25 3
26 6
27 8
28 11
29 2
30 9
31 1
32 8
33 3
34 1
35 5
36 3
37 2
38 3
39 6
40 6
41 3
42 7
43 13
44 5
45 7
46 9
47 8
48 15
49 32
50 20
51 2
52 36
53 22
54 9
55 32
56 10
57 16
58 13
59 21
60 35
61 7
62 37
63 16
64 40
65 67
66 0
67 55
68 0
69 38
70 14
71 27
72 14
73 23
74 18
75 19
76 8
77 14
78 14
79 5
80 4
81 0
82 5
83 4
84 4
85 3
86 1
87 1
88 0
89 0
90 1
91 0
92 0
93 0
94 0
95 0
96 0
97 1
98 0
99 0
100 0
101 0
9
4760
