72
269613 670181 68.2927
269613 116523 71.1111
269613 659144 86.3636
269613 328442 78.0488
269613 625191 66.6667
269613 150952 68.1818
269613 116539 69.7674
269613 624163 71.1111
269613 651936 66.6667
269613 636947 69.5652
269613 633553 69.5652
269613 625028 70.2703
269613 636935 69.5652
269613 74517 68.4211
269613 683892 66.6667
269613 99002 69.7674
269613 404000 66.6667
269613 619101 68.0851
269613 672018 72.7273
269613 650642 76.1905
269613 603977 83.7209
269613 659975 66.6667
269613 63917 76.5957
269613 681316 72.7273
269613 635960 68.1818
269613 327445 78.0488
269613 309699 69.7674
269613 9076 76.1905
269613 654114 66.6667
269613 42080 66.6667
269613 43395 66.6667
269613 633868 69.7674
269613 149704 85
269613 378242 80.9524
269613 622145 69.5652
269613 692011 66.6667
269613 608710 72.7273
269613 625239 69.5652
269613 677545 75
269613 3609 80
269613 1088 68.2927
269613 86080 66.6667
269613 658782 68.2927
269613 641165 68.0851
269613 409127 77.2727
269613 658779 71.4286
269613 672019 72.7273
269613 194315 68.1818
269613 660640 66.6667
269613 241113 66.6667
269613 69607 68.1818
269613 255115 68.1818
269613 601307 69.7674
269613 297577 71.1111
269613 342008 69.7674
269613 326651 66.6667
269613 158037 74.4186
269613 658533 85.1064
269613 650634 79.0698
269613 624162 68.0851
269613 45164 68.1818
269613 639840 66.6667
269613 74468 66.6667
269613 655039 73.6842
269613 650641 75.5556
269613 60698 70
269613 290504 66.6667
269613 43285 76.1905
269613 687618 83.7209
269613 84552 68.1818
269613 670179 68.2927
269613 670180 68.2927
0 5
1 0
2 0
3 0
4 0
5 0
6 0
7 3
8 0
9 1
10 2
11 0
12 5
13 1
14 2
15 4
16 2
17 3
18 0
19 1
20 7
21 1
22 9
23 3
24 2
25 8
26 6
27 5
28 14
29 9
30 18
31 17
32 10
33 9
34 0
35 11
36 17
37 14
38 22
39 12
40 25
41 7
42 12
43 10
44 16
45 21
46 21
47 35
48 30
49 30
50 20
51 5
52 34
53 42
54 43
55 35
56 29
57 23
58 42
59 13
60 36
61 24
62 12
63 16
64 21
65 3
66 17
67 16
68 0
69 16
70 12
71 1
72 4
73 4
74 1
75 2
76 1
77 4
78 1
79 2
80 2
81 1
82 0
83 0
84 2
85 1
86 1
87 1
88 0
89 0
90 0
91 0
92 0
93 0
94 0
95 0
96 0
97 0
98 0
99 0
100 0
101 0
10
4642
