226
647024 43026 64.8649
647024 52350 62.1622
647024 695574 74.3802
647024 693166 66.1417
647024 701596 66.1871
647024 660371 77.3109
647024 186233 63.0137
647024 650064 90.3226
647024 645542 84.7826
647024 646440 60.2151
647024 102851 60.274
647024 665963 74.1935
647024 25952 60.274
647024 645129 90.7216
647024 638534 97.9592
647024 55342 61.1111
647024 657817 61.1111
647024 647645 63.7363
647024 656390 64
647024 668532 71.3178
647024 675451 80.3738
647024 678323 80.3738
647024 654077 67.6692
647024 664209 78.6325
647024 625795 66.6667
647024 625469 63.0137
647024 675282 88.6598
647024 643408 65.2482
647024 661122 80.3738
647024 657840 66.6667
647024 625042 64
647024 651220 62.1622
647024 695836 70.6897
647024 665536 89.7959
647024 641699 61.0526
647024 633011 69.1358
647024 382815 60.274
647024 656386 63.0137
647024 634714 66.6667
647024 646707 66.6667
647024 658776 60.274
647024 369774 63.0137
647024 609067 60.241
647024 116363 60.274
647024 665539 70.4
647024 646910 86.8687
647024 291305 61.1111
647024 636784 64.8649
647024 665358 82.0513
647024 664737 80.3738
647024 647068 64
647024 701777 85.9813
647024 675186 94.7368
647024 659342 66.6667
647024 695625 60.9756
647024 646165 62.1622
647024 108408 82.2222
647024 647643 63.9175
647024 697445 71.0744
647024 656387 66.6667
647024 624535 64
647024 699340 87.037
647024 700285 60
647024 636935 62.1622
647024 78738 60.8108
647024 53183 61.3333
647024 649428 64.8649
647024 679825 83.7209
647024 645115 79.3651
647024 63689 68.8525
647024 654114 60.274
647024 72288 61.3333
647024 661123 80.3738
647024 636095 62.1622
647024 665553 63.0137
647024 659015 66.6667
647024 617409 60.274
647024 631128 66.6667
647024 636943 64.8649
647024 661186 84.8485
647024 631648 64.8649
647024 671292 75.2688
647024 45164 61.1111
647024 650061 94
647024 8774 63.0137
647024 691995 81.3187
647024 637493 96.9072
647024 625487 73.1183
647024 689210 64.8649
647024 9168 72.8814
647024 657803 63.0137
647024 43798 62.1622
647024 631630 64.8649
647024 671055 74.3802
647024 63862 60.274
647024 651018 70.3125
647024 637642 65.2632
647024 650616 60.274
647024 633879 63.0137
647024 670365 80.3738
647024 648400 86.5385
647024 50848 80.4348
647024 666432 64.8649
647024 676419 86.8687
647024 628244 68.4211
647024 641039 64.3357
647024 647644 63.9175
647024 698554 67.1642
647024 690393 63.6364
647024 663585 64.8649
647024 687813 68.75
647024 662831 71.875
647024 624231 71.2644
647024 657733 76.0331
647024 665357 78.6325
647024 657836 63.0137
647024 650610 61.1111
647024 70804 78.6325
647024 699349 83.9286
647024 660373 79.3388
647024 627708 74.1573
647024 647019 82.1053
647024 662830 81.4159
647024 640230 62.1622
647024 647646 63.7363
647024 625483 77.4194
647024 666386 73.913
647024 682699 76.9231
647024 640890 71.7949
647024 628996 66.6667
647024 648352 94
647024 670148 63.0137
647024 651324 64.8649
647024 664941 70.2128
647024 694557 85.1485
647024 626496 60.9929
647024 641698 61.0526
647024 685583 71.0744
647024 637646 65.1685
647024 83653 64.8649
647024 673997 76.1905
647024 638129 61.3333
647024 656393 64
647024 645124 94.7368
647024 676949 73.1183
647024 665356 70.7692
647024 641530 70.9677
647024 63911 63.0137
647024 662427 76.0331
647024 649441 62.1622
647024 640902 65.8228
647024 641654 96.9072
647024 697671 63.0137
647024 623310 78.8991
647024 636946 62.1622
647024 405084 61.3333
647024 663576 64.8649
647024 645098 88.8889
647024 681170 80.7692
647024 666436 64.8649
647024 613239 60.274
647024 625064 60.274
647024 628495 60.241
647024 667470 61.1111
647024 668859 84.5361
647024 79589 65.7343
647024 691259 64.4444
647024 614939 81.6327
647024 636661 76.5957
647024 700591 67.3913
647024 624006 61.1111
647024 636118 66.6667
647024 34551 62.1622
647024 665535 70.4
647024 639683 61.3333
647024 10121 63.0137
647024 58104 60.274
647024 318534 67.7165
647024 636942 64.8649
647024 625468 66.6667
647024 630262 61.3333
647024 625482 77.4194
647024 666115 73.913
647024 694755 85.1485
647024 55876 63.0137
647024 647355 61.3333
647024 638581 72.3404
647024 684694 73.1707
647024 663417 68.1481
647024 633900 61.3333
647024 295302 67.3913
647024 657843 64
647024 638583 64
647024 639767 66.6667
647024 646207 63.0137
647024 641626 91.2621
647024 667950 72.5275
647024 680416 60.1307
647024 636947 62.1622
647024 649427 64.8649
647024 624575 94.9495
647024 615011 63.0137
647024 668856 82.1053
647024 701201 71.3178
647024 637643 61.0526
647024 56357 71.7949
647024 624003 64.8649
647024 58030 63.1579
647024 639779 72.7273
647024 644871 64.8649
647024 649424 64.8649
647024 681679 89.5833
647024 697598 89.1089
647024 682700 74.1935
647024 56470 63.0137
647024 632386 64
647024 638521 90.7216
647024 612049 60.4651
647024 649044 64.8649
647024 633810 73.913
647024 646438 68.1319
647024 615985 90.7216
647024 649971 78.1818
647024 641697 61.0526
647024 64057 76.7677
647024 628979 62.1622
0 1
1 0
2 0
3 1
4 4
5 0
6 2
7 2
8 1
9 0
10 0
11 1
12 0
13 1
14 0
15 1
16 1
17 2
18 3
19 1
20 3
21 5
22 4
23 8
24 3
25 6
26 4
27 7
28 6
29 4
30 19
31 14
32 7
33 17
34 19
35 11
36 19
37 23
38 13
39 24
40 19
41 8
42 30
43 25
44 19
45 22
46 32
47 18
48 26
49 17
50 33
51 17
52 15
53 38
54 18
55 23
56 32
57 22
58 19
59 24
60 23
61 20
62 19
63 12
64 31
65 21
66 5
67 14
68 5
69 5
70 1
71 7
72 8
73 4
74 6
75 5
76 1
77 6
78 3
79 5
80 2
81 8
82 3
83 4
84 2
85 3
86 3
87 3
88 1
89 2
90 3
91 4
92 1
93 0
94 2
95 3
96 0
97 2
98 1
99 0
100 0
101 0
17
5147
