371
40450 54829 69.7674
40450 687618 69.7674
40450 650624 73.913
40450 679482 63.1579
40450 193502 72.7273
40450 87059 68.1818
40450 43026 69.5652
40450 46798 66.6667
40450 49590 66.6667
40450 4926 80
40450 365560 81.8182
40450 338205 72.7273
40450 667944 63.6364
40450 48911 78.9474
40450 116805 60.4651
40450 179790 68.4211
40450 658309 69.7674
40450 656084 72.7273
40450 23380 61.5385
40450 60195 63.1579
40450 4120 61.1111
40450 102851 71.1111
40450 14549 72.7273
40450 43395 85.7143
40450 4767 65.1163
40450 624987 72.7273
40450 624671 63.1579
40450 38253 68.2927
40450 667760 71.4286
40450 672208 72.7273
40450 632920 60
40450 667851 66.6667
40450 623233 74.4186
40450 690579 62.2222
40450 49494 65.2174
40450 634171 63.8298
40450 674553 62.2222
40450 611078 73.1707
40450 96461 60.4651
40450 626100 68.1818
40450 400230 66.6667
40450 634616 63.4146
40450 9659 61.9048
40450 660640 61.9048
40450 193521 75
40450 56338 72.7273
40450 651220 65.2174
40450 372155 60.4651
40450 692226 75.6757
40450 679281 68.2927
40450 229540 68.1818
40450 43870 60.4651
40450 180 61.9048
40450 667063 63.4146
40450 686465 65.1163
40450 382815 71.1111
40450 33377 74.4186
40450 67668 71.7949
40450 646707 63.8298
40450 658776 71.1111
40450 609067 61.8182
40450 92220 64.8649
40450 1986 60.4651
40450 2750 63.4146
40450 116363 71.1111
40450 42903 84.2105
40450 136014 76.1905
40450 72089 73.913
40450 651737 68.0851
40450 686662 70
40450 158910 60.4651
40450 686466 71.4286
40450 644273 60
40450 297577 71.1111
40450 685298 66.6667
40450 611347 60.4651
40450 639709 68.1818
40450 103776 60.4651
40450 625015 72.7273
40450 681072 71.4286
40450 1126 61.5385
40450 68888 66.6667
40450 677920 68.2927
40450 148519 61.1111
40450 209084 69.7674
40450 10479 64.8649
40450 625421 66.6667
40450 683879 71.4286
40450 74517 78.9474
40450 138305 65
40450 658533 68.0851
40450 624535 68.0851
40450 667850 68.1818
40450 617316 75
40450 202537 64.7059
40450 672018 63.6364
40450 401553 74.4186
40450 658980 72.7273
40450 160587 72.7273
40450 38074 61.9048
40450 679825 62.069
40450 609696 68.5714
40450 670182 60.4651
40450 84227 78.9474
40450 342024 66.6667
40450 664911 60
40450 636095 82.6087
40450 641086 82.9268
40450 68955 76.1905
40450 617409 71.1111
40450 100467 75
40450 161601 83.7209
40450 663571 73.913
40450 45164 63.6364
40450 326172 79.0698
40450 656986 78.9474
40450 684032 60
40450 697384 60.4651
40450 328820 73.6842
40450 193517 65
40450 60892 80
40450 43285 76.1905
40450 629474 65.1163
40450 67800 75.6757
40450 15250 60.4651
40450 667247 77.2727
40450 637821 68.2927
40450 624856 73.6842
40450 185355 73.6842
40450 650798 60
40450 634151 64.8649
40450 676713 76.1905
40450 187538 74.4186
40450 672441 65.1163
40450 624961 62.2222
40450 252044 60
40450 209913 70.5882
40450 650616 66.6667
40450 6365 75.6757
40450 292598 63.4146
40450 57826 73.1707
40450 57547 76.1905
40450 364202 74.4186
40450 662156 63.6364
40450 57548 73.913
40450 30724 80.9524
40450 755 60.4651
40450 29851 74.4186
40450 644297 78.0488
40450 278461 66.6667
40450 45463 66.6667
40450 693434 60.4651
40450 668362 70
40450 623832 62.2222
40450 231338 60.4651
40450 62857 70.2703
40450 696224 78.0488
40450 651218 65.2174
40450 130895 66.6667
40450 627080 65.2174
40450 686665 65.1163
40450 650611 66.6667
40450 675215 60.4651
40450 664970 64.8649
40450 38243 68.2927
40450 685799 66.6667
40450 174612 65.1163
40450 640230 82.6087
40450 64800 68.0851
40450 634470 73.913
40450 632227 82.0513
40450 684074 84.4444
40450 3110 64.7059
40450 69587 65.2174
40450 650634 74.4186
40450 625028 64.8649
40450 350191 65.1163
40450 647530 74.2857
40450 628296 65
40450 84552 77.2727
40450 629038 78.2609
40450 326651 71.1111
40450 633553 69.5652
40450 680831 60
40450 651324 60.8696
40450 98431 73.1707
40450 154880 60.4651
40450 57598 85
40450 625186 68.0851
40450 659147 61.1111
40450 122640 68.1818
40450 661471 65.2174
40450 683892 62.2222
40450 118613 69.7674
40450 55456 73.913
40450 135284 60
40450 651735 68.0851
40450 646161 68.5714
40450 38255 72.3404
40450 677915 73.6842
40450 131312 64.8649
40450 56148 75.5556
40450 677916 73.1707
40450 622644 65.2174
40450 663952 69.5652
40450 632919 60
40450 3767 60.4651
40450 602880 73.913
40450 692011 62.2222
40450 646162 70.2703
40450 680466 66.6667
40450 102623 60.4651
40450 75516 69.7674
40450 686664 72.7273
40450 660053 75.5556
40450 71320 60.4651
40450 683722 63.1579
40450 686663 63.6364
40450 58895 63.6364
40450 26154 66.6667
40450 649441 73.913
40450 695218 72.7273
40450 25855 84.2105
40450 30723 80.9524
40450 680211 61.5385
40450 664269 80.9524
40450 694951 76.1905
40450 667749 71.4286
40450 630076 62.5
40450 693424 60
40450 348404 74.2857
40450 71439 60.8696
40450 19911 72.7273
40450 339497 76.9231
40450 625027 63.4146
40450 174655 69.7674
40450 638851 61.9048
40450 29232 80.9524
40450 13687 77.2727
40450 109999 60.4651
40450 82166 61.9048
40450 609819 63.4146
40450 613239 71.1111
40450 301196 78.0488
40450 628495 61.8182
40450 48122 61.5385
40450 631634 78.9474
40450 86939 61.9048
40450 18894 66.6667
40450 278175 71.4286
40450 65248 61.1111
40450 663927 62.2222
40450 187521 72.7273
40450 40725 60.4651
40450 662782 60
40450 409127 63.6364
40450 624960 62.2222
40450 125185 66.6667
40450 626433 66.6667
40450 634163 74.4186
40450 627222 60.4651
40450 675278 62.2222
40450 642604 69.5652
40450 684035 66.6667
40450 676712 76.1905
40450 147625 78.9474
40450 642788 68.4211
40450 1026 65
40450 627082 75.5556
40450 95102 68.1818
40450 77071 64.8649
40450 4867 63.8298
40450 58104 66.6667
40450 240408 66.6667
40450 683725 64.8649
40450 23609 60.4651
40450 49512 62.2222
40450 662773 71.7949
40450 646166 63.4146
40450 521887 61.9048
40450 1118 71.7949
40450 624151 71.4286
40450 97327 68.1818
40450 632917 71.4286
40450 667941 72.7273
40450 617627 60.6061
40450 648929 71.1111
40450 3124 60
40450 62009 60.8696
40450 14787 84.2105
40450 644333 71.1111
40450 295435 69.7674
40450 603977 65.1163
40450 58978 65
40450 327982 71.7949
40450 616278 60.4651
40450 634775 62.2222
40450 60698 60
40450 633900 68.0851
40450 7887 63.1579
40450 683723 66.6667
40450 609820 63.4146
40450 667524 71.4286
40450 54128 73.913
40450 667246 72.7273
40450 643487 66.6667
40450 631808 65.1163
40450 636326 60.4651
40450 672019 63.6364
40450 657843 68.0851
40450 294107 66.6667
40450 331770 63.6364
40450 10014 66.6667
40450 79006 61.9048
40450 41551 72.2222
40450 684038 72.7273
40450 64884 61.5385
40450 34765 66.6667
40450 649097 68.0851
40450 301199 74.4186
40450 56285 71.4286
40450 157913 60
40450 649092 63.6364
40450 627011 71.4286
40450 634156 71.4286
40450 699206 81.8182
40450 65007 66.6667
40450 638603 82.0513
40450 87254 69.7674
40450 629716 65
40450 23272 73.6842
40450 29227 61.1111
40450 638636 65
40450 119877 86.3636
40450 685783 68.1818
40450 686667 72.7273
40450 193341 80
40450 40252 71.7949
40450 677917 71.4286
40450 163501 72.7273
40450 327445 63.4146
40450 634615 60.4651
40450 81549 76.9231
40450 644871 65.2174
40450 2741 65.1163
40450 51337 68.2927
40450 650643 60
40450 647527 70.2703
40450 57884 66.6667
40450 655039 73.6842
40450 56470 71.1111
40450 632386 72.3404
40450 638521 60.8696
40450 75518 73.1707
40450 632918 68.1818
40450 140121 66.6667
40450 627175 63.1579
40450 41355 69.7674
40450 270531 60
40450 60188 61.1111
40450 79008 71.1111
40450 177951 60.4651
40450 625813 65.2174
40450 15193 60.4651
40450 627066 83.7209
40450 620336 71.7949
40450 679283 65.1163
40450 3609 75
40450 45956 72.2222
40450 653051 60.4651
40450 634241 60.4651
0 5
1 0
2 0
3 0
4 0
5 2
6 2
7 1
8 0
9 0
10 0
11 0
12 0
13 0
14 1
15 3
16 2
17 0
18 0
19 2
20 3
21 2
22 7
23 3
24 2
25 6
26 4
27 4
28 5
29 10
30 16
31 7
32 8
33 10
34 6
35 9
36 4
37 4
38 3
39 8
40 18
41 9
42 8
43 7
44 16
45 10
46 10
47 25
48 16
49 22
50 25
51 9
52 33
53 34
54 32
55 24
56 27
57 35
58 50
59 8
60 43
61 35
62 22
63 13
64 28
65 17
66 20
67 30
68 0
69 29
70 16
71 4
72 31
73 23
74 20
75 15
76 6
77 9
78 3
79 10
80 4
81 4
82 2
83 5
84 2
85 5
86 1
87 1
88 0
89 0
90 0
91 0
92 0
93 0
94 0
95 0
96 0
97 0
98 0
99 0
100 0
101 0
12
5306
