0
0 0
1 0
2 0
3 0
4 0
5 0
6 0
7 0
8 0
9 0
10 0
11 0
12 0
13 0
14 0
15 0
16 0
17 0
18 0
19 0
20 0
21 0
22 0
23 0
24 0
25 0
26 1
27 0
28 0
29 2
30 0
31 0
32 2
33 0
34 1
35 1
36 3
37 1
38 4
39 2
40 2
41 2
42 6
43 2
44 6
45 8
46 4
47 10
48 6
49 11
50 12
51 5
52 18
53 12
54 21
55 22
56 21
57 15
58 26
59 27
60 23
61 30
62 30
63 27
64 29
65 26
66 33
67 28
68 34
69 42
70 41
71 36
72 42
73 34
74 36
75 45
76 33
77 32
78 26
79 17
80 24
81 12
82 14
83 9
84 8
85 4
86 8
87 1
88 1
89 0
90 1
91 0
92 0
93 0
94 0
95 0
96 0
97 0
98 0
99 0
100 0
101 0
9
4115
