0
0 0
1 0
2 0
3 0
4 0
5 1
6 2
7 1
8 7
9 3
10 5
11 5
12 5
13 10
14 9
15 15
16 19
17 12
18 31
19 17
20 23
21 26
22 30
23 24
24 31
25 35
26 37
27 29
28 43
29 40
30 39
31 30
32 40
33 36
34 32
35 27
36 35
37 27
38 23
39 34
40 21
41 17
42 16
43 22
44 19
45 19
46 11
47 12
48 7
49 18
50 5
51 9
52 6
53 6
54 5
55 4
56 2
57 0
58 3
59 1
60 4
61 4
62 1
63 1
64 2
65 0
66 0
67 0
68 2
69 0
70 0
71 1
72 0
73 0
74 0
75 1
76 0
77 0
78 0
79 0
80 0
81 0
82 0
83 0
84 0
85 0
86 0
87 0
88 0
89 0
90 0
91 0
92 0
93 0
94 0
95 0
96 0
97 0
98 0
99 0
100 0
101 0
11
4604
