0
0 0
1 0
2 0
3 0
4 0
5 3
6 2
7 0
8 3
9 3
10 8
11 6
12 3
13 8
14 14
15 21
16 15
17 19
18 17
19 13
20 21
21 18
22 32
23 36
24 22
25 37
26 31
27 33
28 27
29 30
30 50
31 32
32 39
33 42
34 29
35 34
36 35
37 21
38 29
39 26
40 45
41 16
42 14
43 28
44 16
45 21
46 7
47 11
48 19
49 7
50 15
51 5
52 13
53 9
54 2
55 7
56 2
57 2
58 4
59 4
60 4
61 0
62 3
63 4
64 0
65 0
66 0
67 0
68 0
69 0
70 0
71 0
72 0
73 1
74 0
75 0
76 0
77 0
78 0
79 1
80 0
81 0
82 0
83 0
84 0
85 0
86 0
87 0
88 0
89 0
90 0
91 0
92 0
93 0
94 0
95 0
96 0
97 0
98 0
99 0
100 0
101 0
9
4762
