0
0 0
1 0
2 0
3 0
4 0
5 0
6 0
7 0
8 0
9 0
10 0
11 0
12 0
13 0
14 0
15 0
16 0
17 0
18 2
19 0
20 1
21 0
22 0
23 0
24 1
25 2
26 1
27 0
28 3
29 4
30 3
31 2
32 2
33 6
34 6
35 7
36 4
37 3
38 5
39 9
40 14
41 10
42 15
43 10
44 13
45 13
46 19
47 21
48 24
49 19
50 26
51 20
52 27
53 24
54 32
55 30
56 25
57 26
58 39
59 41
60 49
61 38
62 33
63 31
64 40
65 24
66 30
67 33
68 42
69 26
70 26
71 28
72 16
73 24
74 24
75 17
76 15
77 12
78 15
79 18
80 9
81 6
82 4
83 3
84 9
85 1
86 4
87 1
88 2
89 1
90 1
91 1
92 0
93 0
94 0
95 0
96 0
97 0
98 0
99 0
100 0
101 0
11
5257
