0
0 0
1 0
2 0
3 0
4 0
5 0
6 0
7 0
8 0
9 0
10 0
11 0
12 0
13 0
14 0
15 0
16 0
17 0
18 0
19 0
20 0
21 0
22 0
23 0
24 0
25 0
26 0
27 0
28 0
29 0
30 0
31 1
32 0
33 0
34 0
35 0
36 0
37 1
38 1
39 0
40 0
41 0
42 1
43 0
44 1
45 0
46 0
47 1
48 1
49 0
50 2
51 1
52 1
53 0
54 3
55 5
56 7
57 2
58 4
59 4
60 5
61 8
62 1
63 2
64 3
65 3
66 2
67 1
68 2
69 3
70 8
71 7
72 0
73 0
74 3
75 2
76 2
77 5
78 1
79 2
80 3
81 0
82 4
83 1
84 0
85 0
86 0
87 0
88 0
89 0
90 0
91 0
92 0
93 0
94 0
95 0
96 0
97 0
98 0
99 0
100 0
101 0
1
5
