0
0 0
1 0
2 0
3 0
4 0
5 2
6 2
7 4
8 1
9 2
10 8
11 11
12 12
13 9
14 7
15 9
16 15
17 18
18 35
19 31
20 31
21 13
22 27
23 38
24 35
25 34
26 26
27 23
28 23
29 39
30 51
31 38
32 25
33 30
34 50
35 43
36 26
37 29
38 22
39 29
40 30
41 16
42 21
43 24
44 23
45 15
46 13
47 10
48 18
49 14
50 16
51 5
52 8
53 11
54 4
55 9
56 6
57 0
58 5
59 0
60 4
61 2
62 1
63 0
64 2
65 0
66 0
67 1
68 0
69 4
70 0
71 0
72 0
73 0
74 0
75 0
76 0
77 0
78 0
79 0
80 0
81 0
82 0
83 0
84 0
85 0
86 0
87 0
88 0
89 0
90 0
91 0
92 0
93 0
94 0
95 0
96 0
97 0
98 0
99 0
100 0
101 0
8
5153
