25
1193 1149 60
1193 1102 65.1163
1193 1060 61.8557
1193 970 74.1573
1193 932 62.1359
1193 903 60.4651
1193 672 67.2897
1193 663 61.0526
1193 650 63.4615
1193 630 74.4681
1193 481 71.1538
1193 449 69.4737
1193 445 65.8824
1193 433 68.6275
1193 412 67.3077
1193 390 71.8447
1193 387 63.6364
1193 382 69.3878
1193 375 74.2268
1193 201 64.0777
1193 184 68.1818
1193 24 61.0526
1193 22 61.6822
1193 6 71.1111
1193 4 61.1111
0 0
1 0
2 0
3 0
4 0
5 0
6 2
7 0
8 1
9 4
10 3
11 3
12 4
13 6
14 5
15 11
16 14
17 5
18 11
19 12
20 21
21 23
22 36
23 16
24 24
25 31
26 22
27 34
28 44
29 47
30 27
31 52
32 42
33 46
34 43
35 41
36 37
37 46
38 28
39 29
40 44
41 29
42 33
43 36
44 18
45 21
46 24
47 25
48 23
49 22
50 27
51 10
52 18
53 16
54 11
55 11
56 6
57 6
58 10
59 5
60 3
61 1
62 5
63 1
64 2
65 1
66 2
67 0
68 2
69 2
70 2
71 0
72 3
73 0
74 0
75 3
76 0
77 0
78 0
79 0
80 0
81 0
82 0
83 0
84 0
85 0
86 0
87 0
88 0
89 0
90 0
91 0
92 0
93 0
94 0
95 0
96 0
97 0
98 0
99 0
100 0
101 0
14
7637
