32
1106 1064 60.7143
1106 1061 68
1106 996 65.5738
1106 945 72.2222
1106 930 65.1685
1106 896 65.3846
1106 879 60.7595
1106 868 68.6567
1106 824 65.8228
1106 802 60
1106 766 66.6667
1106 755 60.6742
1106 744 62.5
1106 654 65
1106 632 68.8525
1106 566 60.3774
1106 562 61.5385
1106 533 61.8182
1106 529 63.3333
1106 521 61.7647
1106 504 61.3333
1106 492 67.8571
1106 437 71.1864
1106 429 69.1358
1106 370 60.8696
1106 350 61.7647
1106 334 65.5738
1106 311 60
1106 295 61.9718
1106 207 69.2308
1106 113 60.5263
1106 86 63.1579
0 0
1 0
2 0
3 0
4 0
5 0
6 0
7 0
8 1
9 1
10 2
11 4
12 6
13 8
14 0
15 5
16 10
17 14
18 9
19 5
20 17
21 16
22 19
23 18
24 25
25 30
26 19
27 20
28 22
29 20
30 30
31 25
32 22
33 42
34 37
35 34
36 32
37 49
38 37
39 33
40 49
41 18
42 37
43 33
44 29
45 17
46 36
47 26
48 27
49 18
50 29
51 16
52 13
53 19
54 17
55 22
56 15
57 7
58 7
59 15
60 13
61 6
62 6
63 1
64 2
65 1
66 5
67 1
68 2
69 2
70 2
71 0
72 1
73 1
74 0
75 0
76 0
77 0
78 0
79 0
80 0
81 0
82 0
83 0
84 0
85 0
86 0
87 0
88 0
89 0
90 0
91 0
92 0
93 0
94 0
95 0
96 0
97 0
98 0
99 0
100 0
101 0
11
6529
