2
1117 303 60
1117 195 61.9048
0 2
1 0
2 0
3 1
4 2
5 11
6 10
7 9
8 7
9 7
10 15
11 18
12 27
13 29
14 26
15 42
16 34
17 23
18 30
19 35
20 55
21 22
22 28
23 52
24 25
25 63
26 30
27 30
28 39
29 32
30 40
31 26
32 31
33 35
34 25
35 27
36 25
37 26
38 25
39 30
40 19
41 10
42 10
43 11
44 11
45 9
46 7
47 5
48 7
49 7
50 7
51 0
52 2
53 2
54 2
55 5
56 1
57 1
58 4
59 0
60 1
61 0
62 1
63 0
64 0
65 0
66 0
67 0
68 0
69 0
70 0
71 0
72 0
73 0
74 0
75 0
76 0
77 0
78 0
79 0
80 0
81 0
82 0
83 0
84 0
85 0
86 0
87 0
88 0
89 0
90 0
91 0
92 0
93 0
94 0
95 0
96 0
97 0
98 0
99 0
100 0
101 0
9
6664
