9
1141 925 66.6667
1141 840 68.75
1141 790 60.4651
1141 670 66.6667
1141 641 61.5385
1141 544 60.4651
1141 419 68.75
1141 62 61.5385
1141 17 60.6061
0 1
1 0
2 0
3 0
4 0
5 1
6 1
7 4
8 4
9 0
10 8
11 12
12 15
13 13
14 18
15 16
16 25
17 17
18 28
19 37
20 42
21 24
22 30
23 43
24 39
25 61
26 47
27 34
28 56
29 37
30 41
31 30
32 48
33 46
34 33
35 26
36 27
37 22
38 36
39 20
40 32
41 12
42 26
43 10
44 14
45 12
46 13
47 10
48 10
49 9
50 14
51 0
52 6
53 7
54 3
55 3
56 2
57 2
58 3
59 1
60 0
61 3
62 2
63 0
64 0
65 0
66 0
67 2
68 0
69 2
70 0
71 0
72 0
73 0
74 0
75 0
76 0
77 0
78 0
79 0
80 0
81 0
82 0
83 0
84 0
85 0
86 0
87 0
88 0
89 0
90 0
91 0
92 0
93 0
94 0
95 0
96 0
97 0
98 0
99 0
100 0
101 0
11
6967
