50
1192 1162 61.1765
1192 1122 68.2353
1192 1104 61.1765
1192 1103 62.3377
1192 1086 68.6567
1192 930 61.5385
1192 928 60
1192 839 60
1192 836 68.4211
1192 818 60.9756
1192 816 61.1111
1192 800 61.7647
1192 799 68.5714
1192 791 61.1765
1192 767 61.2903
1192 766 60
1192 763 64
1192 755 61.5385
1192 753 61.9718
1192 711 70.4545
1192 684 76.0563
1192 681 70
1192 670 62.069
1192 658 60.2151
1192 639 60.7143
1192 621 64.1026
1192 590 61.0169
1192 545 60.3175
1192 538 60
1192 512 61.7284
1192 491 60.3175
1192 487 63.1579
1192 447 60
1192 397 61.1111
1192 395 62.9213
1192 363 62.7907
1192 324 60
1192 323 69.8413
1192 274 63.4921
1192 189 61.3636
1192 147 60
1192 141 63.1579
1192 134 65.6716
1192 118 60.8696
1192 102 61.0169
1192 85 66.6667
1192 69 62.3377
1192 27 60
1192 24 62.5
1192 2 62.3377
0 0
1 0
2 0
3 0
4 0
5 0
6 0
7 0
8 0
9 0
10 0
11 0
12 1
13 0
14 0
15 0
16 1
17 0
18 1
19 3
20 7
21 0
22 2
23 6
24 10
25 10
26 9
27 10
28 17
29 21
30 17
31 19
32 34
33 34
34 27
35 30
36 35
37 25
38 50
39 47
40 59
41 36
42 52
43 39
44 50
45 47
46 36
47 41
48 54
49 41
50 52
51 20
52 31
53 33
54 29
55 32
56 18
57 19
58 14
59 15
60 15
61 6
62 14
63 7
64 4
65 1
66 1
67 1
68 0
69 4
70 2
71 1
72 0
73 0
74 0
75 0
76 0
77 1
78 0
79 0
80 0
81 0
82 0
83 0
84 0
85 0
86 0
87 0
88 0
89 0
90 0
91 0
92 0
93 0
94 0
95 0
96 0
97 0
98 0
99 0
100 0
101 0
15
7623
