37
1169 1150 62.5
1169 1138 66.6667
1169 1049 65.3465
1169 1027 62.7451
1169 1009 67.3267
1169 1002 68.1818
1169 980 61.9469
1169 948 60.5505
1169 894 68.4211
1169 870 65.1163
1169 843 71.5789
1169 774 68.8172
1169 744 60.4167
1169 731 60.9756
1169 677 60
1169 594 61.3333
1169 570 63.9175
1169 559 61.9048
1169 556 67.3469
1169 513 63.0435
1169 505 62.6506
1169 502 61.3333
1169 465 63.6364
1169 463 72.9412
1169 436 60.7843
1169 416 61.1765
1169 404 63.1579
1169 402 66.6667
1169 244 61.5385
1169 224 61.6822
1169 222 62.5
1169 206 60.8696
1169 168 65.9341
1169 71 68.9655
1169 67 70.4545
1169 65 60.8696
1169 37 69.0909
0 0
1 0
2 0
3 2
4 1
5 1
6 1
7 1
8 0
9 4
10 4
11 3
12 4
13 9
14 2
15 8
16 12
17 5
18 12
19 14
20 11
21 11
22 35
23 19
24 24
25 32
26 21
27 24
28 32
29 51
30 22
31 38
32 45
33 35
34 42
35 29
36 39
37 41
38 26
39 40
40 46
41 22
42 33
43 30
44 29
45 32
46 25
47 30
48 25
49 30
50 19
51 19
52 15
53 15
54 11
55 8
56 8
57 9
58 10
59 7
60 9
61 6
62 7
63 4
64 4
65 0
66 3
67 2
68 2
69 4
70 1
71 1
72 1
73 1
74 0
75 0
76 0
77 0
78 0
79 0
80 0
81 0
82 0
83 0
84 0
85 0
86 0
87 0
88 0
89 0
90 0
91 0
92 0
93 0
94 0
95 0
96 0
97 0
98 0
99 0
100 0
101 0
14
7340
