3
1108 422 70.3297
1108 364 73.2673
1108 341 70.6897
0 0
1 0
2 0
3 0
4 0
5 0
6 0
7 1
8 0
9 1
10 2
11 2
12 7
13 1
14 3
15 10
16 13
17 9
18 9
19 19
20 9
21 12
22 22
23 13
24 31
25 35
26 17
27 30
28 27
29 29
30 23
31 35
32 36
33 30
34 42
35 34
36 40
37 46
38 25
39 38
40 45
41 24
42 34
43 23
44 31
45 34
46 21
47 28
48 22
49 25
50 31
51 17
52 20
53 15
54 10
55 7
56 13
57 10
58 7
59 5
60 5
61 6
62 4
63 6
64 4
65 0
66 3
67 2
68 0
69 1
70 0
71 2
72 0
73 0
74 1
75 0
76 0
77 0
78 0
79 0
80 0
81 0
82 0
83 0
84 0
85 0
86 0
87 0
88 0
89 0
90 0
91 0
92 0
93 0
94 0
95 0
96 0
97 0
98 0
99 0
100 0
101 0
12
6680
