0
0 4
1 0
2 0
3 1
4 4
5 9
6 22
7 12
8 9
9 10
10 15
11 5
12 28
13 15
14 27
15 31
16 20
17 24
18 40
19 41
20 48
21 24
22 51
23 42
24 61
25 44
26 16
27 54
28 44
29 32
30 51
31 41
32 34
33 25
34 29
35 38
36 32
37 28
38 24
39 22
40 46
41 12
42 19
43 12
44 22
45 11
46 12
47 12
48 9
49 14
50 11
51 2
52 7
53 7
54 6
55 7
56 1
57 2
58 3
59 4
60 2
61 1
62 4
63 3
64 0
65 0
66 0
67 1
68 0
69 0
70 2
71 0
72 0
73 0
74 0
75 0
76 0
77 0
78 0
79 0
80 0
81 0
82 0
83 0
84 0
85 0
86 0
87 0
88 0
89 0
90 0
91 0
92 0
93 0
94 0
95 0
96 0
97 0
98 0
99 0
100 0
101 0
6
7643
