37
1269 1179 65.1163
1269 1162 64.0777
1269 1156 62.5
1269 1153 65.9574
1269 1142 70.3704
1269 1122 64.0777
1269 1119 66.6667
1269 1083 60.7843
1269 1063 60.3774
1269 1059 60.7843
1269 1055 64.8148
1269 1053 66.6667
1269 936 61.5385
1269 883 63.8655
1269 808 60.177
1269 758 61.0526
1269 733 62.6087
1269 727 60.7143
1269 712 63.5514
1269 711 67.9245
1269 681 61.2245
1269 680 60
1269 648 61.2245
1269 454 68
1269 442 69.8113
1269 397 64.4444
1269 385 63.1579
1269 308 61.0526
1269 283 63.1579
1269 236 60.177
1269 205 60.4167
1269 192 60.9524
1269 189 64.1509
1269 180 67.2727
1269 170 60.7843
1269 69 69.4737
1269 22 60
0 0
1 0
2 0
3 0
4 0
5 0
6 0
7 0
8 0
9 1
10 0
11 0
12 5
13 0
14 1
15 5
16 1
17 8
18 13
19 7
20 13
21 13
22 12
23 15
24 30
25 18
26 19
27 26
28 31
29 35
30 37
31 27
32 44
33 42
34 42
35 58
36 36
37 40
38 48
39 35
40 49
41 34
42 49
43 26
44 39
45 37
46 40
47 47
48 37
49 37
50 32
51 12
52 19
53 14
54 17
55 22
56 11
57 10
58 16
59 14
60 9
61 9
62 5
63 2
64 4
65 5
66 2
67 2
68 3
69 0
70 2
71 1
72 0
73 0
74 0
75 0
76 0
77 0
78 0
79 0
80 0
81 0
82 0
83 0
84 0
85 0
86 0
87 0
88 0
89 0
90 0
91 0
92 0
93 0
94 0
95 0
96 0
97 0
98 0
99 0
100 0
101 0
15
8679
