1
1250 941 72.3404
0 0
1 0
2 0
3 1
4 2
5 7
6 1
7 3
8 7
9 11
10 31
11 7
12 14
13 17
14 28
15 34
16 23
17 32
18 34
19 30
20 54
21 27
22 24
23 44
24 41
25 52
26 26
27 41
28 32
29 28
30 39
31 35
32 35
33 31
34 30
35 45
36 41
37 29
38 35
39 27
40 44
41 12
42 14
43 17
44 18
45 19
46 17
47 9
48 12
49 17
50 12
51 6
52 10
53 4
54 6
55 5
56 5
57 5
58 4
59 3
60 1
61 1
62 2
63 1
64 0
65 0
66 2
67 4
68 0
69 0
70 0
71 0
72 0
73 1
74 0
75 0
76 0
77 0
78 0
79 0
80 0
81 0
82 0
83 0
84 0
85 0
86 0
87 0
88 0
89 0
90 0
91 0
92 0
93 0
94 0
95 0
96 0
97 0
98 0
99 0
100 0
101 0
12
8555
