0
0 0
1 0
2 0
3 0
4 0
5 0
6 0
7 0
8 0
9 0
10 0
11 0
12 0
13 0
14 0
15 0
16 0
17 0
18 0
19 0
20 0
21 0
22 0
23 0
24 0
25 0
26 0
27 0
28 0
29 0
30 1
31 1
32 0
33 1
34 0
35 1
36 3
37 3
38 1
39 3
40 4
41 2
42 2
43 2
44 4
45 7
46 13
47 6
48 9
49 12
50 13
51 19
52 23
53 23
54 24
55 39
56 40
57 46
58 47
59 46
60 52
61 34
62 60
63 50
64 65
65 73
66 68
67 44
68 47
69 41
70 43
71 36
72 43
73 27
74 35
75 33
76 13
77 26
78 22
79 12
80 14
81 2
82 8
83 1
84 3
85 5
86 2
87 1
88 1
89 0
90 0
91 0
92 0
93 0
94 0
95 0
96 0
97 0
98 0
99 0
100 0
101 0
11
7075
