134
1280 1279 61.0526
1280 1251 65.9794
1280 1230 61.7284
1280 1217 60.6061
1280 1212 60.4651
1280 1192 60.6742
1280 1184 67.9245
1280 1181 60.9524
1280 1164 60.1942
1280 1162 64.1509
1280 1158 67.3267
1280 1156 69.5652
1280 1140 60.7843
1280 1122 62.2642
1280 1108 61.5385
1280 1107 61.3636
1280 1104 67.9245
1280 1103 61.2245
1280 1098 67.3469
1280 1095 62.1359
1280 1059 66.6667
1280 1058 63.5294
1280 1049 66.6667
1280 1027 60.5505
1280 1022 64.5833
1280 1021 60
1280 1009 68.5185
1280 967 65.3465
1280 948 70.6897
1280 947 71.6981
1280 931 60.241
1280 928 68.1319
1280 885 60.3774
1280 851 61.4035
1280 843 60.7843
1280 836 63.9175
1280 833 61.8182
1280 818 66.0194
1280 816 64.5161
1280 808 60.3448
1280 804 72.7273
1280 800 67.4157
1280 799 70.3297
1280 788 65.3465
1280 784 63.6364
1280 766 67.3267
1280 764 60
1280 758 63.2653
1280 756 60.9524
1280 755 67.8571
1280 752 61.0526
1280 749 63.2653
1280 744 66.0194
1280 740 61.3861
1280 738 63.9175
1280 732 69.3069
1280 727 73.0435
1280 719 72.549
1280 711 62.3853
1280 708 69.4915
1280 707 60.1942
1280 702 60.6061
1280 689 61.3861
1280 684 63.0435
1280 681 67.3267
1280 680 62.6506
1280 669 63.8655
1280 665 61.8182
1280 658 66.6667
1280 649 64.9123
1280 640 62.2951
1280 635 65.3465
1280 621 60.6061
1280 617 65.2174
1280 546 66.0194
1280 525 68.75
1280 523 66.6667
1280 512 66.6667
1280 509 66.055
1280 507 60.6742
1280 504 61.2245
1280 493 60.177
1280 474 60.3774
1280 456 64.6465
1280 454 67.9612
1280 450 61.9469
1280 442 60.5505
1280 436 71.5596
1280 433 61.1111
1280 431 63.2479
1280 424 60.1942
1280 421 68.8525
1280 414 61.3636
1280 412 61.8182
1280 406 60.5042
1280 399 64.5161
1280 395 60
1280 390 60.5505
1280 374 62.6263
1280 364 69.1589
1280 363 71.028
1280 311 62.1359
1280 266 73.6842
1280 243 60.6742
1280 238 63.2479
1280 230 64.5833
1280 222 63.8655
1280 217 62.7907
1280 203 60.5042
1280 200 60.6742
1280 199 60.6061
1280 193 60.8696
1280 189 67.8899
1280 181 62.6263
1280 180 67.2566
1280 164 66.6667
1280 150 66.6667
1280 146 60.5505
1280 142 66.6667
1280 134 61.3636
1280 111 61.2245
1280 110 60.8696
1280 85 68.8889
1280 81 66.087
1280 70 60.7843
1280 56 63.8298
1280 54 63.0631
1280 34 64.9123
1280 26 62.3656
1280 24 65.3465
1280 22 65.4867
1280 16 60
1280 15 64
1280 12 60
0 0
1 0
2 0
3 0
4 0
5 0
6 0
7 0
8 0
9 0
10 0
11 0
12 0
13 0
14 0
15 2
16 1
17 2
18 0
19 0
20 4
21 3
22 4
23 5
24 3
25 12
26 14
27 9
28 16
29 22
30 10
31 17
32 13
33 20
34 32
35 27
36 25
37 33
38 33
39 37
40 48
41 39
42 36
43 53
44 47
45 37
46 33
47 55
48 38
49 57
50 44
51 28
52 40
53 43
54 44
55 31
56 28
57 22
58 40
59 17
60 26
61 30
62 18
63 10
64 14
65 8
66 7
67 13
68 11
69 5
70 4
71 2
72 3
73 2
74 2
75 0
76 0
77 0
78 0
79 0
80 0
81 0
82 0
83 0
84 0
85 0
86 0
87 0
88 0
89 0
90 0
91 0
92 0
93 0
94 0
95 0
96 0
97 0
98 0
99 0
100 0
101 0
15
8828
