1
1343 934 70.8333
0 0
1 0
2 0
3 2
4 3
5 0
6 3
7 5
8 1
9 4
10 18
11 13
12 9
13 23
14 10
15 13
16 25
17 19
18 21
19 17
20 39
21 18
22 32
23 41
24 31
25 40
26 31
27 34
28 38
29 42
30 42
31 37
32 48
33 38
34 26
35 45
36 32
37 34
38 40
39 30
40 45
41 33
42 23
43 30
44 38
45 33
46 35
47 21
48 24
49 13
50 20
51 11
52 16
53 11
54 11
55 15
56 10
57 4
58 7
59 7
60 6
61 3
62 2
63 3
64 2
65 2
66 5
67 2
68 2
69 2
70 1
71 1
72 0
73 0
74 0
75 0
76 0
77 0
78 0
79 0
80 0
81 0
82 0
83 0
84 0
85 0
86 0
87 0
88 0
89 0
90 0
91 0
92 0
93 0
94 0
95 0
96 0
97 0
98 0
99 0
100 0
101 0
14
9925
