0
0 0
1 0
2 0
3 0
4 0
5 0
6 0
7 0
8 0
9 0
10 0
11 0
12 0
13 0
14 0
15 0
16 0
17 0
18 0
19 0
20 0
21 0
22 1
23 0
24 1
25 0
26 0
27 0
28 0
29 1
30 1
31 0
32 0
33 1
34 3
35 2
36 3
37 1
38 1
39 5
40 4
41 4
42 7
43 10
44 4
45 4
46 13
47 7
48 24
49 10
50 18
51 12
52 27
53 22
54 23
55 30
56 22
57 43
58 41
59 30
60 44
61 36
62 51
63 47
64 54
65 48
66 69
67 46
68 50
69 55
70 45
71 43
72 43
73 48
74 35
75 37
76 53
77 29
78 28
79 22
80 20
81 8
82 12
83 11
84 9
85 4
86 2
87 2
88 2
89 0
90 0
91 0
92 0
93 0
94 0
95 0
96 0
97 0
98 0
99 0
100 0
101 0
13
7958
