11
1302 1198 70.4762
1302 1191 70.4762
1302 1131 70.4762
1302 1115 71.028
1302 1050 71.6667
1302 927 75.6303
1302 685 73.9496
1302 656 79.1667
1302 649 70.1754
1302 428 80.3922
1302 125 70.3297
0 0
1 0
2 0
3 0
4 0
5 0
6 0
7 0
8 0
9 1
10 0
11 1
12 2
13 0
14 2
15 1
16 2
17 9
18 5
19 7
20 10
21 9
22 7
23 13
24 13
25 20
26 21
27 15
28 29
29 30
30 25
31 25
32 27
33 36
34 44
35 32
36 41
37 46
38 42
39 42
40 43
41 25
42 38
43 33
44 46
45 33
46 47
47 34
48 35
49 26
50 43
51 25
52 25
53 35
54 23
55 28
56 28
57 21
58 26
59 18
60 20
61 20
62 10
63 11
64 12
65 3
66 6
67 9
68 4
69 4
70 2
71 5
72 2
73 0
74 1
75 0
76 1
77 0
78 0
79 0
80 1
81 1
82 0
83 0
84 0
85 0
86 0
87 0
88 0
89 0
90 0
91 0
92 0
93 0
94 0
95 0
96 0
97 0
98 0
99 0
100 0
101 0
16
9298
