68
1380 1371 66.6667
1380 1343 62.8571
1380 1337 66.1157
1380 1330 69.7248
1380 1307 62.9032
1380 1281 66.6667
1380 1280 66.6667
1380 1254 62.6087
1380 1228 62.8571
1380 1206 61.9469
1380 1162 60
1380 1158 62.8571
1380 1156 63.8655
1380 1131 60.5505
1380 1121 66.6667
1380 1104 60
1380 1103 60.7843
1380 1095 61.6822
1380 1026 60.9524
1380 1022 66
1380 1009 60.7143
1380 967 68.5714
1380 948 60
1380 947 65.4545
1380 885 60
1380 851 69.4915
1380 824 62.2642
1380 799 61.0526
1380 791 60
1380 766 64.7619
1380 756 67.8899
1380 738 61.3861
1380 732 62.8571
1380 681 62.8571
1380 669 60.1626
1380 658 67.7966
1380 654 67.2897
1380 640 68.254
1380 622 63.3333
1380 611 60.6557
1380 546 63.5514
1380 518 65
1380 508 61.8557
1380 504 70.5882
1380 493 64.9573
1380 474 63.6364
1380 471 67.2897
1380 456 64.0777
1380 436 60.177
1380 424 61.6822
1380 422 63.3663
1380 421 60.3175
1380 406 60.1626
1380 400 60.8696
1380 374 62.1359
1380 311 67.2897
1380 310 62.7119
1380 288 68.4211
1380 266 62.7119
1380 221 62.2951
1380 205 62.1359
1380 181 60.1942
1380 156 60.6742
1380 129 61.7021
1380 85 61.7021
1380 64 64.7059
1380 34 64.4068
1380 26 63.9175
0 0
1 0
2 0
3 0
4 0
5 0
6 0
7 0
8 0
9 0
10 0
11 1
12 2
13 4
14 3
15 4
16 8
17 4
18 8
19 15
20 10
21 12
22 26
23 9
24 26
25 21
26 23
27 32
28 34
29 40
30 42
31 23
32 46
33 36
34 31
35 49
36 24
37 44
38 44
39 26
40 57
41 43
42 43
43 47
44 45
45 31
46 46
47 50
48 32
49 25
50 34
51 27
52 31
53 24
54 24
55 24
56 18
57 26
58 17
59 10
60 15
61 12
62 8
63 13
64 6
65 6
66 2
67 5
68 5
69 3
70 2
71 1
72 0
73 0
74 0
75 0
76 0
77 0
78 0
79 0
80 0
81 0
82 0
83 0
84 0
85 0
86 0
87 0
88 0
89 0
90 0
91 0
92 0
93 0
94 0
95 0
96 0
97 0
98 0
99 0
100 0
101 0
16
10301
