0
0 0
1 0
2 0
3 0
4 0
5 0
6 0
7 0
8 0
9 0
10 0
11 0
12 0
13 0
14 0
15 0
16 0
17 0
18 0
19 0
20 0
21 0
22 0
23 0
24 0
25 0
26 0
27 0
28 0
29 0
30 0
31 0
32 0
33 2
34 0
35 1
36 0
37 2
38 0
39 1
40 2
41 2
42 1
43 6
44 3
45 2
46 6
47 9
48 10
49 11
50 11
51 8
52 20
53 13
54 16
55 24
56 31
57 25
58 47
59 44
60 58
61 41
62 55
63 50
64 57
65 40
66 64
67 66
68 87
69 52
70 57
71 51
72 81
73 59
74 37
75 58
76 33
77 37
78 33
79 36
80 23
81 15
82 11
83 3
84 5
85 4
86 3
87 3
88 2
89 0
90 0
91 0
92 0
93 0
94 0
95 0
96 0
97 0
98 0
99 0
100 0
101 0
14
9131
