0
0 1
1 0
2 0
3 0
4 2
5 3
6 3
7 3
8 19
9 23
10 17
11 19
12 30
13 44
14 27
15 40
16 52
17 31
18 65
19 43
20 52
21 32
22 61
23 56
24 35
25 52
26 30
27 56
28 40
29 39
30 30
31 40
32 43
33 40
34 18
35 31
36 30
37 20
38 21
39 29
40 27
41 21
42 21
43 18
44 16
45 10
46 12
47 14
48 11
49 5
50 16
51 6
52 10
53 10
54 3
55 6
56 5
57 3
58 4
59 2
60 1
61 2
62 1
63 1
64 1
65 0
66 1
67 0
68 0
69 1
70 0
71 0
72 0
73 0
74 0
75 0
76 0
77 0
78 0
79 0
80 0
81 0
82 0
83 0
84 0
85 0
86 0
87 0
88 0
89 0
90 0
91 0
92 0
93 0
94 0
95 0
96 0
97 0
98 0
99 0
100 0
101 0
12
9109
