78
1470 1463 65.2632
1470 1451 70.1299
1470 1373 75.2475
1470 1345 65.3061
1470 1292 61.5385
1470 1279 61.9048
1470 1274 60.5505
1470 1268 69.9029
1470 1261 62.7907
1470 1183 60.8696
1470 1154 65.9794
1470 1149 62.8571
1470 1145 69.4737
1470 1136 68.9655
1470 1089 62.6866
1470 1083 68.0851
1470 1065 67.3267
1470 1063 61.2245
1470 1015 65.1163
1470 995 68.6869
1470 994 65.7143
1470 973 66.6667
1470 960 62.5
1470 956 62.5
1470 949 64.4444
1470 943 60.7843
1470 929 62.5
1470 895 65.7895
1470 875 62.3656
1470 873 63.6364
1470 862 64.5833
1470 833 62.6263
1470 808 64.7619
1470 777 64.2202
1470 771 71.5789
1470 764 62.9213
1470 749 62.069
1470 724 72.3404
1470 707 65.2174
1470 675 62.1622
1470 651 65.8228
1470 649 64.0777
1470 619 63.6364
1470 576 65.2174
1470 570 60.2151
1470 564 65.8537
1470 532 64.9351
1470 531 61.1111
1470 513 63.6364
1470 506 62.3377
1470 499 63.5294
1470 487 60.4651
1470 453 75
1470 450 60.7843
1470 427 61.3333
1470 412 64.6465
1470 385 62.2642
1470 363 60.4167
1470 330 65.2174
1470 304 70.3704
1470 294 70.1031
1470 274 60.274
1470 271 61.7284
1470 250 60
1470 247 60.241
1470 198 64.1026
1470 142 70.2128
1470 103 67.4699
1470 69 62.069
1470 56 60.241
1470 52 77.8947
1470 47 62.6506
1470 43 62.5
1470 30 69.0476
1470 22 60.7843
1470 13 70.5882
1470 5 64.4444
1470 3 65.8228
0 0
1 0
2 0
3 0
4 0
5 0
6 0
7 0
8 0
9 0
10 3
11 0
12 0
13 0
14 3
15 1
16 2
17 6
18 3
19 2
20 11
21 10
22 6
23 14
24 15
25 15
26 22
27 17
28 18
29 24
30 42
31 40
32 43
33 50
34 38
35 26
36 36
37 59
38 36
39 58
40 57
41 27
42 50
43 60
44 44
45 48
46 57
47 45
48 46
49 47
50 41
51 27
52 29
53 34
54 21
55 28
56 36
57 18
58 29
59 31
60 17
61 11
62 6
63 16
64 4
65 9
66 12
67 1
68 2
69 3
70 3
71 5
72 1
73 1
74 0
75 1
76 1
77 0
78 1
79 0
80 0
81 0
82 0
83 0
84 0
85 0
86 0
87 0
88 0
89 0
90 0
91 0
92 0
93 0
94 0
95 0
96 0
97 0
98 0
99 0
100 0
101 0
17
11771
