2
142 34 71.5596
142 24 70.8333
0 0
1 0
2 0
3 0
4 0
5 0
6 0
7 0
8 0
9 0
10 1
11 0
12 0
13 0
14 0
15 0
16 0
17 0
18 1
19 1
20 1
21 2
22 0
23 0
24 3
25 0
26 1
27 4
28 0
29 0
30 1
31 3
32 3
33 3
34 3
35 0
36 5
37 5
38 3
39 4
40 4
41 2
42 4
43 12
44 3
45 7
46 6
47 3
48 5
49 2
50 6
51 4
52 2
53 2
54 1
55 4
56 5
57 3
58 1
59 2
60 2
61 2
62 1
63 2
64 4
65 2
66 1
67 0
68 2
69 1
70 0
71 1
72 1
73 0
74 0
75 0
76 0
77 0
78 0
79 0
80 0
81 0
82 0
83 0
84 0
85 0
86 0
87 0
88 0
89 0
90 0
91 0
92 0
93 0
94 0
95 0
96 0
97 0
98 0
99 0
100 0
101 0
1
51
