15
1573 1533 60
1573 1473 60.1942
1573 1377 60
1573 1310 60.8696
1573 1252 64.5833
1573 1236 60
1573 1114 62.8571
1573 907 60.4167
1573 812 61.7021
1573 650 62.8571
1573 497 66
1573 395 60.9524
1573 354 70.2128
1573 160 69.2308
1573 133 62.9213
0 0
1 0
2 0
3 1
4 0
5 0
6 6
7 3
8 4
9 15
10 8
11 18
12 18
13 17
14 15
15 24
16 24
17 28
18 47
19 48
20 38
21 46
22 53
23 48
24 45
25 55
26 47
27 49
28 66
29 35
30 51
31 61
32 39
33 47
34 42
35 40
36 48
37 36
38 38
39 49
40 43
41 26
42 30
43 25
44 31
45 27
46 24
47 15
48 17
49 15
50 12
51 6
52 9
53 14
54 10
55 10
56 10
57 8
58 2
59 5
60 12
61 4
62 1
63 3
64 0
65 1
66 1
67 0
68 0
69 0
70 1
71 1
72 0
73 0
74 0
75 0
76 0
77 0
78 0
79 0
80 0
81 0
82 0
83 0
84 0
85 0
86 0
87 0
88 0
89 0
90 0
91 0
92 0
93 0
94 0
95 0
96 0
97 0
98 0
99 0
100 0
101 0
18
13716
