45
1570 1556 62.2222
1570 1504 61.2245
1570 1498 67.8571
1570 1465 64.4068
1570 1437 63.3333
1570 1422 60
1570 1413 66.6667
1570 1383 60
1570 1372 71.4286
1570 1338 63.1579
1570 1315 69.8413
1570 1297 66.6667
1570 1272 66.6667
1570 1241 65.3061
1570 1192 60.7143
1570 1189 62.7451
1570 1186 65.2174
1570 1147 63.6364
1570 1129 62.7451
1570 1073 73.1707
1570 841 60
1570 790 64
1570 786 65.2174
1570 752 61.2903
1570 741 71.4286
1570 720 65.4545
1570 716 61.2245
1570 684 61.0169
1570 683 61.5385
1570 681 64.7059
1570 680 64
1570 584 61.9048
1570 544 60
1570 532 61.8182
1570 459 61.5385
1570 308 67.6923
1570 274 66.6667
1570 249 66.6667
1570 232 75.6757
1570 198 64.2857
1570 124 60
1570 95 66.6667
1570 90 60
1570 69 61.5385
1570 17 65
0 0
1 0
2 0
3 0
4 0
5 0
6 0
7 0
8 0
9 0
10 0
11 1
12 1
13 0
14 3
15 2
16 3
17 1
18 4
19 12
20 13
21 11
22 16
23 20
24 20
25 33
26 31
27 22
28 46
29 33
30 42
31 36
32 68
33 46
34 44
35 68
36 64
37 74
38 73
39 51
40 95
41 25
42 56
43 58
44 47
45 59
46 44
47 42
48 49
49 26
50 34
51 13
52 35
53 27
54 12
55 12
56 10
57 16
58 10
59 13
60 9
61 1
62 9
63 3
64 5
65 4
66 4
67 6
68 2
69 0
70 1
71 0
72 2
73 0
74 1
75 0
76 1
77 0
78 0
79 0
80 0
81 0
82 0
83 0
84 0
85 0
86 0
87 0
88 0
89 0
90 0
91 0
92 0
93 0
94 0
95 0
96 0
97 0
98 0
99 0
100 0
101 0
17
13662
