60
1548 1546 72.7273
1548 1542 60.6742
1548 1527 60.7843
1548 1474 65.0602
1548 1472 60.274
1548 1388 65.8824
1548 1321 64.6465
1548 1320 60.274
1548 1318 65.8228
1548 1240 68.4932
1548 1206 66.6667
1548 1197 63.5294
1548 1193 61.3636
1548 1162 62.2222
1548 1149 62
1548 1121 63.0137
1548 1058 60.8696
1548 1045 65.6716
1548 1026 63.5294
1548 979 62.069
1548 934 60.6742
1548 907 65.8824
1548 885 64.4444
1548 835 60.2151
1548 818 62.069
1548 799 61.3333
1548 773 71.4286
1548 745 63.4146
1548 730 70.1299
1548 698 73.9726
1548 678 64.7887
1548 672 61.8557
1548 601 63.4146
1548 557 60
1548 537 60.6061
1548 511 62.5
1548 508 70.1299
1548 497 60.6742
1548 491 64.7059
1548 488 60.6742
1548 471 64.3678
1548 449 65.8824
1548 448 67.6471
1548 433 63.0435
1548 428 60.4651
1548 395 63.8298
1548 390 75.2688
1548 377 67.6923
1548 324 64
1548 275 68.4211
1548 238 63.3663
1548 221 60.7843
1548 144 64.2857
1548 128 62.2951
1548 116 64.7059
1548 82 61.7284
1548 72 69.1358
1548 34 67.3469
1548 6 62.5
1548 4 61.2245
0 0
1 0
2 0
3 0
4 0
5 0
6 0
7 0
8 1
9 0
10 3
11 11
12 2
13 3
14 10
15 15
16 10
17 9
18 24
19 16
20 24
21 22
22 26
23 29
24 37
25 31
26 34
27 34
28 28
29 34
30 44
31 37
32 34
33 67
34 30
35 56
36 47
37 41
38 45
39 58
40 59
41 31
42 49
43 36
44 53
45 49
46 33
47 29
48 45
49 26
50 41
51 29
52 21
53 18
54 18
55 24
56 13
57 14
58 17
59 16
60 5
61 12
62 6
63 6
64 9
65 7
66 6
67 1
68 3
69 2
70 1
71 2
72 1
73 1
74 1
75 0
76 1
77 0
78 0
79 0
80 0
81 0
82 0
83 0
84 0
85 0
86 0
87 0
88 0
89 0
90 0
91 0
92 0
93 0
94 0
95 0
96 0
97 0
98 0
99 0
100 0
101 0
24
13267
