2
1695 1019 72.3404
1695 367 71.4286
0 0
1 0
2 0
3 0
4 3
5 2
6 6
7 0
8 8
9 9
10 13
11 20
12 17
13 21
14 19
15 39
16 35
17 50
18 41
19 43
20 50
21 51
22 59
23 59
24 56
25 69
26 47
27 71
28 61
29 42
30 52
31 43
32 55
33 57
34 42
35 49
36 44
37 42
38 44
39 36
40 42
41 21
42 31
43 32
44 32
45 27
46 15
47 16
48 20
49 13
50 15
51 8
52 14
53 10
54 8
55 6
56 4
57 5
58 5
59 2
60 6
61 0
62 1
63 1
64 1
65 0
66 1
67 1
68 0
69 0
70 0
71 0
72 1
73 1
74 0
75 0
76 0
77 0
78 0
79 0
80 0
81 0
82 0
83 0
84 0
85 0
86 0
87 0
88 0
89 0
90 0
91 0
92 0
93 0
94 0
95 0
96 0
97 0
98 0
99 0
100 0
101 0
18
15975
