53
1671 1660 61.2903
1671 1633 65.8824
1671 1555 72.2892
1671 1494 63.0137
1671 1492 68.5714
1671 1453 62.1622
1671 1428 63.0435
1671 1397 63.7681
1671 1265 62.6866
1671 1234 70.3704
1671 1173 65.625
1671 1123 63.4921
1671 1105 62.963
1671 1051 60.3175
1671 1037 60.4651
1671 1016 62.7451
1671 1009 62.069
1671 1002 62.1622
1671 1000 71.875
1671 953 62.6506
1671 948 65.2632
1671 941 71.4286
1671 928 60
1671 926 66.6667
1671 904 67.7966
1671 892 69.697
1671 891 63.6364
1671 890 65.5738
1671 818 63.4146
1671 781 64.1026
1671 648 60
1671 622 65.2632
1671 603 62.6866
1671 593 68.5714
1671 590 61.0169
1671 569 63.3333
1671 507 64.7059
1671 505 60.8696
1671 486 62.3377
1671 474 61.1765
1671 367 63.7681
1671 364 60.4651
1671 356 64.5161
1671 293 69.1358
1671 250 62.8571
1671 248 60
1671 229 69.0476
1671 187 63.1579
1671 149 64.5161
1671 114 65.7895
1671 83 62.8571
1671 76 61.7647
1671 36 63.3333
0 0
1 0
2 0
3 0
4 0
5 0
6 0
7 0
8 4
9 2
10 6
11 3
12 8
13 7
14 4
15 10
16 26
17 14
18 14
19 13
20 39
21 16
22 26
23 25
24 41
25 42
26 18
27 29
28 46
29 36
30 58
31 54
32 71
33 56
34 41
35 63
36 59
37 45
38 42
39 66
40 60
41 31
42 49
43 48
44 38
45 54
46 45
47 24
48 41
49 31
50 36
51 17
52 28
53 20
54 22
55 18
56 16
57 16
58 16
59 10
60 16
61 4
62 4
63 11
64 10
65 4
66 6
67 1
68 1
69 2
70 3
71 1
72 2
73 1
74 0
75 0
76 0
77 0
78 0
79 0
80 0
81 0
82 0
83 0
84 0
85 0
86 0
87 0
88 0
89 0
90 0
91 0
92 0
93 0
94 0
95 0
96 0
97 0
98 0
99 0
100 0
101 0
18
15486
