10
1682 1645 61.5385
1682 1593 60
1682 1446 60.5263
1682 1116 64.1509
1682 760 62.069
1682 588 80
1682 241 61.5385
1682 157 64
1682 109 60.4651
1682 21 64.1509
0 3
1 0
2 0
3 1
4 8
5 25
6 11
7 13
8 15
9 35
10 41
11 13
12 29
13 40
14 46
15 52
16 38
17 45
18 35
19 51
20 64
21 52
22 36
23 59
24 69
25 66
26 40
27 48
28 49
29 51
30 60
31 35
32 48
33 37
34 34
35 29
36 44
37 31
38 26
39 27
40 43
41 12
42 25
43 17
44 19
45 23
46 20
47 20
48 17
49 18
50 13
51 4
52 3
53 6
54 4
55 4
56 3
57 2
58 8
59 3
60 2
61 2
62 2
63 1
64 1
65 2
66 0
67 0
68 0
69 0
70 0
71 0
72 0
73 0
74 0
75 0
76 0
77 0
78 0
79 0
80 1
81 0
82 0
83 0
84 0
85 0
86 0
87 0
88 0
89 0
90 0
91 0
92 0
93 0
94 0
95 0
96 0
97 0
98 0
99 0
100 0
101 0
28
15742
