106
1736 1710 66.6667
1736 1705 64.9351
1736 1700 60.6742
1736 1697 61.1111
1736 1663 63.0137
1736 1646 61.0526
1736 1614 60.274
1736 1589 69.3333
1736 1557 60.8696
1736 1551 60.274
1736 1544 61.3636
1736 1543 61.9048
1736 1542 71.4286
1736 1528 73.0159
1736 1482 63.8889
1736 1474 64.1026
1736 1451 65.6716
1736 1437 63.8889
1736 1422 61.2903
1736 1389 70.9677
1736 1364 60
1736 1360 60
1736 1356 67.7419
1736 1302 62.9213
1736 1297 66.6667
1736 1214 66.6667
1736 1198 64.2857
1736 1197 60
1736 1191 66.6667
1736 1186 62.069
1736 1158 60
1736 1132 65.7143
1736 1129 66.6667
1736 1118 62.7451
1736 1115 65.1163
1736 1106 60.6061
1736 1103 67.5325
1736 1052 62.6866
1736 1041 61.1111
1736 1025 67.7966
1736 996 63.4921
1736 966 67.7966
1736 955 60
1736 947 63.5294
1736 931 67.7419
1736 930 61.5385
1736 928 62.8571
1736 879 74.0741
1736 875 60.241
1736 868 75.3623
1736 833 65.1685
1736 829 67.7419
1736 818 60.9756
1736 812 66.6667
1736 800 61.7647
1736 778 61.2903
1736 766 67.5
1736 755 65.9341
1736 752 67.5676
1736 720 62.6866
1736 711 63.6364
1736 698 61.7647
1736 684 61.9718
1736 681 62.5
1736 674 62.7451
1736 658 62.3656
1736 656 61.3333
1736 597 60.9756
1736 596 61.0169
1736 529 61.2903
1736 512 64.1975
1736 508 63.8889
1736 487 68.4211
1736 437 68.8525
1736 429 65.0602
1736 428 64.1975
1736 426 62.8571
1736 418 62.069
1736 415 68.6567
1736 395 65.1685
1736 377 60
1736 366 63.7681
1736 365 62.6866
1736 362 60
1736 340 66.6667
1736 324 65.7143
1736 311 60.9756
1736 274 60.3175
1736 247 63.0137
1736 233 61.2245
1736 223 60.3774
1736 207 60
1736 181 66.6667
1736 144 60.7595
1736 141 60.5263
1736 136 64
1736 125 62.8571
1736 113 64.1026
1736 111 70.1299
1736 107 62.6866
1736 100 76.1905
1736 95 60.3175
1736 86 69.2308
1736 85 60.8696
1736 72 60.5263
1736 27 73.3333
0 0
1 0
2 0
3 0
4 0
5 0
6 0
7 0
8 0
9 0
10 0
11 0
12 1
13 2
14 0
15 1
16 6
17 3
18 4
19 3
20 16
21 6
22 17
23 11
24 18
25 21
26 20
27 23
28 29
29 27
30 36
31 29
32 49
33 47
34 37
35 51
36 61
37 40
38 55
39 69
40 62
41 44
42 72
43 57
44 66
45 63
46 50
47 46
48 68
49 44
50 76
51 32
52 49
53 38
54 37
55 28
56 20
57 27
58 20
59 22
60 34
61 16
62 15
63 14
64 10
65 6
66 8
67 8
68 8
69 3
70 2
71 2
72 1
73 0
74 2
75 1
76 1
77 1
78 0
79 0
80 0
81 0
82 0
83 0
84 0
85 0
86 0
87 0
88 0
89 0
90 0
91 0
92 0
93 0
94 0
95 0
96 0
97 0
98 0
99 0
100 0
101 0
20
16945
