1
1720 199 72.7273
0 0
1 0
2 0
3 0
4 0
5 0
6 0
7 0
8 0
9 3
10 0
11 0
12 4
13 1
14 5
15 3
16 6
17 12
18 6
19 10
20 16
21 13
22 20
23 29
24 11
25 38
26 31
27 22
28 45
29 52
30 32
31 46
32 55
33 43
34 49
35 56
36 59
37 62
38 66
39 69
40 64
41 53
42 66
43 50
44 52
45 41
46 52
47 44
48 44
49 42
50 57
51 27
52 34
53 28
54 32
55 20
56 22
57 15
58 13
59 11
60 19
61 11
62 11
63 7
64 12
65 7
66 3
67 4
68 8
69 3
70 2
71 0
72 0
73 1
74 0
75 0
76 0
77 0
78 0
79 0
80 0
81 0
82 0
83 0
84 0
85 0
86 0
87 0
88 0
89 0
90 0
91 0
92 0
93 0
94 0
95 0
96 0
97 0
98 0
99 0
100 0
101 0
22
16485
