2
1790 1517 70.8333
1790 865 72.7273
0 2
1 0
2 0
3 0
4 3
5 8
6 5
7 1
8 9
9 17
10 11
11 14
12 12
13 16
14 31
15 21
16 29
17 26
18 33
19 34
20 39
21 28
22 60
23 61
24 47
25 49
26 41
27 46
28 62
29 66
30 50
31 42
32 80
33 61
34 36
35 52
36 59
37 38
38 51
39 37
40 52
41 27
42 47
43 43
44 39
45 33
46 35
47 20
48 33
49 27
50 24
51 7
52 14
53 17
54 14
55 12
56 10
57 9
58 8
59 8
60 4
61 4
62 4
63 4
64 4
65 2
66 3
67 2
68 0
69 2
70 2
71 1
72 0
73 1
74 0
75 0
76 0
77 0
78 0
79 0
80 0
81 0
82 0
83 0
84 0
85 0
86 0
87 0
88 0
89 0
90 0
91 0
92 0
93 0
94 0
95 0
96 0
97 0
98 0
99 0
100 0
101 0
25
17891
