63
1768 1736 62.2951
1768 1714 60.4651
1768 1663 60.6061
1768 1621 65.5172
1768 1599 61.9718
1768 1575 66.6667
1768 1548 63.6364
1768 1546 65.7895
1768 1528 64.2857
1768 1522 62.2222
1768 1422 61.8182
1768 1364 60.4651
1768 1302 60.9756
1768 1297 60.7143
1768 1280 60.9756
1768 1262 65.4545
1768 1222 60.3774
1768 1198 62.3377
1768 1197 65.7534
1768 1195 62.963
1768 1192 62.2951
1768 1132 63.4921
1768 1118 63.6364
1768 1106 61.0169
1768 1103 60
1768 1058 66.6667
1768 965 67.9245
1768 931 65.4545
1768 930 61.9048
1768 868 64.5161
1768 848 62.2222
1768 831 60
1768 829 69.0909
1768 800 62.2951
1768 799 66.6667
1768 766 63.0137
1768 755 61.9048
1768 745 60
1768 738 60.8696
1768 730 64.6154
1768 684 62.5
1768 656 67.6471
1768 535 68
1768 526 63.6364
1768 511 61.5385
1768 491 67.8571
1768 471 61.3333
1768 437 62.963
1768 418 66.6667
1768 404 61.8182
1768 395 63.4146
1768 377 64.1509
1768 347 60.8696
1768 324 60.3175
1768 234 63.4921
1768 223 60.8696
1768 144 61.1111
1768 141 60.8696
1768 128 69.3878
1768 100 60.7143
1768 72 60.8696
1768 27 67.9245
1768 12 64.5161
0 0
1 0
2 0
3 0
4 0
5 0
6 0
7 0
8 0
9 0
10 0
11 0
12 1
13 3
14 3
15 2
16 6
17 3
18 6
19 13
20 11
21 9
22 13
23 25
24 36
25 27
26 23
27 22
28 50
29 47
30 37
31 40
32 66
33 45
34 48
35 44
36 59
37 71
38 40
39 53
40 107
41 45
42 64
43 61
44 57
45 57
46 64
47 52
48 55
49 30
50 65
51 26
52 46
53 21
54 33
55 30
56 24
57 15
58 20
59 19
60 13
61 14
62 9
63 9
64 7
65 5
66 5
67 4
68 5
69 0
70 2
71 0
72 0
73 0
74 0
75 0
76 0
77 0
78 0
79 0
80 0
81 0
82 0
83 0
84 0
85 0
86 0
87 0
88 0
89 0
90 0
91 0
92 0
93 0
94 0
95 0
96 0
97 0
98 0
99 0
100 0
101 0
21
17580
