0
0 0
1 0
2 0
3 0
4 0
5 0
6 0
7 1
8 1
9 1
10 3
11 0
12 3
13 2
14 3
15 3
16 2
17 3
18 6
19 3
20 2
21 4
22 2
23 4
24 2
25 7
26 4
27 10
28 8
29 3
30 5
31 7
32 5
33 6
34 6
35 8
36 4
37 7
38 2
39 6
40 8
41 3
42 2
43 5
44 4
45 3
46 3
47 5
48 1
49 2
50 3
51 0
52 1
53 0
54 0
55 1
56 0
57 0
58 1
59 0
60 2
61 0
62 0
63 0
64 0
65 0
66 0
67 0
68 0
69 0
70 0
71 0
72 0
73 0
74 0
75 0
76 0
77 0
78 0
79 0
80 0
81 0
82 0
83 0
84 0
85 0
86 0
87 0
88 0
89 0
90 0
91 0
92 0
93 0
94 0
95 0
96 0
97 0
98 0
99 0
100 0
101 0
1
69
