0
0 0
1 0
2 0
3 0
4 0
5 0
6 0
7 0
8 0
9 0
10 0
11 0
12 0
13 0
14 0
15 0
16 0
17 0
18 0
19 0
20 0
21 0
22 0
23 0
24 0
25 0
26 1
27 2
28 1
29 1
30 1
31 2
32 5
33 1
34 2
35 1
36 8
37 5
38 6
39 7
40 9
41 10
42 5
43 18
44 17
45 11
46 16
47 23
48 35
49 33
50 33
51 31
52 43
53 41
54 40
55 49
56 70
57 41
58 65
59 70
60 65
61 56
62 64
63 68
64 68
65 67
66 70
67 58
68 63
69 57
70 62
71 44
72 51
73 39
74 32
75 33
76 25
77 29
78 28
79 21
80 17
81 15
82 11
83 6
84 0
85 2
86 3
87 2
88 0
89 2
90 0
91 0
92 0
93 0
94 0
95 0
96 0
97 0
98 0
99 0
100 0
101 0
17
14329
