0
0 0
1 0
2 0
3 0
4 0
5 0
6 0
7 0
8 2
9 0
10 3
11 0
12 4
13 3
14 4
15 15
16 5
17 10
18 13
19 10
20 24
21 14
22 31
23 25
24 25
25 43
26 32
27 41
28 40
29 49
30 37
31 38
32 64
33 37
34 62
35 55
36 62
37 41
38 63
39 52
40 67
41 41
42 66
43 52
44 63
45 48
46 39
47 45
48 32
49 45
50 48
51 33
52 37
53 36
54 34
55 34
56 20
57 31
58 22
59 16
60 12
61 15
62 14
63 8
64 15
65 9
66 9
67 4
68 6
69 3
70 2
71 1
72 2
73 1
74 1
75 0
76 0
77 0
78 0
79 0
80 0
81 0
82 0
83 0
84 0
85 0
86 0
87 0
88 0
89 0
90 0
91 0
92 0
93 0
94 0
95 0
96 0
97 0
98 0
99 0
100 0
101 0
20
15655
