19
1817 1717 64
1817 1671 62.069
1817 1494 63.4921
1817 1453 71.875
1817 1397 64.4068
1817 1250 69.3878
1817 1163 63.6364
1817 1057 62.1622
1817 1016 82.9268
1817 941 69.5652
1817 892 75
1817 690 62.7451
1817 682 64.1509
1817 569 80
1817 353 60.4651
1817 254 60
1817 231 62.2222
1817 83 63.3333
1817 36 72
0 1
1 0
2 0
3 1
4 1
5 9
6 3
7 4
8 5
9 10
10 29
11 14
12 16
13 20
14 31
15 35
16 30
17 37
18 32
19 35
20 67
21 55
22 44
23 35
24 65
25 75
26 42
27 74
28 59
29 48
30 67
31 43
32 53
33 35
34 49
35 63
36 54
37 32
38 46
39 47
40 77
41 29
42 42
43 26
44 33
45 32
46 19
47 24
48 21
49 17
50 20
51 8
52 11
53 17
54 14
55 14
56 12
57 4
58 4
59 1
60 7
61 1
62 0
63 4
64 4
65 2
66 0
67 0
68 0
69 0
70 2
71 0
72 2
73 0
74 0
75 1
76 0
77 0
78 0
79 0
80 1
81 0
82 0
83 1
84 0
85 0
86 0
87 0
88 0
89 0
90 0
91 0
92 0
93 0
94 0
95 0
96 0
97 0
98 0
99 0
100 0
101 0
22
18635
