11
1807 1510 61.5385
1807 1456 66.6667
1807 1411 60.3774
1807 1123 66.6667
1807 1043 61.5385
1807 1016 60.6061
1807 892 66.6667
1807 776 62.8571
1807 769 72.2222
1807 569 61.9048
1807 36 61.9048
0 6
1 0
2 0
3 0
4 3
5 8
6 15
7 24
8 17
9 20
10 33
11 27
12 40
13 60
14 44
15 46
16 60
17 43
18 64
19 59
20 66
21 36
22 49
23 49
24 63
25 87
26 40
27 56
28 63
29 46
30 72
31 47
32 56
33 41
34 37
35 45
36 38
37 40
38 44
39 26
40 37
41 17
42 23
43 18
44 29
45 12
46 10
47 5
48 19
49 9
50 11
51 1
52 5
53 4
54 7
55 6
56 4
57 3
58 3
59 2
60 0
61 2
62 4
63 1
64 0
65 0
66 0
67 3
68 0
69 0
70 0
71 0
72 0
73 1
74 0
75 0
76 0
77 0
78 0
79 0
80 0
81 0
82 0
83 0
84 0
85 0
86 0
87 0
88 0
89 0
90 0
91 0
92 0
93 0
94 0
95 0
96 0
97 0
98 0
99 0
100 0
101 0
23
18373
