96
1852 1841 61.1765
1852 1840 61.1111
1852 1812 61.5385
1852 1800 65.7143
1852 1789 60.6061
1852 1768 62.5
1852 1749 61.9718
1852 1720 60.8696
1852 1706 60.9756
1852 1702 65.5738
1852 1655 72.093
1852 1646 69.3878
1852 1623 69.3333
1852 1622 61.2903
1852 1617 61.5385
1852 1610 67.4699
1852 1599 61.7284
1852 1584 61.7284
1852 1580 62.5
1852 1576 61.7284
1852 1575 62.2951
1852 1546 62.7907
1852 1522 61.8182
1852 1520 60.7595
1852 1516 61.9718
1852 1464 63.3333
1852 1422 61.5385
1852 1397 61.1111
1852 1381 62.3377
1852 1380 70.8333
1852 1349 62.963
1852 1343 62.6506
1852 1337 60.6061
1852 1330 64.3678
1852 1320 61.9718
1852 1311 61.5385
1852 1281 74.1573
1852 1280 69.5652
1852 1262 61.5385
1852 1254 60.2151
1852 1251 63.2911
1852 1230 63.4921
1852 1228 69.8795
1852 1221 62.6866
1852 1195 62.5
1852 1192 64.7887
1852 1160 61.1111
1852 1158 67.4699
1852 1156 61.8557
1852 1104 61.3636
1852 1101 61.5385
1852 1098 62.5
1852 1079 61.1111
1852 1051 60.6061
1852 1022 69.2308
1852 989 61.8182
1852 938 67.4419
1852 931 64.6154
1852 852 60.7143
1852 851 62.5
1852 839 60.274
1852 836 63.2911
1852 824 64.2857
1852 816 64
1852 800 61.9718
1852 799 65.7534
1852 766 62.6506
1852 756 64.3678
1852 744 63.5294
1852 738 68.3544
1852 681 60.241
1852 660 62.5
1852 640 63.4615
1852 621 64.1975
1852 599 70.1754
1852 554 64.7887
1852 538 60.274
1852 512 64.2857
1852 511 64.5161
1852 504 67.5
1852 456 64.1975
1852 436 68.1319
1852 414 62.8571
1852 374 61.7284
1852 363 60.6742
1852 327 66.6667
1852 317 61.5385
1852 288 63.0435
1852 266 62.5
1852 189 63.7363
1852 102 64.5161
1852 85 72.2222
1852 81 61.8557
1852 26 72
1852 16 63.8889
1852 12 63.8889
0 0
1 0
2 0
3 0
4 0
5 0
6 0
7 0
8 1
9 1
10 0
11 1
12 6
13 0
14 3
15 3
16 7
17 4
18 11
19 13
20 11
21 10
22 18
23 24
24 22
25 26
26 29
27 40
28 12
29 30
30 35
31 43
32 42
33 42
34 79
35 54
36 41
37 59
38 76
39 60
40 81
41 37
42 60
43 59
44 55
45 66
46 63
47 68
48 48
49 43
50 76
51 30
52 39
53 40
54 30
55 32
56 30
57 21
58 31
59 24
60 19
61 12
62 26
63 15
64 11
65 11
66 3
67 1
68 4
69 2
70 5
71 2
72 1
73 2
74 0
75 1
76 0
77 0
78 0
79 0
80 0
81 0
82 0
83 0
84 0
85 0
86 0
87 0
88 0
89 0
90 0
91 0
92 0
93 0
94 0
95 0
96 0
97 0
98 0
99 0
100 0
101 0
20
19366
