45
1937 1895 61.2245
1937 1795 62.5
1937 1736 60.6061
1937 1665 63.1579
1937 1663 61.9718
1937 1621 60.3175
1937 1606 60
1937 1600 61.9718
1937 1434 68.4211
1937 1418 65.3061
1937 1279 63.8889
1937 1223 61.3333
1937 1198 63.4146
1937 1177 67.6923
1937 1151 71.4286
1937 1114 68.9655
1937 1081 62.9213
1937 1041 62.8571
1937 996 65.5738
1937 955 61.7647
1937 884 63.3333
1937 879 65.8228
1937 875 61.7284
1937 841 60
1937 814 71.6981
1937 812 63.1579
1937 759 61.0169
1937 672 64.4444
1937 631 60.274
1937 589 73.8462
1937 576 60
1937 537 67.7966
1937 497 70.7317
1937 479 69.4444
1937 428 60.7595
1937 423 65.3061
1937 417 60.3774
1937 412 62.069
1937 395 64.3678
1937 377 65.5172
1937 354 60.5263
1937 136 71.2329
1937 86 60.5263
1937 27 62.069
1937 22 64.4444
0 0
1 0
2 0
3 0
4 1
5 1
6 1
7 0
8 5
9 4
10 1
11 6
12 5
13 10
14 3
15 13
16 23
17 26
18 17
19 19
20 30
21 44
22 28
23 34
24 39
25 60
26 38
27 51
28 50
29 48
30 71
31 47
32 47
33 65
34 67
35 53
36 69
37 73
38 64
39 45
40 89
41 28
42 52
43 43
44 63
45 52
46 49
47 38
48 48
49 23
50 40
51 18
52 23
53 31
54 27
55 21
56 16
57 23
58 17
59 19
60 16
61 7
62 7
63 5
64 5
65 3
66 5
67 0
68 2
69 2
70 1
71 1
72 3
73 0
74 1
75 0
76 0
77 0
78 0
79 0
80 0
81 0
82 0
83 0
84 0
85 0
86 0
87 0
88 0
89 0
90 0
91 0
92 0
93 0
94 0
95 0
96 0
97 0
98 0
99 0
100 0
101 0
22
21334
