78
1961 1950 63.0435
1961 1949 61.3333
1961 1945 64.2857
1961 1934 65.3061
1961 1874 64.1975
1961 1873 63.5294
1961 1849 60.241
1961 1841 62.9213
1961 1824 61.7647
1961 1812 69.4737
1961 1802 63.4615
1961 1649 62.1622
1961 1623 65.8228
1961 1616 63.0137
1961 1589 63.4146
1961 1558 67.9245
1961 1557 64.6465
1961 1549 63.8298
1961 1544 61.0526
1961 1500 63.4615
1961 1490 61.1111
1961 1482 65.8228
1961 1474 61.1765
1961 1471 62.3377
1961 1423 69.9029
1961 1389 62
1961 1373 61.2245
1961 1371 60.4167
1961 1345 61.0526
1961 1285 63.1579
1961 1281 62.3656
1961 1245 60.9756
1961 1219 61.7647
1961 1212 66.6667
1961 1195 61.7647
1961 1183 62.9213
1961 1162 60.8696
1961 1126 64.9351
1961 1082 60
1961 967 68.9655
1961 949 66.6667
1961 938 64.4444
1961 908 62.7907
1961 823 65
1961 792 62.069
1961 780 63.4146
1961 777 62.2642
1961 756 63.7363
1961 749 64.2857
1961 738 65.0602
1961 736 63.4146
1961 728 65.1163
1961 668 60.5263
1961 649 62
1961 645 65.8537
1961 605 62.8571
1961 529 60.8696
1961 516 76.087
1961 474 65.2174
1961 459 64.2857
1961 386 63.0137
1961 383 62.7907
1961 352 70.4545
1961 314 60.6061
1961 310 64
1961 304 60.9524
1961 295 67.5
1961 266 64
1961 230 60.9756
1961 207 62.069
1961 203 64.7619
1961 197 62.5
1961 119 62.963
1961 111 73.8095
1961 85 73.6842
1961 77 62.7907
1961 63 61.6822
1961 26 68.3544
0 0
1 0
2 0
3 0
4 0
5 0
6 0
7 0
8 1
9 2
10 0
11 3
12 0
13 3
14 6
15 6
16 6
17 4
18 14
19 6
20 17
21 18
22 19
23 14
24 22
25 53
26 16
27 46
28 40
29 55
30 38
31 36
32 59
33 78
34 39
35 64
36 41
37 55
38 65
39 54
40 77
41 44
42 72
43 66
44 63
45 52
46 50
47 61
48 47
49 51
50 77
51 34
52 52
53 45
54 43
55 43
56 29
57 36
58 28
59 17
60 16
61 9
62 12
63 14
64 14
65 9
66 7
67 2
68 2
69 2
70 2
71 1
72 0
73 0
74 2
75 0
76 0
77 1
78 0
79 0
80 0
81 0
82 0
83 0
84 0
85 0
86 0
87 0
88 0
89 0
90 0
91 0
92 0
93 0
94 0
95 0
96 0
97 0
98 0
99 0
100 0
101 0
22
21862
