0
0 0
1 0
2 0
3 0
4 0
5 0
6 0
7 0
8 0
9 0
10 0
11 0
12 0
13 0
14 0
15 0
16 0
17 0
18 1
19 0
20 1
21 0
22 0
23 0
24 0
25 0
26 0
27 0
28 1
29 2
30 5
31 2
32 0
33 3
34 6
35 5
36 5
37 9
38 8
39 10
40 4
41 9
42 16
43 8
44 16
45 19
46 18
47 17
48 26
49 25
50 42
51 18
52 39
53 30
54 42
55 40
56 57
57 38
58 41
59 58
60 79
61 37
62 71
63 61
64 83
65 66
66 84
67 61
68 62
69 67
70 74
71 62
72 55
73 55
74 53
75 65
76 39
77 41
78 35
79 44
80 27
81 11
82 20
83 13
84 5
85 5
86 1
87 1
88 0
89 0
90 2
91 0
92 0
93 0
94 0
95 0
96 0
97 0
98 0
99 0
100 0
101 0
17
16782
