4
1994 1964 70.9677
1994 1888 74.4186
1994 1724 73.913
1994 1595 70.5882
0 3
1 0
2 0
3 2
4 9
5 29
6 11
7 8
8 17
9 26
10 36
11 33
12 29
13 33
14 43
15 46
16 48
17 50
18 49
19 46
20 69
21 51
22 60
23 46
24 87
25 75
26 51
27 76
28 53
29 57
30 55
31 49
32 70
33 48
34 28
35 51
36 44
37 41
38 45
39 42
40 63
41 13
42 37
43 31
44 28
45 22
46 15
47 16
48 21
49 18
50 24
51 10
52 14
53 8
54 8
55 9
56 7
57 8
58 4
59 3
60 1
61 2
62 0
63 3
64 2
65 2
66 0
67 0
68 0
69 2
70 2
71 2
72 0
73 0
74 1
75 1
76 0
77 0
78 0
79 0
80 0
81 0
82 0
83 0
84 0
85 0
86 0
87 0
88 0
89 0
90 0
91 0
92 0
93 0
94 0
95 0
96 0
97 0
98 0
99 0
100 0
101 0
19
22818
