0
0 0
1 0
2 0
3 0
4 0
5 0
6 0
7 0
8 0
9 0
10 0
11 0
12 0
13 0
14 0
15 0
16 0
17 0
18 0
19 1
20 0
21 0
22 0
23 0
24 0
25 0
26 0
27 0
28 1
29 1
30 0
31 0
32 0
33 1
34 7
35 2
36 2
37 3
38 2
39 3
40 7
41 6
42 9
43 11
44 20
45 28
46 24
47 12
48 30
49 34
50 49
51 33
52 40
53 49
54 48
55 66
56 56
57 68
58 77
59 74
60 80
61 81
62 99
63 80
64 97
65 94
66 108
67 62
68 53
69 83
70 72
71 65
72 67
73 44
74 48
75 42
76 29
77 36
78 18
79 15
80 15
81 5
82 5
83 5
84 1
85 2
86 0
87 1
88 0
89 0
90 0
91 0
92 0
93 0
94 1
95 0
96 0
97 0
98 1
99 0
100 0
101 0
20
20127
