0
0 0
1 0
2 0
3 0
4 0
5 0
6 0
7 0
8 0
9 0
10 0
11 0
12 0
13 0
14 0
15 0
16 0
17 0
18 0
19 0
20 0
21 0
22 0
23 0
24 0
25 0
26 0
27 0
28 0
29 0
30 0
31 0
32 0
33 0
34 2
35 0
36 0
37 1
38 1
39 1
40 0
41 0
42 0
43 1
44 0
45 0
46 1
47 1
48 4
49 4
50 2
51 3
52 5
53 1
54 2
55 3
56 8
57 4
58 14
59 10
60 5
61 9
62 6
63 3
64 10
65 8
66 4
67 16
68 7
69 4
70 7
71 5
72 7
73 7
74 3
75 5
76 5
77 0
78 5
79 1
80 6
81 3
82 4
83 1
84 2
85 1
86 1
87 0
88 0
89 0
90 0
91 0
92 0
93 0
94 0
95 0
96 0
97 0
98 0
99 0
100 0
101 0
2
104
