0
0 0
1 0
2 0
3 0
4 0
5 0
6 0
7 0
8 0
9 0
10 0
11 0
12 0
13 0
14 0
15 0
16 0
17 0
18 0
19 0
20 0
21 0
22 0
23 0
24 0
25 0
26 0
27 0
28 0
29 0
30 0
31 1
32 0
33 1
34 1
35 0
36 5
37 2
38 4
39 7
40 3
41 1
42 8
43 8
44 12
45 11
46 10
47 7
48 17
49 25
50 22
51 25
52 28
53 41
54 33
55 34
56 52
57 69
58 77
59 63
60 98
61 70
62 79
63 77
64 98
65 93
66 99
67 85
68 95
69 90
70 91
71 60
72 71
73 80
74 55
75 47
76 38
77 28
78 32
79 24
80 13
81 7
82 6
83 2
84 3
85 2
86 0
87 0
88 0
89 0
90 1
91 0
92 1
93 0
94 0
95 0
96 0
97 0
98 0
99 0
100 0
101 0
19
18897
