0
0 0
1 0
2 0
3 0
4 0
5 0
6 0
7 0
8 0
9 0
10 0
11 0
12 0
13 0
14 0
15 0
16 0
17 0
18 0
19 0
20 0
21 0
22 0
23 0
24 0
25 0
26 1
27 0
28 0
29 1
30 0
31 1
32 1
33 0
34 1
35 4
36 2
37 4
38 4
39 5
40 9
41 3
42 6
43 12
44 13
45 18
46 25
47 18
48 27
49 23
50 39
51 40
52 44
53 55
54 46
55 43
56 59
57 66
58 90
59 69
60 82
61 67
62 104
63 79
64 83
65 74
66 108
67 86
68 83
69 73
70 69
71 72
72 61
73 48
74 59
75 38
76 24
77 26
78 20
79 11
80 14
81 8
82 6
83 5
84 2
85 2
86 0
87 1
88 1
89 0
90 0
91 0
92 0
93 0
94 1
95 0
96 0
97 0
98 0
99 0
100 0
101 0
20
19375
