0
0 0
1 0
2 0
3 0
4 0
5 0
6 0
7 0
8 0
9 0
10 0
11 0
12 0
13 0
14 0
15 0
16 0
17 0
18 0
19 0
20 0
21 0
22 0
23 0
24 1
25 0
26 0
27 0
28 0
29 1
30 0
31 0
32 1
33 2
34 6
35 2
36 3
37 5
38 10
39 2
40 17
41 10
42 8
43 9
44 10
45 22
46 16
47 34
48 15
49 37
50 42
51 26
52 52
53 52
54 69
55 74
56 57
57 61
58 79
59 69
60 73
61 74
62 85
63 68
64 82
65 78
66 59
67 76
68 61
69 72
70 62
71 53
72 64
73 51
74 58
75 47
76 33
77 37
78 31
79 18
80 18
81 8
82 6
83 12
84 8
85 8
86 3
87 2
88 1
89 0
90 1
91 0
92 0
93 0
94 0
95 1
96 0
97 0
98 0
99 0
100 0
101 0
20
19497
