0
0 0
1 0
2 0
3 0
4 0
5 0
6 0
7 0
8 0
9 0
10 0
11 0
12 0
13 0
14 0
15 0
16 0
17 0
18 0
19 0
20 0
21 0
22 1
23 1
24 0
25 0
26 1
27 2
28 0
29 1
30 2
31 1
32 3
33 2
34 2
35 2
36 5
37 4
38 5
39 6
40 10
41 8
42 12
43 13
44 18
45 12
46 20
47 21
48 24
49 27
50 51
51 37
52 52
53 54
54 44
55 48
56 68
57 67
58 64
59 65
60 97
61 86
62 103
63 90
64 84
65 93
66 61
67 106
68 84
69 83
70 78
71 83
72 68
73 59
74 38
75 50
76 32
77 30
78 26
79 20
80 12
81 11
82 7
83 4
84 2
85 1
86 0
87 0
88 0
89 0
90 0
91 0
92 0
93 0
94 0
95 0
96 0
97 1
98 0
99 0
100 0
101 0
22
21969
