1
2194 100 99.187
0 0
1 0
2 0
3 0
4 0
5 0
6 0
7 0
8 0
9 0
10 0
11 0
12 0
13 0
14 0
15 0
16 0
17 0
18 0
19 0
20 0
21 0
22 0
23 1
24 1
25 1
26 1
27 2
28 1
29 1
30 1
31 2
32 4
33 4
34 2
35 6
36 10
37 5
38 8
39 9
40 18
41 9
42 11
43 20
44 25
45 25
46 16
47 43
48 35
49 33
50 47
51 32
52 53
53 48
54 59
55 51
56 68
57 65
58 78
59 68
60 72
61 52
62 75
63 65
64 86
65 77
66 63
67 66
68 96
69 59
70 55
71 60
72 67
73 62
74 51
75 49
76 28
77 44
78 35
79 33
80 32
81 22
82 23
83 19
84 11
85 9
86 8
87 1
88 4
89 2
90 0
91 2
92 1
93 0
94 0
95 0
96 0
97 0
98 0
99 0
100 1
101 0
23
22634
