0
0 0
1 0
2 0
3 0
4 0
5 0
6 0
7 0
8 0
9 0
10 0
11 0
12 0
13 0
14 0
15 0
16 0
17 0
18 0
19 0
20 0
21 0
22 0
23 0
24 0
25 1
26 1
27 0
28 0
29 0
30 0
31 0
32 2
33 2
34 1
35 3
36 8
37 5
38 5
39 4
40 8
41 7
42 16
43 6
44 20
45 19
46 23
47 35
48 28
49 19
50 46
51 26
52 59
53 47
54 62
55 68
56 69
57 65
58 78
59 66
60 82
61 75
62 94
63 87
64 76
65 92
66 97
67 71
68 71
69 81
70 88
71 60
72 69
73 64
74 50
75 41
76 26
77 39
78 29
79 28
80 28
81 6
82 11
83 9
84 5
85 6
86 1
87 4
88 0
89 1
90 1
91 0
92 0
93 1
94 0
95 0
96 0
97 0
98 0
99 0
100 0
101 0
19
22611
