0
0 0
1 0
2 0
3 0
4 0
5 1
6 0
7 1
8 0
9 0
10 2
11 0
12 0
13 1
14 5
15 2
16 1
17 2
18 3
19 5
20 10
21 4
22 2
23 5
24 5
25 10
26 6
27 6
28 10
29 8
30 11
31 9
32 13
33 15
34 8
35 7
36 20
37 15
38 9
39 9
40 16
41 5
42 8
43 5
44 5
45 3
46 8
47 10
48 4
49 4
50 10
51 3
52 9
53 0
54 3
55 5
56 3
57 1
58 2
59 3
60 0
61 5
62 0
63 1
64 1
65 0
66 1
67 1
68 0
69 0
70 0
71 0
72 0
73 0
74 0
75 0
76 0
77 0
78 0
79 0
80 0
81 0
82 0
83 0
84 0
85 0
86 0
87 0
88 0
89 0
90 0
91 0
92 0
93 0
94 0
95 0
96 0
97 0
98 0
99 0
100 0
101 0
3
344
