3
354 317 61.1111
354 185 73.5632
354 160 71.4286
0 0
1 0
2 0
3 0
4 2
5 1
6 2
7 6
8 2
9 2
10 4
11 3
12 9
13 6
14 13
15 11
16 10
17 10
18 14
19 6
20 15
21 11
22 14
23 12
24 10
25 15
26 6
27 8
28 9
29 10
30 7
31 13
32 7
33 11
34 6
35 9
36 6
37 6
38 6
39 10
40 7
41 5
42 0
43 5
44 6
45 3
46 2
47 3
48 3
49 2
50 3
51 3
52 1
53 2
54 1
55 3
56 6
57 1
58 1
59 0
60 1
61 0
62 1
63 0
64 0
65 0
66 0
67 0
68 0
69 0
70 0
71 0
72 1
73 0
74 1
75 0
76 0
77 0
78 0
79 0
80 0
81 0
82 0
83 0
84 0
85 0
86 0
87 0
88 0
89 0
90 0
91 0
92 0
93 0
94 0
95 0
96 0
97 0
98 0
99 0
100 0
101 0
4
532
