0
0 0
1 0
2 0
3 0
4 0
5 0
6 0
7 2
8 0
9 0
10 1
11 1
12 0
13 1
14 3
15 2
16 0
17 2
18 3
19 2
20 8
21 3
22 8
23 9
24 5
25 9
26 4
27 10
28 8
29 8
30 10
31 10
32 8
33 12
34 12
35 10
36 15
37 11
38 18
39 8
40 13
41 5
42 16
43 13
44 10
45 12
46 9
47 14
48 11
49 4
50 13
51 2
52 7
53 7
54 4
55 4
56 3
57 6
58 3
59 4
60 4
61 1
62 1
63 3
64 1
65 2
66 1
67 2
68 0
69 0
70 1
71 1
72 1
73 1
74 0
75 0
76 0
77 0
78 0
79 0
80 0
81 0
82 0
83 0
84 0
85 0
86 0
87 0
88 0
89 0
90 0
91 0
92 0
93 0
94 0
95 0
96 0
97 0
98 0
99 0
100 0
101 0
3
519
