0
0 0
1 0
2 0
3 1
4 0
5 0
6 0
7 1
8 0
9 3
10 2
11 3
12 0
13 1
14 3
15 2
16 3
17 3
18 2
19 8
20 4
21 11
22 10
23 5
24 17
25 14
26 8
27 13
28 10
29 18
30 13
31 13
32 11
33 10
34 9
35 11
36 12
37 13
38 9
39 18
40 9
41 9
42 8
43 11
44 6
45 8
46 7
47 7
48 8
49 5
50 3
51 3
52 4
53 2
54 4
55 4
56 4
57 3
58 5
59 2
60 0
61 2
62 0
63 2
64 1
65 1
66 0
67 1
68 0
69 1
70 0
71 0
72 0
73 0
74 0
75 0
76 0
77 0
78 0
79 0
80 0
81 0
82 0
83 0
84 0
85 0
86 0
87 0
88 0
89 0
90 0
91 0
92 0
93 0
94 0
95 0
96 0
97 0
98 0
99 0
100 0
101 0
4
640
