0
0 0
1 0
2 0
3 0
4 0
5 0
6 0
7 0
8 0
9 0
10 0
11 0
12 0
13 0
14 0
15 0
16 0
17 0
18 0
19 0
20 0
21 0
22 0
23 0
24 0
25 0
26 1
27 0
28 0
29 0
30 0
31 1
32 0
33 0
34 0
35 2
36 2
37 0
38 0
39 2
40 2
41 1
42 3
43 9
44 6
45 5
46 3
47 7
48 9
49 10
50 8
51 5
52 12
53 6
54 12
55 17
56 12
57 10
58 7
59 10
60 17
61 12
62 10
63 20
64 12
65 11
66 15
67 13
68 12
69 14
70 14
71 12
72 5
73 13
74 5
75 4
76 7
77 2
78 8
79 7
80 1
81 2
82 2
83 1
84 1
85 0
86 0
87 0
88 1
89 0
90 0
91 0
92 0
93 0
94 0
95 0
96 0
97 0
98 0
99 0
100 0
101 0
3
533
