21
427 426 62.6866
427 416 64.7059
427 407 63.7681
427 379 61.0169
427 338 67.5676
427 311 63.2911
427 304 61.0526
427 295 60
427 274 60
427 261 60.7143
427 225 61.0169
427 159 65.5738
427 144 60.5263
427 136 66.6667
427 117 66.6667
427 113 66.6667
427 95 63.3333
427 80 62.8571
427 45 65.4545
427 12 63.6364
427 3 60.6061
0 0
1 0
2 0
3 0
4 0
5 0
6 0
7 0
8 1
9 1
10 0
11 0
12 0
13 0
14 2
15 0
16 2
17 2
18 0
19 3
20 5
21 6
22 3
23 0
24 3
25 7
26 4
27 3
28 12
29 9
30 16
31 17
32 13
33 12
34 11
35 9
36 16
37 16
38 22
39 9
40 16
41 6
42 16
43 19
44 13
45 11
46 14
47 11
48 9
49 11
50 10
51 7
52 12
53 9
54 6
55 5
56 10
57 5
58 3
59 3
60 7
61 3
62 3
63 2
64 4
65 1
66 2
67 3
68 1
69 0
70 0
71 0
72 0
73 0
74 0
75 0
76 0
77 0
78 0
79 0
80 0
81 0
82 0
83 0
84 0
85 0
86 0
87 0
88 0
89 0
90 0
91 0
92 0
93 0
94 0
95 0
96 0
97 0
98 0
99 0
100 0
101 0
5
819
