0
0 0
1 0
2 0
3 0
4 0
5 0
6 1
7 0
8 1
9 0
10 1
11 0
12 0
13 0
14 4
15 4
16 1
17 9
18 5
19 9
20 8
21 5
22 5
23 14
24 11
25 8
26 5
27 4
28 26
29 7
30 6
31 8
32 20
33 11
34 11
35 13
36 12
37 8
38 15
39 14
40 20
41 11
42 21
43 11
44 11
45 11
46 13
47 9
48 4
49 5
50 15
51 7
52 7
53 2
54 6
55 4
56 2
57 2
58 5
59 3
60 5
61 3
62 4
63 1
64 0
65 2
66 1
67 3
68 1
69 0
70 0
71 1
72 0
73 0
74 0
75 0
76 0
77 0
78 0
79 0
80 0
81 0
82 0
83 0
84 0
85 0
86 0
87 0
88 0
89 0
90 0
91 0
92 0
93 0
94 0
95 0
96 0
97 0
98 0
99 0
100 0
101 0
3
708
