0
0 0
1 0
2 0
3 0
4 0
5 2
6 0
7 1
8 1
9 5
10 1
11 3
12 5
13 4
14 3
15 3
16 3
17 5
18 7
19 10
20 10
21 6
22 11
23 12
24 7
25 11
26 5
27 13
28 14
29 19
30 13
31 13
32 23
33 18
34 16
35 11
36 16
37 9
38 10
39 15
40 15
41 6
42 10
43 6
44 14
45 6
46 8
47 7
48 15
49 4
50 6
51 7
52 3
53 9
54 0
55 5
56 2
57 5
58 2
59 2
60 0
61 1
62 1
63 3
64 2
65 0
66 2
67 1
68 0
69 0
70 0
71 0
72 0
73 0
74 0
75 0
76 0
77 0
78 0
79 0
80 0
81 0
82 0
83 0
84 0
85 0
86 0
87 0
88 0
89 0
90 0
91 0
92 0
93 0
94 0
95 0
96 0
97 0
98 0
99 0
100 0
101 0
4
750
