13
465 463 62.3377
465 455 61.1765
465 449 60.4651
465 446 60.274
465 404 61.7647
465 363 60.8696
465 356 61.7647
465 323 63.7681
465 252 63.2911
465 218 60.274
465 210 63.0137
465 168 69.8795
465 88 65.2174
0 1
1 0
2 0
3 0
4 3
5 0
6 1
7 2
8 2
9 4
10 3
11 8
12 4
13 3
14 7
15 5
16 8
17 2
18 10
19 6
20 10
21 12
22 12
23 7
24 15
25 11
26 12
27 16
28 14
29 23
30 7
31 17
32 13
33 12
34 11
35 12
36 13
37 12
38 17
39 14
40 7
41 7
42 9
43 13
44 7
45 6
46 5
47 10
48 5
49 11
50 11
51 4
52 5
53 3
54 5
55 1
56 3
57 4
58 3
59 2
60 1
61 4
62 3
63 1
64 3
65 0
66 1
67 0
68 0
69 0
70 1
71 0
72 0
73 0
74 0
75 0
76 0
77 0
78 0
79 0
80 0
81 0
82 0
83 0
84 0
85 0
86 0
87 0
88 0
89 0
90 0
91 0
92 0
93 0
94 0
95 0
96 0
97 0
98 0
99 0
100 0
101 0
5
994
