7
469 434 60.7843
469 395 63.0631
469 234 65.2174
469 228 65.9341
469 147 68.6275
469 86 62
469 38 60
0 0
1 0
2 0
3 0
4 0
5 1
6 1
7 0
8 0
9 1
10 1
11 5
12 1
13 2
14 6
15 5
16 4
17 9
18 7
19 6
20 12
21 9
22 11
23 10
24 9
25 20
26 15
27 15
28 21
29 17
30 17
31 11
32 12
33 17
34 12
35 11
36 15
37 14
38 14
39 15
40 14
41 6
42 8
43 13
44 9
45 6
46 8
47 9
48 10
49 10
50 9
51 6
52 5
53 5
54 1
55 6
56 2
57 1
58 4
59 3
60 1
61 1
62 1
63 0
64 1
65 0
66 2
67 0
68 0
69 1
70 0
71 0
72 0
73 0
74 0
75 0
76 0
77 0
78 0
79 0
80 0
81 0
82 0
83 0
84 0
85 0
86 0
87 0
88 0
89 0
90 0
91 0
92 0
93 0
94 0
95 0
96 0
97 0
98 0
99 0
100 0
101 0
5
1013
