16
471 431 61.8182
471 429 61.8557
471 397 62.7907
471 389 61.9718
471 311 66.6667
471 288 60.1942
471 282 60.241
471 275 63.5294
471 221 61.2613
471 181 63.0435
471 146 62.7451
471 144 60.2151
471 141 68.8889
471 128 60
471 70 63.1579
471 19 61.7284
0 0
1 0
2 0
3 0
4 0
5 0
6 0
7 0
8 0
9 0
10 0
11 1
12 0
13 1
14 2
15 0
16 6
17 2
18 1
19 5
20 5
21 2
22 7
23 9
24 9
25 19
26 7
27 11
28 12
29 17
30 11
31 18
32 10
33 13
34 14
35 18
36 17
37 15
38 13
39 22
40 19
41 11
42 12
43 8
44 11
45 12
46 12
47 14
48 12
49 15
50 16
51 6
52 6
53 4
54 4
55 5
56 6
57 5
58 3
59 2
60 5
61 3
62 5
63 2
64 3
65 0
66 0
67 1
68 0
69 1
70 0
71 0
72 0
73 0
74 0
75 0
76 0
77 0
78 0
79 0
80 0
81 0
82 0
83 0
84 0
85 0
86 0
87 0
88 0
89 0
90 0
91 0
92 0
93 0
94 0
95 0
96 0
97 0
98 0
99 0
100 0
101 0
5
1022
