1
495 216 71.4286
0 0
1 0
2 0
3 0
4 1
5 2
6 0
7 0
8 3
9 2
10 5
11 0
12 4
13 4
14 8
15 17
16 11
17 2
18 9
19 13
20 26
21 16
22 14
23 14
24 12
25 18
26 16
27 20
28 19
29 15
30 18
31 12
32 18
33 14
34 21
35 9
36 7
37 10
38 10
39 16
40 12
41 3
42 15
43 12
44 6
45 9
46 3
47 12
48 4
49 5
50 6
51 6
52 2
53 1
54 1
55 0
56 1
57 1
58 2
59 2
60 0
61 1
62 1
63 0
64 1
65 0
66 1
67 0
68 0
69 0
70 0
71 0
72 1
73 0
74 0
75 0
76 0
77 0
78 0
79 0
80 0
81 0
82 0
83 0
84 0
85 0
86 0
87 0
88 0
89 0
90 0
91 0
92 0
93 0
94 0
95 0
96 0
97 0
98 0
99 0
100 0
101 0
5
1154
