14
509 406 69.4915
509 390 62.963
509 272 65.1685
509 269 74
509 238 70.6897
509 233 62.7119
509 203 66.1017
509 111 61.8557
509 82 60.4167
509 81 66.6667
509 77 60.6061
509 72 64.5833
509 70 61.3861
509 65 61.157
0 0
1 0
2 0
3 0
4 0
5 0
6 0
7 0
8 0
9 1
10 1
11 1
12 0
13 0
14 3
15 4
16 3
17 2
18 5
19 3
20 9
21 3
22 3
23 12
24 4
25 11
26 11
27 9
28 18
29 13
30 13
31 13
32 16
33 8
34 15
35 14
36 12
37 18
38 12
39 21
40 30
41 10
42 13
43 19
44 14
45 15
46 21
47 18
48 14
49 12
50 12
51 11
52 14
53 4
54 9
55 5
56 6
57 4
58 3
59 1
60 1
61 2
62 3
63 2
64 0
65 1
66 1
67 2
68 0
69 0
70 1
71 1
72 0
73 0
74 1
75 0
76 0
77 0
78 0
79 0
80 0
81 0
82 0
83 0
84 0
85 0
86 0
87 0
88 0
89 0
90 0
91 0
92 0
93 0
94 0
95 0
96 0
97 0
98 0
99 0
100 0
101 0
6
1218
