4
507 364 72.093
507 248 70
507 156 75
507 36 70
0 0
1 0
2 0
3 0
4 0
5 0
6 0
7 0
8 2
9 0
10 0
11 5
12 5
13 0
14 2
15 3
16 6
17 1
18 2
19 3
20 6
21 3
22 5
23 8
24 7
25 10
26 7
27 15
28 8
29 12
30 11
31 4
32 17
33 16
34 20
35 15
36 16
37 18
38 16
39 11
40 12
41 9
42 17
43 13
44 22
45 17
46 18
47 10
48 19
49 7
50 17
51 9
52 11
53 4
54 10
55 4
56 7
57 4
58 9
59 2
60 5
61 6
62 6
63 2
64 3
65 0
66 2
67 1
68 1
69 1
70 2
71 0
72 0
73 1
74 0
75 1
76 0
77 0
78 0
79 0
80 0
81 0
82 0
83 0
84 0
85 0
86 0
87 0
88 0
89 0
90 0
91 0
92 0
93 0
94 0
95 0
96 0
97 0
98 0
99 0
100 0
101 0
5
1217
