0
0 0
1 0
2 0
3 0
4 0
5 0
6 0
7 0
8 0
9 0
10 0
11 0
12 0
13 0
14 0
15 0
16 0
17 0
18 0
19 0
20 0
21 1
22 0
23 0
24 0
25 0
26 0
27 0
28 1
29 1
30 1
31 2
32 3
33 2
34 1
35 4
36 5
37 4
38 7
39 9
40 16
41 12
42 16
43 14
44 23
45 18
46 18
47 20
48 19
49 22
50 29
51 13
52 17
53 22
54 21
55 17
56 8
57 27
58 19
59 16
60 14
61 9
62 13
63 13
64 14
65 9
66 12
67 5
68 7
69 5
70 3
71 0
72 1
73 0
74 1
75 1
76 0
77 0
78 1
79 1
80 0
81 0
82 0
83 0
84 0
85 0
86 0
87 0
88 0
89 0
90 0
91 0
92 0
93 0
94 0
95 0
96 0
97 0
98 0
99 0
100 0
101 0
4
1071
