11
545 542 68.6567
545 495 61.5385
545 472 61.2245
545 469 61.1765
545 447 62.2222
545 418 60.3774
545 234 61.5385
545 228 65.625
545 147 72
545 141 67.6056
545 61 60.3774
0 0
1 0
2 0
3 0
4 0
5 0
6 1
7 0
8 0
9 2
10 1
11 1
12 0
13 6
14 3
15 3
16 7
17 1
18 10
19 4
20 7
21 8
22 14
23 13
24 12
25 12
26 11
27 19
28 13
29 21
30 21
31 15
32 27
33 14
34 17
35 16
36 24
37 17
38 20
39 14
40 21
41 11
42 20
43 12
44 9
45 12
46 17
47 11
48 5
49 10
50 13
51 4
52 6
53 3
54 4
55 4
56 6
57 4
58 4
59 3
60 0
61 2
62 4
63 1
64 0
65 0
66 1
67 0
68 1
69 1
70 0
71 0
72 1
73 0
74 0
75 0
76 0
77 0
78 0
79 0
80 0
81 0
82 0
83 0
84 0
85 0
86 0
87 0
88 0
89 0
90 0
91 0
92 0
93 0
94 0
95 0
96 0
97 0
98 0
99 0
100 0
101 0
6
1410
