0
0 0
1 0
2 0
3 0
4 2
5 5
6 9
7 6
8 4
9 4
10 7
11 11
12 7
13 2
14 8
15 22
16 13
17 18
18 24
19 17
20 26
21 10
22 21
23 23
24 18
25 17
26 18
27 20
28 21
29 14
30 22
31 13
32 13
33 12
34 22
35 11
36 18
37 11
38 12
39 16
40 13
41 5
42 10
43 10
44 10
45 3
46 5
47 3
48 2
49 2
50 4
51 0
52 1
53 2
54 1
55 2
56 3
57 2
58 1
59 0
60 1
61 0
62 2
63 0
64 1
65 1
66 1
67 2
68 0
69 0
70 0
71 0
72 0
73 0
74 0
75 0
76 0
77 0
78 0
79 0
80 0
81 0
82 0
83 0
84 0
85 0
86 0
87 0
88 0
89 0
90 0
91 0
92 0
93 0
94 0
95 0
96 0
97 0
98 0
99 0
100 0
101 0
5
1660
