0
0 0
1 0
2 0
3 0
4 0
5 0
6 0
7 0
8 0
9 0
10 0
11 0
12 0
13 0
14 0
15 0
16 0
17 0
18 0
19 0
20 2
21 0
22 2
23 0
24 0
25 1
26 1
27 0
28 1
29 5
30 0
31 5
32 4
33 3
34 5
35 9
36 9
37 7
38 8
39 9
40 16
41 12
42 14
43 16
44 21
45 18
46 17
47 16
48 20
49 15
50 26
51 7
52 22
53 22
54 14
55 23
56 22
57 13
58 24
59 18
60 23
61 12
62 13
63 12
64 17
65 16
66 13
67 4
68 6
69 7
70 3
71 10
72 3
73 3
74 2
75 8
76 2
77 4
78 2
79 4
80 2
81 1
82 1
83 1
84 0
85 1
86 0
87 1
88 0
89 0
90 0
91 0
92 1
93 0
94 0
95 0
96 0
97 0
98 0
99 0
100 0
101 0
5
1469
