0
0 0
1 0
2 0
3 0
4 0
5 1
6 0
7 0
8 0
9 1
10 0
11 1
12 1
13 4
14 3
15 4
16 3
17 5
18 5
19 9
20 8
21 4
22 18
23 10
24 14
25 15
26 12
27 15
28 19
29 13
30 25
31 11
32 26
33 15
34 20
35 19
36 27
37 17
38 19
39 21
40 32
41 16
42 20
43 21
44 10
45 18
46 12
47 14
48 12
49 9
50 18
51 11
52 13
53 8
54 7
55 4
56 5
57 5
58 2
59 3
60 5
61 2
62 7
63 1
64 1
65 1
66 0
67 0
68 0
69 0
70 0
71 0
72 0
73 0
74 0
75 0
76 0
77 0
78 0
79 0
80 0
81 0
82 0
83 0
84 0
85 0
86 0
87 0
88 0
89 0
90 0
91 0
92 0
93 0
94 0
95 0
96 0
97 0
98 0
99 0
100 0
101 0
8
1926
