2
690 561 73.913
690 394 70.5882
0 0
1 0
2 0
3 1
4 1
5 5
6 0
7 1
8 5
9 6
10 9
11 1
12 7
13 14
14 9
15 17
16 10
17 9
18 18
19 23
20 27
21 16
22 20
23 33
24 20
25 18
26 20
27 21
28 20
29 11
30 28
31 17
32 31
33 23
34 12
35 17
36 15
37 21
38 13
39 10
40 24
41 10
42 18
43 13
44 9
45 9
46 5
47 10
48 11
49 3
50 9
51 2
52 4
53 4
54 6
55 2
56 5
57 5
58 1
59 0
60 1
61 3
62 1
63 0
64 1
65 1
66 1
67 0
68 0
69 0
70 0
71 1
72 0
73 0
74 1
75 0
76 0
77 0
78 0
79 0
80 0
81 0
82 0
83 0
84 0
85 0
86 0
87 0
88 0
89 0
90 0
91 0
92 0
93 0
94 0
95 0
96 0
97 0
98 0
99 0
100 0
101 0
7
2441
