23
691 638 63.7681
691 617 65.625
691 528 61.5385
691 461 63.6364
691 430 64.5161
691 424 61.3333
691 391 69.2308
691 365 60
691 358 74.2857
691 333 70.1754
691 276 74.4186
691 271 62.5
691 220 66.6667
691 217 62.069
691 214 75.5556
691 193 65.625
691 120 67.7419
691 112 64.2857
691 99 65.5738
691 66 64.9351
691 54 62.6506
691 18 69.3878
691 5 60.274
0 0
1 0
2 0
3 0
4 0
5 1
6 0
7 0
8 0
9 1
10 3
11 1
12 4
13 2
14 9
15 6
16 4
17 8
18 6
19 7
20 15
21 5
22 24
23 21
24 20
25 15
26 15
27 13
28 19
29 13
30 20
31 19
32 26
33 24
34 27
35 15
36 15
37 32
38 20
39 28
40 28
41 9
42 30
43 19
44 17
45 21
46 10
47 9
48 9
49 9
50 11
51 9
52 8
53 5
54 16
55 8
56 2
57 3
58 3
59 3
60 1
61 1
62 2
63 3
64 2
65 3
66 3
67 1
68 1
69 0
70 2
71 1
72 0
73 0
74 0
75 2
76 1
77 0
78 0
79 0
80 0
81 0
82 0
83 0
84 0
85 0
86 0
87 0
88 0
89 0
90 0
91 0
92 0
93 0
94 0
95 0
96 0
97 0
98 0
99 0
100 0
101 0
7
2386
