0
0 0
1 0
2 0
3 0
4 0
5 1
6 0
7 0
8 0
9 1
10 1
11 0
12 1
13 1
14 5
15 5
16 6
17 10
18 5
19 8
20 10
21 9
22 12
23 13
24 20
25 11
26 20
27 12
28 24
29 30
30 27
31 19
32 32
33 34
34 19
35 22
36 19
37 17
38 29
39 17
40 37
41 11
42 21
43 19
44 16
45 11
46 10
47 14
48 14
49 14
50 16
51 4
52 16
53 8
54 10
55 12
56 6
57 6
58 7
59 2
60 4
61 3
62 0
63 4
64 2
65 1
66 4
67 1
68 0
69 1
70 1
71 0
72 0
73 0
74 0
75 0
76 0
77 0
78 0
79 0
80 0
81 0
82 0
83 0
84 0
85 0
86 0
87 0
88 0
89 0
90 0
91 0
92 0
93 0
94 0
95 0
96 0
97 0
98 0
99 0
100 0
101 0
6
2152
