0
0 0
1 0
2 0
3 1
4 0
5 0
6 2
7 0
8 0
9 1
10 11
11 3
12 4
13 7
14 11
15 17
16 9
17 11
18 12
19 12
20 11
21 11
22 25
23 21
24 18
25 31
26 20
27 15
28 31
29 21
30 25
31 25
32 22
33 36
34 20
35 17
36 28
37 22
38 23
39 17
40 27
41 14
42 18
43 17
44 10
45 8
46 11
47 11
48 6
49 8
50 12
51 4
52 4
53 6
54 8
55 4
56 2
57 3
58 0
59 1
60 3
61 1
62 2
63 0
64 1
65 0
66 1
67 1
68 0
69 2
70 0
71 0
72 0
73 0
74 0
75 0
76 0
77 0
78 0
79 0
80 0
81 0
82 0
83 0
84 0
85 0
86 0
87 0
88 0
89 0
90 0
91 0
92 0
93 0
94 0
95 0
96 0
97 0
98 0
99 0
100 0
101 0
6
2219
