43
744 738 73.3333
744 727 61.1111
744 684 61.1765
744 660 61.3333
744 635 65.9574
744 574 62.7451
744 562 61.7021
744 551 61.9048
744 542 69.7674
744 541 64
744 525 71.9101
744 521 61.9048
744 512 61.0526
744 505 65.0602
744 500 71.2644
744 469 61.5385
744 464 61.1111
744 452 63.5514
744 436 68.6275
744 434 63.8298
744 421 64.3478
744 418 61.1111
744 414 66.6667
744 383 60.2151
744 363 64
744 309 61.9718
744 266 63.5514
744 244 66.6667
744 234 61.9048
744 230 62.9213
744 222 66.0714
744 206 62.6087
744 194 62.3377
744 180 64.1509
744 164 65.4867
744 150 69.6629
744 147 68.0851
744 130 60.8696
744 105 60.3774
744 86 60.8696
744 85 67.4699
744 38 60.7843
744 15 68.8172
0 0
1 0
2 0
3 0
4 0
5 0
6 0
7 0
8 0
9 0
10 0
11 0
12 1
13 0
14 1
15 2
16 4
17 2
18 3
19 2
20 2
21 2
22 15
23 3
24 6
25 12
26 7
27 7
28 11
29 12
30 7
31 14
32 33
33 12
34 24
35 23
36 14
37 21
38 18
39 27
40 33
41 15
42 23
43 17
44 31
45 28
46 19
47 29
48 28
49 21
50 28
51 12
52 15
53 17
54 16
55 20
56 18
57 13
58 11
59 13
60 8
61 5
62 12
63 4
64 5
65 2
66 3
67 3
68 1
69 3
70 2
71 0
72 2
73 0
74 1
75 0
76 0
77 0
78 0
79 0
80 0
81 0
82 0
83 0
84 0
85 0
86 0
87 0
88 0
89 0
90 0
91 0
92 0
93 0
94 0
95 0
96 0
97 0
98 0
99 0
100 0
101 0
8
2793
