1
811 182 72
0 0
1 0
2 0
3 0
4 0
5 0
6 0
7 0
8 2
9 4
10 4
11 1
12 4
13 3
14 4
15 12
16 7
17 10
18 8
19 11
20 20
21 12
22 13
23 6
24 19
25 22
26 15
27 19
28 24
29 19
30 21
31 26
32 35
33 23
34 25
35 35
36 26
37 26
38 20
39 22
40 37
41 7
42 30
43 19
44 26
45 23
46 20
47 19
48 12
49 17
50 16
51 3
52 13
53 6
54 9
55 12
56 5
57 8
58 10
59 7
60 3
61 0
62 2
63 1
64 3
65 1
66 0
67 2
68 0
69 0
70 0
71 0
72 1
73 0
74 0
75 0
76 0
77 0
78 0
79 0
80 0
81 0
82 0
83 0
84 0
85 0
86 0
87 0
88 0
89 0
90 0
91 0
92 0
93 0
94 0
95 0
96 0
97 0
98 0
99 0
100 0
101 0
9
3442
