0
0 0
1 0
2 0
3 0
4 0
5 3
6 3
7 1
8 1
9 6
10 7
11 5
12 7
13 11
14 14
15 11
16 14
17 10
18 22
19 13
20 28
21 16
22 13
23 14
24 35
25 25
26 19
27 19
28 30
29 27
30 39
31 24
32 22
33 24
34 27
35 24
36 27
37 29
38 28
39 23
40 23
41 10
42 14
43 9
44 17
45 14
46 12
47 10
48 12
49 9
50 16
51 5
52 12
53 7
54 5
55 3
56 2
57 4
58 4
59 3
60 1
61 1
62 1
63 2
64 1
65 2
66 0
67 1
68 2
69 1
70 0
71 0
72 0
73 0
74 0
75 1
76 0
77 0
78 0
79 0
80 0
81 1
82 0
83 0
84 0
85 0
86 0
87 0
88 0
89 0
90 0
91 0
92 0
93 0
94 0
95 0
96 0
97 0
98 0
99 0
100 0
101 0
9
3028
