0
0 0
1 0
2 0
3 0
4 0
5 3
6 0
7 0
8 2
9 4
10 6
11 1
12 10
13 14
14 13
15 12
16 17
17 12
18 21
19 20
20 27
21 11
22 20
23 32
24 31
25 26
26 24
27 25
28 31
29 28
30 25
31 27
32 25
33 33
34 22
35 21
36 16
37 21
38 20
39 17
40 24
41 16
42 16
43 10
44 12
45 16
46 8
47 7
48 17
49 14
50 12
51 5
52 11
53 6
54 5
55 5
56 12
57 1
58 6
59 1
60 2
61 1
62 4
63 2
64 0
65 0
66 1
67 0
68 0
69 0
70 1
71 0
72 0
73 0
74 0
75 0
76 1
77 0
78 0
79 0
80 0
81 0
82 0
83 0
84 0
85 0
86 0
87 0
88 0
89 0
90 0
91 0
92 0
93 0
94 0
95 0
96 0
97 0
98 0
99 0
100 0
101 0
10
3091
