31
843 831 60
843 774 65.2174
843 764 63.0435
843 744 65.2632
843 731 79.0123
843 677 60.6061
843 624 68.1319
843 618 61.3333
843 559 67.4699
843 551 62.6506
843 521 65.0602
843 446 65
843 436 63.3663
843 412 60.7843
843 404 61.3333
843 402 60.4651
843 363 62.6263
843 330 65.2632
843 316 60.5505
843 304 64.8649
843 244 62.3377
843 239 62.3377
843 230 61.3636
843 206 61.4035
843 200 64.1975
843 168 68.8889
843 164 66.0714
843 142 63.9175
843 130 61.4035
843 67 66.6667
843 37 64.2202
0 0
1 0
2 0
3 1
4 0
5 1
6 0
7 1
8 1
9 3
10 8
11 1
12 3
13 4
14 3
15 2
16 7
17 5
18 7
19 9
20 11
21 6
22 16
23 13
24 12
25 22
26 20
27 13
28 19
29 27
30 22
31 19
32 38
33 28
34 24
35 33
36 21
37 20
38 30
39 19
40 33
41 20
42 25
43 23
44 27
45 22
46 26
47 14
48 20
49 22
50 20
51 9
52 8
53 10
54 10
55 9
56 12
57 10
58 9
59 8
60 6
61 4
62 5
63 4
64 3
65 4
66 4
67 2
68 1
69 2
70 0
71 0
72 0
73 0
74 0
75 0
76 0
77 0
78 0
79 0
80 1
81 0
82 0
83 0
84 0
85 0
86 0
87 0
88 0
89 0
90 0
91 0
92 0
93 0
94 0
95 0
96 0
97 0
98 0
99 0
100 0
101 0
10
3669
