20
855 828 71.4286
855 811 69.3878
855 674 61.9048
855 631 63.6364
855 533 62.5
855 475 61.2245
855 437 65.3846
855 384 60
855 381 65.3846
855 362 75.4098
855 357 64
855 335 62.5
855 328 66.6667
855 272 63.3333
855 228 66.6667
855 182 62.7451
855 181 63.7681
855 77 60
855 72 68.6567
855 29 60.8696
0 0
1 0
2 0
3 0
4 1
5 4
6 4
7 8
8 3
9 6
10 18
11 8
12 9
13 6
14 12
15 12
16 12
17 10
18 15
19 20
20 37
21 14
22 13
23 23
24 29
25 30
26 21
27 33
28 17
29 36
30 31
31 23
32 25
33 26
34 23
35 28
36 18
37 19
38 15
39 18
40 19
41 13
42 25
43 13
44 17
45 18
46 21
47 6
48 10
49 3
50 10
51 5
52 7
53 8
54 10
55 4
56 4
57 2
58 3
59 7
60 4
61 1
62 2
63 3
64 4
65 0
66 2
67 2
68 0
69 1
70 1
71 0
72 1
73 0
74 0
75 0
76 1
77 0
78 0
79 0
80 0
81 0
82 0
83 0
84 0
85 0
86 0
87 0
88 0
89 0
90 0
91 0
92 0
93 0
94 0
95 0
96 0
97 0
98 0
99 0
100 0
101 0
10
3781
