0
0 0
1 0
2 0
3 0
4 0
5 0
6 0
7 0
8 0
9 0
10 0
11 0
12 0
13 0
14 0
15 0
16 0
17 0
18 0
19 0
20 0
21 0
22 0
23 0
24 0
25 0
26 1
27 0
28 0
29 0
30 0
31 0
32 1
33 0
34 0
35 2
36 1
37 6
38 1
39 2
40 5
41 4
42 3
43 2
44 4
45 4
46 4
47 2
48 6
49 4
50 16
51 6
52 6
53 18
54 20
55 15
56 20
57 27
58 27
59 37
60 33
61 32
62 31
63 43
64 37
65 33
66 51
67 27
68 32
69 36
70 45
71 28
72 30
73 25
74 21
75 26
76 13
77 12
78 16
79 11
80 9
81 2
82 10
83 3
84 3
85 3
86 1
87 0
88 0
89 0
90 0
91 0
92 0
93 0
94 0
95 0
96 0
97 0
98 0
99 0
100 0
101 0
8
3156
