0
0 0
1 0
2 0
3 0
4 0
5 0
6 0
7 0
8 0
9 0
10 0
11 0
12 0
13 0
14 0
15 0
16 0
17 0
18 0
19 0
20 0
21 0
22 0
23 0
24 0
25 1
26 0
27 1
28 1
29 1
30 0
31 0
32 1
33 4
34 2
35 3
36 4
37 3
38 4
39 5
40 12
41 3
42 9
43 7
44 11
45 9
46 27
47 13
48 24
49 21
50 36
51 21
52 33
53 27
54 30
55 27
56 31
57 34
58 29
59 32
60 27
61 28
62 28
63 33
64 30
65 29
66 25
67 25
68 21
69 28
70 19
71 10
72 19
73 11
74 6
75 7
76 5
77 9
78 6
79 7
80 3
81 2
82 3
83 4
84 1
85 2
86 1
87 0
88 1
89 0
90 0
91 2
92 0
93 0
94 0
95 0
96 0
97 0
98 0
99 0
100 0
101 0
8
3164
