0
0 0
1 0
2 0
3 0
4 0
5 0
6 0
7 0
8 0
9 0
10 0
11 0
12 0
13 0
14 0
15 0
16 0
17 0
18 0
19 0
20 0
21 0
22 0
23 0
24 1
25 0
26 0
27 0
28 1
29 0
30 0
31 1
32 0
33 0
34 2
35 0
36 1
37 1
38 0
39 0
40 5
41 2
42 2
43 1
44 2
45 5
46 1
47 6
48 5
49 6
50 7
51 9
52 15
53 10
54 11
55 18
56 12
57 18
58 13
59 27
60 28
61 23
62 24
63 25
64 50
65 35
66 30
67 30
68 36
69 29
70 35
71 23
72 31
73 35
74 51
75 35
76 28
77 27
78 25
79 26
80 26
81 11
82 10
83 11
84 5
85 13
86 1
87 1
88 2
89 0
90 0
91 1
92 0
93 0
94 0
95 0
96 0
97 0
98 0
99 0
100 0
101 0
8
3412
