0
0 0
1 0
2 0
3 0
4 0
5 0
6 0
7 0
8 0
9 0
10 0
11 0
12 0
13 0
14 0
15 1
16 1
17 0
18 0
19 0
20 0
21 0
22 0
23 1
24 0
25 1
26 1
27 0
28 0
29 1
30 2
31 1
32 7
33 0
34 3
35 2
36 6
37 5
38 9
39 6
40 12
41 5
42 10
43 16
44 9
45 9
46 18
47 19
48 18
49 16
50 26
51 17
52 20
53 30
54 30
55 29
56 32
57 36
58 36
59 29
60 42
61 33
62 21
63 38
64 28
65 25
66 16
67 20
68 22
69 15
70 30
71 23
72 19
73 10
74 10
75 12
76 10
77 6
78 8
79 8
80 5
81 3
82 5
83 3
84 2
85 3
86 1
87 0
88 1
89 0
90 0
91 0
92 0
93 0
94 0
95 0
96 0
97 0
98 0
99 0
100 0
101 0
9
3365
