0
0 0
1 0
2 0
3 0
4 0
5 0
6 0
7 0
8 0
9 0
10 0
11 0
12 0
13 0
14 0
15 0
16 0
17 0
18 0
19 0
20 1
21 0
22 0
23 0
24 0
25 2
26 0
27 1
28 2
29 0
30 0
31 3
32 4
33 3
34 4
35 3
36 7
37 8
38 4
39 5
40 17
41 14
42 20
43 14
44 15
45 18
46 17
47 18
48 17
49 21
50 36
51 20
52 36
53 24
54 40
55 32
56 30
57 35
58 24
59 30
60 29
61 31
62 23
63 21
64 32
65 22
66 20
67 22
68 34
69 12
70 20
71 13
72 14
73 16
74 11
75 15
76 10
77 5
78 2
79 4
80 5
81 6
82 2
83 1
84 0
85 2
86 1
87 1
88 1
89 1
90 0
91 0
92 0
93 0
94 0
95 0
96 0
97 0
98 0
99 0
100 0
101 0
8
3510
