0
0 0
1 0
2 0
3 0
4 0
5 0
6 0
7 0
8 0
9 0
10 0
11 0
12 0
13 0
14 0
15 1
16 1
17 0
18 0
19 0
20 0
21 0
22 0
23 0
24 1
25 2
26 2
27 1
28 3
29 0
30 1
31 3
32 1
33 4
34 0
35 3
36 3
37 4
38 6
39 5
40 11
41 3
42 14
43 9
44 13
45 5
46 11
47 13
48 15
49 22
50 17
51 5
52 18
53 14
54 27
55 22
56 15
57 30
58 21
59 23
60 33
61 24
62 35
63 27
64 24
65 25
66 29
67 23
68 34
69 36
70 29
71 25
72 25
73 20
74 23
75 26
76 20
77 10
78 16
79 18
80 21
81 10
82 5
83 3
84 6
85 2
86 2
87 1
88 3
89 1
90 3
91 0
92 0
93 0
94 0
95 1
96 0
97 0
98 0
99 0
100 0
101 0
8
3575
