99
947 938 62
947 930 62.963
947 928 64.3678
947 916 63.4615
947 907 61.8557
947 895 60.241
947 885 64.7059
947 868 62.7907
947 851 63.6364
947 846 64.7619
947 836 60.2151
947 835 62.8571
947 833 64.1509
947 829 60.7595
947 818 70.7071
947 800 68.2353
947 799 73.5632
947 791 62.7451
947 777 63.7931
947 771 62.7451
947 766 70.1031
947 764 66.6667
947 756 65.3465
947 755 70.3704
947 752 61.5385
947 749 63.8298
947 744 60.6061
947 738 64.5161
947 732 63.9175
947 720 64.2857
947 719 61.2245
947 712 60.3774
947 711 62.8571
947 698 61.1765
947 681 70.1031
947 669 62.6087
947 665 62.2642
947 658 74.5455
947 656 63.0435
947 649 67.2727
947 635 61.8557
947 621 63.1579
947 597 62.6263
947 571 61.7021
947 557 60.7843
947 539 64.2857
947 523 61.3861
947 512 65.3061
947 509 62.8571
947 508 71.9101
947 504 65.9574
947 496 65.1163
947 493 60.5505
947 487 62.3656
947 486 63.8298
947 474 60.7843
947 471 66.6667
947 454 64.6465
947 431 61.9469
947 429 62
947 426 62.069
947 424 60.6061
947 421 62.7119
947 412 62.2642
947 404 60.7595
947 399 67.4157
947 395 60.3774
947 374 63.1579
947 365 61.9048
947 352 61.2245
947 311 72.7273
947 310 60
947 304 64.3478
947 295 62.2222
947 282 62.7907
947 275 61.3636
947 266 69.0909
947 263 64.2857
947 238 60.177
947 233 62.6087
947 221 64.9123
947 189 62.8571
947 181 67.3684
947 156 61.7284
947 146 60.9524
947 134 61.9048
947 127 62
947 111 63.8298
947 86 61.0526
947 85 60.4651
947 77 64.5833
947 56 60
947 54 61.6822
947 34 63.6364
947 27 62.3377
947 24 61.8557
947 22 60.5505
947 19 61.9048
947 7 65.1163
0 0
1 0
2 0
3 0
4 0
5 0
6 0
7 0
8 0
9 0
10 0
11 0
12 0
13 0
14 0
15 1
16 0
17 0
18 0
19 1
20 2
21 3
22 3
23 4
24 5
25 1
26 5
27 10
28 6
29 6
30 21
31 12
32 15
33 20
34 14
35 16
36 38
37 20
38 29
39 29
40 44
41 15
42 26
43 28
44 27
45 32
46 35
47 28
48 35
49 31
50 35
51 23
52 22
53 46
54 28
55 23
56 30
57 18
58 19
59 20
60 23
61 15
62 20
63 19
64 11
65 12
66 5
67 2
68 3
69 1
70 1
71 4
72 1
73 1
74 1
75 1
76 0
77 0
78 0
79 0
80 0
81 0
82 0
83 0
84 0
85 0
86 0
87 0
88 0
89 0
90 0
91 0
92 0
93 0
94 0
95 0
96 0
97 0
98 0
99 0
100 0
101 0
11
4699
