0
0 0
1 0
2 0
3 0
4 0
5 0
6 0
7 0
8 0
9 0
10 0
11 0
12 0
13 0
14 0
15 0
16 0
17 0
18 0
19 0
20 0
21 0
22 0
23 0
24 2
25 0
26 2
27 0
28 0
29 1
30 2
31 1
32 2
33 7
34 1
35 7
36 5
37 10
38 3
39 12
40 10
41 2
42 12
43 12
44 9
45 13
46 15
47 17
48 16
49 30
50 39
51 15
52 25
53 32
54 33
55 24
56 34
57 39
58 45
59 41
60 44
61 42
62 41
63 45
64 33
65 29
66 33
67 22
68 25
69 20
70 22
71 15
72 13
73 12
74 14
75 12
76 4
77 10
78 1
79 2
80 4
81 1
82 1
83 1
84 0
85 0
86 0
87 0
88 0
89 0
90 0
91 0
92 0
93 0
94 0
95 0
96 0
97 0
98 0
99 0
100 0
101 0
10
4049
