0
0 0
1 0
2 0
3 0
4 0
5 0
6 0
7 0
8 0
9 0
10 0
11 0
12 0
13 0
14 0
15 0
16 0
17 0
18 0
19 0
20 1
21 0
22 0
23 1
24 0
25 1
26 0
27 0
28 0
29 0
30 0
31 2
32 3
33 3
34 3
35 0
36 1
37 5
38 10
39 6
40 10
41 13
42 9
43 19
44 16
45 17
46 16
47 22
48 25
49 30
50 29
51 17
52 45
53 21
54 42
55 27
56 27
57 44
58 47
59 45
60 39
61 29
62 24
63 35
64 34
65 35
66 32
67 32
68 23
69 15
70 19
71 19
72 18
73 6
74 16
75 8
76 6
77 5
78 4
79 8
80 1
81 2
82 6
83 1
84 2
85 0
86 1
87 0
88 0
89 0
90 0
91 0
92 0
93 0
94 0
95 0
96 0
97 0
98 0
99 0
100 0
101 0
9
4163
