0
0 0
1 0
2 0
3 0
4 0
5 0
6 0
7 0
8 1
9 2
10 0
11 0
12 2
13 1
14 2
15 0
16 1
17 2
18 3
19 2
20 1
21 1
22 1
23 3
24 3
25 0
26 3
27 6
28 3
29 1
30 2
31 3
32 4
33 2
34 1
35 3
36 5
37 3
38 6
39 3
40 1
41 1
42 4
43 6
44 1
45 4
46 1
47 2
48 3
49 0
50 2
51 0
52 0
53 0
54 0
55 0
56 0
57 0
58 0
59 0
60 2
61 0
62 1
63 0
64 0
65 0
66 0
67 0
68 0
69 0
70 0
71 0
72 0
73 0
74 0
75 0
76 0
77 0
78 0
79 0
80 0
81 0
82 0
83 0
84 0
85 0
86 0
87 0
88 0
89 0
90 0
91 0
92 0
93 0
94 0
95 0
96 0
97 0
98 0
99 0
100 0
101 0
1
12
