0
0 10
1 0
2 0
3 4
4 19
5 20
6 35
7 15
8 17
9 16
10 34
11 16
12 32
13 33
14 25
15 36
16 36
17 27
18 41
19 29
20 47
21 18
22 22
23 28
24 33
25 34
26 13
27 36
28 26
29 15
30 27
31 19
32 16
33 20
34 17
35 24
36 13
37 21
38 15
39 18
40 20
41 5
42 7
43 6
44 7
45 5
46 1
47 4
48 5
49 4
50 4
51 2
52 2
53 3
54 2
55 2
56 1
57 0
58 1
59 0
60 0
61 0
62 0
63 0
64 0
65 0
66 0
67 0
68 0
69 2
70 0
71 0
72 0
73 0
74 0
75 0
76 0
77 0
78 0
79 0
80 0
81 0
82 0
83 0
84 0
85 0
86 0
87 0
88 0
89 0
90 0
91 0
92 0
93 0
94 0
95 0
96 0
97 0
98 0
99 0
100 0
101 0
7
5321
