0
0 0
1 0
2 0
3 0
4 0
5 0
6 0
7 0
8 0
9 0
10 0
11 0
12 0
13 0
14 0
15 0
16 0
17 0
18 0
19 0
20 0
21 0
22 0
23 0
24 0
25 0
26 1
27 1
28 0
29 1
30 0
31 0
32 1
33 0
34 2
35 2
36 1
37 5
38 5
39 3
40 4
41 4
42 8
43 6
44 8
45 18
46 13
47 15
48 19
49 20
50 29
51 21
52 23
53 27
54 32
55 34
56 26
57 32
58 47
59 39
60 47
61 34
62 40
63 43
64 50
65 51
66 51
67 36
68 29
69 49
70 42
71 33
72 20
73 30
74 16
75 24
76 11
77 15
78 11
79 4
80 4
81 5
82 2
83 2
84 2
85 0
86 0
87 0
88 0
89 0
90 0
91 0
92 0
93 0
94 0
95 0
96 0
97 0
98 0
99 0
100 0
101 0
9
5242
