64
648540 58056 70.229
648540 643408 76.8559
648540 638478 78.9916
648540 664210 69.4444
648540 78746 68.9922
648540 701195 73.7288
648540 654265 79.8387
648540 651714 68.6695
648540 701196 75.8333
648540 664891 86.8526
648540 78747 69.8039
648540 687376 80.4781
648540 661755 80.303
648540 673653 73.1343
648540 680411 80
648540 47764 68.4825
648540 680413 79.5181
648540 665964 68.8073
648540 700287 73.1092
648540 700284 75.8333
648540 47770 71.8519
648540 660372 66.6667
648540 662832 66.0287
648540 631567 67.4242
648540 661057 66.6667
648540 680412 68.2464
648540 662162 69.1275
648540 45622 69.9248
648540 632483 68.8525
648540 660373 67.9426
648540 698506 75.3425
648540 666863 72.6496
648540 638582 66.6667
648540 670881 66.6667
648540 663415 69.4836
648540 700283 73.7288
648540 661055 66.6667
648540 700282 73.7288
648540 699499 79.3522
648540 659327 80
648540 65849 66.4093
648540 680416 77.1784
648540 661944 68.9189
648540 682692 66.055
648540 654262 81.8898
648540 693165 76.4228
648540 673654 75
648540 699497 88.4488
648540 47761 67.9537
648540 626496 77.7293
648540 700290 74.1667
648540 698623 74.9141
648540 634748 66.3866
648540 663418 66.6667
648540 650898 77.821
648540 658434 69.1275
648540 640323 76.652
648540 9617 66.9202
648540 662427 66.0287
648540 663417 69.9552
648540 527017 80
648540 660371 66.6667
648540 665356 70.6422
648540 662283 72.1429
0 4
1 0
2 0
3 1
4 1
5 0
6 2
7 7
8 4
9 2
10 9
11 7
12 10
13 15
14 13
15 17
16 27
17 38
18 29
19 45
20 44
21 52
22 90
23 81
24 91
25 89
26 62
27 70
28 50
29 55
30 36
31 19
32 7
33 3
34 6
35 4
36 7
37 2
38 5
39 8
40 15
41 3
42 7
43 2
44 5
45 6
46 4
47 3
48 6
49 5
50 5
51 2
52 1
53 1
54 9
55 6
56 3
57 4
58 1
59 2
60 2
61 4
62 7
63 10
64 9
65 7
66 9
67 13
68 3
69 7
70 7
71 2
72 1
73 2
74 5
75 3
76 3
77 3
78 3
79 1
80 6
81 2
82 1
83 0
84 0
85 0
86 0
87 1
88 0
89 1
90 0
91 0
92 0
93 0
94 0
95 0
96 0
97 0
98 0
99 0
100 0
101 0
33
8445
