585
630690 676737 64.8649
630690 632952 77.7778
630690 658464 77.7778
630690 1168 85.7143
630690 635034 62.7451
630690 364093 63.1579
630690 137470 61.5385
630690 76006 68.2927
630690 43871 75.6757
630690 669273 77.7778
630690 649436 80
630690 623991 81.0811
630690 87081 63.1579
630690 127964 82.0513
630690 644325 77.7778
630690 2743 76.9231
630690 638641 71.7949
630690 646164 78.9474
630690 636941 63.1579
630690 626865 82.3529
630690 382814 86.4865
630690 7760 66.6667
630690 160497 78.9474
630690 644432 80
630690 679577 76.9231
630690 658774 66.6667
630690 601307 64.8649
630690 4140 78.0488
630690 677510 78.9474
630690 600388 77.7778
630690 241173 88.2353
630690 625063 75.6757
630690 522408 84.2105
630690 625465 82.0513
630690 626947 72.7273
630690 59679 84.2105
630690 656392 68.2927
630690 659234 65
630690 684792 73.6842
630690 140665 88.8889
630690 654113 82.0513
630690 118993 75
630690 453 66.6667
630690 341865 60
630690 120309 80
630690 663946 71.7949
630690 623992 70
630690 628999 88.8889
630690 629009 82.0513
630690 697943 82.0513
630690 658397 60
630690 620248 88.2353
630690 670183 71.7949
630690 36283 84.2105
630690 20122 61.5385
630690 133683 66.6667
630690 6957 70.5882
630690 650981 77.7778
630690 5220 66.6667
630690 625471 75.6757
630690 645335 71.4286
630690 627725 81.0811
630690 631597 70.9677
630690 700123 80
630690 617683 68.2927
630690 667849 63.1579
630690 220327 73.6842
630690 54855 78.0488
630690 633868 70.2703
630690 1112 85.7143
630690 625412 68.2927
630690 622636 82.0513
630690 294110 86.4865
630690 641165 78.0488
630690 624842 63.1579
630690 666530 88.8889
630690 30798 82.0513
630690 634135 71.7949
630690 84223 75.8621
630690 37752 78.0488
630690 657562 77.7778
630690 633890 80
630690 42443 73.1707
630690 636921 63.1579
630690 83398 70.2703
630690 142693 75
630690 626923 71.4286
630690 30131 76.1905
630690 16634 84.2105
630690 62778 62.8571
630690 658698 75
630690 629718 85.7143
630690 404000 71.7949
630690 692599 81.0811
630690 656391 61.5385
630690 658501 61.5385
630690 169105 84.2105
630690 651739 68.2927
630690 617363 80
630690 677555 83.3333
630690 637434 60
630690 639682 68.2927
630690 624349 75
630690 660421 70
630690 664853 83.3333
630690 102318 86.4865
630690 663921 64.7059
630690 650211 68.2927
630690 309708 75.8621
630690 651217 80
630690 345650 71.7949
630690 659122 60
630690 59628 80
630690 74380 76.1905
630690 627383 78.0488
630690 670181 80
630690 685117 73.6842
630690 670149 77.7778
630690 661128 78.0488
630690 623701 74.2857
630690 81669 71.7949
630690 650625 75.6757
630690 67594 65
630690 636993 63.4146
630690 54833 60
630690 30152 70.5882
630690 634306 78.0488
630690 653050 61.5385
630690 526596 64.7059
630690 658487 71.7949
630690 158037 75.6757
630690 64013 88.8889
630690 630692 78.0488
630690 97219 71.7949
630690 54829 75.6757
630690 650624 75
630690 666677 66.6667
630690 87059 68.4211
630690 43026 80
630690 52350 65
630690 365560 63.1579
630690 186233 61.5385
630690 338205 68.4211
630690 48911 75
630690 116805 70.2703
630690 627507 73.3333
630690 179790 62.5
630690 164774 64.8649
630690 23380 66.6667
630690 60195 68.75
630690 4120 60
630690 7636 77.7778
630690 102851 82.0513
630690 43395 61.1111
630690 628265 86.4865
630690 25952 82.0513
630690 624987 78.9474
630690 624671 75
630690 38253 80
630690 639681 68.2927
630690 55342 73.6842
630690 657817 84.2105
630690 656390 63.4146
630690 667760 66.6667
630690 633174 66.6667
630690 672208 78.9474
630690 632920 64.7059
630690 623233 64.8649
630690 657811 68.2927
630690 634171 78.0488
630690 611078 80
630690 96461 75.6757
630690 626100 73.6842
630690 400230 90.9091
630690 625795 78.0488
630690 9659 72.2222
630690 660640 88.8889
630690 625469 71.7949
630690 657840 78.0488
630690 625042 73.1707
630690 651220 80
630690 692226 77.4194
630690 679281 68.5714
630690 128160 86.4865
630690 600059 70.9677
630690 43870 75.6757
630690 180 88.8889
630690 690415 63.1579
630690 382815 82.0513
630690 656386 71.7949
630690 116539 75.6757
630690 646645 63.4146
630690 634714 78.0488
630690 646707 78.0488
630690 635960 68.4211
630690 658776 76.9231
630690 369774 82.0513
630690 609067 65.3061
630690 1986 86.4865
630690 694105 71.7949
630690 677512 76.4706
630690 627435 100
630690 2750 68.5714
630690 116363 82.0513
630690 47695 73.6842
630690 136014 61.1111
630690 72089 70
630690 651737 68.2927
630690 650609 80
630690 686466 72.2222
630690 644273 88.2353
630690 297577 61.5385
630690 685298 72.2222
630690 291305 84.2105
630690 691610 70.5882
630690 611347 64.8649
630690 636784 70
630690 625015 63.1579
630690 681072 66.6667
630690 647068 68.2927
630690 677920 85.7143
630690 148519 73.3333
630690 12463 71.7949
630690 309699 75.6757
630690 617368 68.5714
630690 209084 81.0811
630690 631315 81.0811
630690 164614 66.6667
630690 659342 68.2927
630690 695625 66.6667
630690 680715 88.8889
630690 625421 66.6667
630690 646165 75
630690 138305 88.2353
630690 616232 76.9231
630690 642896 66.6667
630690 627368 61.5385
630690 666665 76.9231
630690 656387 68.2927
630690 638640 68.4211
630690 73166 74.2857
630690 40484 70
630690 624535 78.0488
630690 667850 63.1579
630690 617316 82.3529
630690 8512 84.2105
630690 636935 60
630690 111920 64.8649
630690 67476 63.1579
630690 53183 68.2927
630690 658980 68.4211
630690 31976 70.2703
630690 649428 60
630690 404827 76.4706
630690 160587 73.6842
630690 679825 61.5385
630690 609696 68.9655
630690 654114 71.7949
630690 670182 81.0811
630690 84227 75
630690 72288 68.2927
630690 342024 60.6061
630690 636095 70
630690 665553 76.9231
630690 641086 62.8571
630690 68955 83.3333
630690 617409 82.0513
630690 651936 60.6061
630690 631128 78.0488
630690 161601 64.8649
630690 663620 61.5385
630690 636943 75
630690 34632 70
630690 294731 88.8889
630690 631648 70
630690 623636 84.2105
630690 663571 70
630690 650783 61.5385
630690 45164 78.9474
630690 326172 64.8649
630690 656986 62.5
630690 8774 82.0513
630690 646001 70
630690 697384 75.6757
630690 328820 62.5
630690 193517 64.7059
630690 689210 80
630690 60734 61.5385
630690 627226 72.2222
630690 657803 82.0513
630690 629474 86.4865
630690 67800 64.5161
630690 136135 84.2105
630690 667247 73.6842
630690 637821 62.8571
630690 43798 60
630690 634293 71.7949
630690 631630 80
630690 191990 78.9474
630690 139785 64.8649
630690 63862 82.0513
630690 670179 80
630690 185355 68.75
630690 634151 90.3226
630690 676713 61.1111
630690 63055 72.2222
630690 672441 70.2703
630690 624961 71.7949
630690 20985 70.5882
630690 650616 82.0513
630690 633879 82.0513
630690 6365 70.9677
630690 601362 68.2927
630690 666432 80
630690 663915 70
630690 364202 86.4865
630690 662187 78.9474
630690 627436 88.8889
630690 628244 76.1905
630690 677516 78.9474
630690 57548 60
630690 30724 66.6667
630690 29851 70.2703
630690 644297 74.2857
630690 650608 75
630690 278461 82.0513
630690 624163 66.6667
630690 693434 81.0811
630690 8120 82.0513
630690 668362 88.2353
630690 663585 80
630690 623832 76.9231
630690 231338 75.6757
630690 657836 71.7949
630690 696224 80
630690 651218 80
630690 650610 84.2105
630690 657805 80
630690 130895 61.1111
630690 650611 72.2222
630690 675215 64.8649
630690 629037 78.9474
630690 38243 80
630690 326397 61.5385
630690 616811 66.6667
630690 174612 81.0811
630690 640230 70
630690 634470 75
630690 632227 72.7273
630690 684074 61.5385
630690 672960 77.7778
630690 640890 72.7273
630690 628996 78.0488
630690 69587 60
630690 650634 75.6757
630690 625028 70.9677
630690 624162 63.4146
630690 670148 82.0513
630690 647530 62.069
630690 628296 76.4706
630690 84552 78.9474
630690 629038 60
630690 651324 80
630690 98431 74.2857
630690 154880 64.8649
630690 311941 77.7778
630690 57598 64.7059
630690 625186 78.0488
630690 659147 60
630690 661471 70
630690 683892 76.9231
630690 83653 60
630690 625464 75.6757
630690 135284 64.7059
630690 651735 68.2927
630690 174620 80
630690 677915 81.25
630690 131312 77.4194
630690 56148 76.9231
630690 295156 94.1176
630690 638129 78.0488
630690 677916 80
630690 622644 70
630690 669986 61.1111
630690 656393 63.4146
630690 663952 75
630690 632919 64.7059
630690 602880 65
630690 680466 61.1111
630690 102623 64.8649
630690 75516 64.8649
630690 660053 71.7949
630690 71320 81.0811
630690 63911 71.7949
630690 58895 84.2105
630690 26154 90.9091
630690 649441 75
630690 59727 60.6061
630690 66479 81.25
630690 695218 73.6842
630690 25855 62.5
630690 640902 62.2222
630690 30723 66.6667
630690 638174 70
630690 664269 72.2222
630690 694951 66.6667
630690 663936 65
630690 667749 66.6667
630690 677545 70.5882
630690 636946 60
630690 63599 60
630690 693424 88.2353
630690 348404 62.069
630690 71439 70
630690 663576 60
630690 339497 72.7273
630690 625027 62.8571
630690 174655 64.8649
630690 638851 88.8889
630690 29232 66.6667
630690 13687 73.6842
630690 109999 75.6757
630690 680482 64.8649
630690 666436 80
630690 82166 77.7778
630690 609819 91.4286
630690 613239 76.9231
630690 301196 68.5714
630690 625064 71.7949
630690 628495 65.3061
630690 667470 73.6842
630690 48122 60.6061
630690 103998 68.4211
630690 631634 62.5
630690 86939 72.2222
630690 18894 73.3333
630690 278175 77.7778
630690 40725 81.0811
630690 662782 70.5882
630690 18255 75
630690 624960 71.7949
630690 125185 60
630690 86080 61.5385
630690 624006 73.6842
630690 636118 68.2927
630690 626433 61.1111
630690 634163 81.0811
630690 34551 80
630690 639683 68.2927
630690 649096 66.6667
630690 642604 75
630690 676712 61.1111
630690 147625 62.5
630690 642788 87.5
630690 105373 83.3333
630690 694315 64.8649
630690 1026 94.1176
630690 624331 73.1707
630690 627082 61.5385
630690 646232 61.5385
630690 95102 73.6842
630690 10121 82.0513
630690 4867 73.1707
630690 58104 82.0513
630690 667276 73.6842
630690 636942 75
630690 625468 78.0488
630690 23609 75.6757
630690 630262 78.0488
630690 662773 72.7273
630690 646166 80
630690 521887 83.3333
630690 1118 78.7879
630690 624151 61.1111
630690 644932 84.2105
630690 55876 82.0513
630690 674195 78.9474
630690 647355 78.0488
630690 663549 61.5385
630690 648929 66.6667
630690 635820 60
630690 348706 84.2105
630690 202930 76.4706
630690 3124 88.2353
630690 62009 75
630690 636929 63.1579
630690 4771 77.7778
630690 644333 66.6667
630690 295435 81.0811
630690 19984 64.8649
630690 603977 75.6757
630690 70868 66.6667
630690 634220 61.5385
630690 616278 86.4865
630690 634775 66.6667
630690 60698 76.4706
630690 27116 72.7273
630690 633900 78.0488
630690 79016 61.5385
630690 617633 68.4211
630690 2775 68.4211
630690 646159 68.4211
630690 609820 91.4286
630690 667524 61.1111
630690 54128 75
630690 643487 61.5385
630690 631808 86.4865
630690 619147 68.2927
630690 636326 86.4865
630690 657843 78.0488
630690 294107 78.7879
630690 331770 84.2105
630690 646207 82.0513
630690 617398 75
630690 66688 68.4211
630690 285113 72.2222
630690 64884 60.6061
630690 34765 71.7949
630690 680494 61.5385
630690 13009 68.4211
630690 301199 64.8649
630690 56285 61.1111
630690 157913 70.5882
630690 147110 70
630690 58580 84.2105
630690 699206 73.6842
630690 636947 60
630690 638603 72.7273
630690 609248 84.2105
630690 87254 81.0811
630690 649427 60
630690 615011 71.7949
630690 638636 64.7059
630690 625239 60
630690 609695 61.5385
630690 627367 61.5385
630690 119877 63.1579
630690 685783 68.4211
630690 615299 75
630690 193341 70.5882
630690 677917 77.7778
630690 291534 61.5385
630690 56357 72.7273
630690 163501 68.4211
630690 624003 80
630690 327445 68.5714
630690 58030 76.1905
630690 66069 68.2927
630690 634615 64.8649
630690 81549 78.7879
630690 644871 80
630690 79707 80
630690 649424 70
630690 2741 75.6757
630690 650643 64.7059
630690 663914 68.4211
630690 626580 72
630690 655039 62.5
630690 56470 82.0513
630690 632386 78.0488
630690 627370 64.8649
630690 612049 61.5385
630690 140121 82.0513
630690 25397 71.7949
630690 41355 81.0811
630690 649044 80
630690 663947 66.6667
630690 636086 60
630690 665282 66.6667
630690 630691 82.0513
630690 131090 71.7949
630690 659301 78.0488
630690 625813 60
630690 15193 81.0811
630690 627066 75.6757
630690 620336 66.6667
630690 679283 64.8649
630690 617628 60
630690 653051 64.8649
630690 617406 60
630690 628979 80
630690 663935 66.6667
630690 634241 86.4865
630690 404698 77.7778
630690 635811 66.6667
0 11
1 0
2 0
3 0
4 0
5 0
6 0
7 1
8 0
9 0
10 0
11 0
12 3
13 3
14 2
15 6
16 1
17 7
18 8
19 11
20 3
21 5
22 12
23 11
24 14
25 22
26 9
27 7
28 15
29 13
30 8
31 7
32 3
33 7
34 5
35 12
36 20
37 18
38 12
39 18
40 12
41 6
42 19
43 22
44 21
45 12
46 13
47 13
48 22
49 21
50 26
51 13
52 19
53 27
54 8
55 25
56 10
57 19
58 22
59 28
60 38
61 5
62 37
63 15
64 18
65 37
66 2
67 31
68 0
69 43
70 18
71 18
72 28
73 17
74 22
75 25
76 21
77 19
78 18
79 40
80 34
81 0
82 17
83 30
84 5
85 17
86 4
87 12
88 1
89 17
90 0
91 3
92 2
93 0
94 0
95 2
96 0
97 0
98 0
99 0
100 0
101 1
10
8902
