602
87081 127964 71.1111
87081 269613 72.7273
87081 633001 64.6154
87081 644325 80.9524
87081 638641 88.8889
87081 646164 81.8182
87081 636941 86.3636
87081 382814 74.4186
87081 13506 60
87081 7760 80.9524
87081 160497 72.7273
87081 644432 73.913
87081 658774 62.2222
87081 690569 60.4651
87081 601307 88.3721
87081 4140 72.3404
87081 51867 63.4146
87081 677510 72.7273
87081 600388 85.7143
87081 241173 70
87081 625063 79.0698
87081 522408 81.8182
87081 625465 71.1111
87081 229 72.3404
87081 59679 77.2727
87081 656392 85.1064
87081 659234 82.6087
87081 684792 68.1818
87081 647014 65.6716
87081 140665 76.1905
87081 654113 75.5556
87081 118993 84.2105
87081 341865 82.6087
87081 629267 62.2951
87081 101655 60.4651
87081 120309 78.0488
87081 663946 75.5556
87081 645540 63.7681
87081 623992 73.913
87081 628999 76.1905
87081 629009 71.1111
87081 640286 69.8413
87081 697943 71.1111
87081 658397 86.9565
87081 643729 89.3617
87081 620248 70
87081 670183 93.3333
87081 36283 72.7273
87081 20122 80
87081 133683 62.2222
87081 6957 70
87081 667948 62.8571
87081 650981 76.1905
87081 625471 79.0698
87081 645335 83.3333
87081 353871 61.1111
87081 646436 66.6667
87081 627725 65.1163
87081 700123 60.8696
87081 617683 63.8298
87081 658787 66.6667
87081 220327 63.6364
87081 149965 61.9048
87081 54855 72.3404
87081 619072 66.6667
87081 633868 74.4186
87081 625412 72.3404
87081 622636 80
87081 294110 65.1163
87081 667952 67.6923
87081 641165 76.5957
87081 624842 86.3636
87081 637641 62.6866
87081 666530 71.4286
87081 30798 71.1111
87081 76010 69.7674
87081 634135 66.6667
87081 37752 85.1064
87081 657562 66.6667
87081 633890 73.913
87081 42443 89.3617
87081 602889 60.4651
87081 643485 61.5385
87081 636921 86.3636
87081 83398 83.7209
87081 629374 73.913
87081 115006 69.7674
87081 142693 73.6842
87081 626923 75
87081 30131 79.1667
87081 66489 74.4186
87081 16634 72.7273
87081 658698 73.913
87081 629718 63.4146
87081 404000 75.5556
87081 656391 84.4444
87081 169105 81.8182
87081 617363 86.9565
87081 677555 76.1905
87081 637434 95.6522
87081 639682 93.617
87081 660421 86.9565
87081 664853 76.1905
87081 102318 74.4186
87081 663921 75
87081 66070 85.1064
87081 309708 74.2857
87081 651217 86.9565
87081 345650 66.6667
87081 659122 78.2609
87081 59628 82.6087
87081 74380 70.8333
87081 627383 85.1064
87081 670181 68.2927
87081 685117 77.2727
87081 670149 80.9524
87081 661128 72.3404
87081 81669 88.8889
87081 1390 60.4651
87081 67594 86.9565
87081 636993 76.5957
87081 54833 86.9565
87081 266126 66.6667
87081 634306 76.5957
87081 658487 66.6667
87081 158037 65.1163
87081 64013 76.1905
87081 97219 93.3333
87081 639772 68.9655
87081 54829 74.4186
87081 687618 60.4651
87081 87059 63.6364
87081 43026 78.2609
87081 52350 82.6087
87081 67609 68.1818
87081 365560 68.1818
87081 641764 71.7949
87081 186233 84.4444
87081 650064 61.5385
87081 645542 68.75
87081 116805 74.4186
87081 179790 63.1579
87081 658309 60.4651
87081 164774 74.4186
87081 4120 61.1111
87081 646440 64.6154
87081 7636 85.7143
87081 102851 80
87081 43395 61.9048
87081 628265 74.4186
87081 25952 66.6667
87081 624987 63.6364
87081 38253 68.2927
87081 639681 93.617
87081 645129 63.7681
87081 55342 81.8182
87081 657817 72.7273
87081 647645 66.6667
87081 656390 80.8511
87081 667760 61.9048
87081 633174 91.6667
87081 632920 60
87081 634219 62.2222
87081 690579 62.2222
87081 657811 93.617
87081 634171 80.8511
87081 611078 63.4146
87081 96461 88.3721
87081 400230 66.6667
87081 625795 72.3404
87081 664551 70
87081 36603 73.1707
87081 9659 76.1905
87081 660640 66.6667
87081 625469 75.5556
87081 675282 60.8696
87081 193521 65
87081 668523 71.4286
87081 657840 72.3404
87081 625042 72.3404
87081 651220 73.913
87081 372155 65.1163
87081 128160 74.4186
87081 641699 62.6866
87081 43870 88.3721
87081 180 66.6667
87081 690415 90.9091
87081 633011 75.4717
87081 382815 71.1111
87081 656386 75.5556
87081 116539 65.1163
87081 33377 65.1163
87081 646645 76.5957
87081 634714 72.3404
87081 116523 75.5556
87081 646707 85.1064
87081 635960 90.9091
87081 658776 62.2222
87081 369774 71.1111
87081 609067 72.7273
87081 1986 60.4651
87081 694105 88.8889
87081 677512 80
87081 627435 63.1579
87081 116363 71.1111
87081 47695 90.9091
87081 4436 62.5
87081 136014 61.9048
87081 72089 65.2174
87081 650609 60.8696
87081 158910 65.1163
87081 686466 61.9048
87081 615123 63.8298
87081 297577 71.1111
87081 685298 71.4286
87081 646910 61.9718
87081 291305 81.8182
87081 691610 75
87081 611347 69.7674
87081 636784 73.913
87081 681072 61.9048
87081 647068 89.3617
87081 68888 61.5385
87081 677920 63.4146
87081 12463 80
87081 309699 65.1163
87081 209084 74.4186
87081 631315 79.0698
87081 164614 80.9524
87081 659342 72.3404
87081 695625 81.4815
87081 680715 66.6667
87081 625421 71.1111
87081 646165 86.9565
87081 697780 61.9718
87081 108408 64.5161
87081 76699 68.5714
87081 642896 85.7143
87081 627368 71.1111
87081 647643 63.7681
87081 264045 62.2222
87081 658533 76.5957
87081 666665 62.2222
87081 656387 72.3404
87081 638640 86.3636
87081 73166 82.9268
87081 667850 68.1818
87081 617316 65
87081 672018 81.8182
87081 8512 63.6364
87081 636935 91.3043
87081 111920 65.1163
87081 67476 81.8182
87081 53183 85.1064
87081 658980 63.6364
87081 31976 79.0698
87081 649428 86.9565
87081 404827 70
87081 679825 68.9655
87081 646441 60.8696
87081 602890 61.9048
87081 654114 75.5556
87081 670182 65.1163
87081 7528 62.2222
87081 84227 63.1579
87081 72288 85.1064
87081 342024 61.5385
87081 31592 73.6842
87081 636095 60.8696
87081 665553 75.5556
87081 68955 66.6667
87081 659015 61.9718
87081 617409 80
87081 100467 65
87081 79447 68.1818
87081 631128 72.3404
87081 663620 71.1111
87081 636943 82.6087
87081 34632 73.913
87081 631648 86.9565
87081 671292 67.6923
87081 663571 65.2174
87081 650783 75.5556
87081 45164 77.2727
87081 650061 61.1111
87081 326172 60.4651
87081 8774 75.5556
87081 646001 86.9565
87081 697384 88.3721
87081 691995 66.6667
87081 193517 70
87081 625487 67.6923
87081 689210 73.913
87081 43285 61.9048
87081 60734 80
87081 627226 85.7143
87081 657803 75.5556
87081 629474 69.7674
87081 667247 68.1818
87081 43798 91.3043
87081 634293 66.6667
87081 631630 82.6087
87081 139785 74.4186
87081 63862 66.6667
87081 670179 68.2927
87081 637642 62.6866
87081 690590 66.6667
87081 63055 85.7143
87081 672441 79.0698
87081 643480 61.5385
87081 20985 90
87081 650616 62.2222
87081 633879 71.1111
87081 601362 85.1064
87081 50848 68.75
87081 19055 70
87081 666432 69.5652
87081 663915 82.6087
87081 364202 69.7674
87081 627436 76.1905
87081 73248 89.3617
87081 628244 70.8333
87081 677516 81.8182
87081 647644 63.7681
87081 30724 61.9048
87081 29851 74.4186
87081 278461 75.5556
87081 624163 71.1111
87081 690393 70
87081 668362 70
87081 663585 73.913
87081 623832 80
87081 687813 64.7059
87081 624231 64.4068
87081 609818 85.1064
87081 657836 75.5556
87081 113665 65.1163
87081 696224 63.4146
87081 651218 86.9565
87081 650610 63.6364
87081 657805 78.0488
87081 130895 66.6667
87081 675215 69.7674
87081 38243 68.2927
87081 326397 80
87081 263770 66.6667
87081 82804 60.4651
87081 627708 62.2951
87081 15130 74.4186
87081 647019 65.6716
87081 690586 62.2222
87081 616811 75.5556
87081 640230 60.8696
87081 634470 73.913
87081 647646 66.6667
87081 625483 67.6923
87081 666386 68.75
87081 672960 85.7143
87081 640890 68
87081 628996 72.3404
87081 69587 60.8696
87081 625028 70.2703
87081 624162 68.0851
87081 670148 71.1111
87081 84552 68.1818
87081 651324 69.5652
87081 98431 68.2927
87081 664941 66.6667
87081 122381 61.5385
87081 154880 69.7674
87081 311941 71.4286
87081 694557 60.274
87081 625186 63.8298
87081 641698 62.6866
87081 39362 89.3617
87081 637646 68.8525
87081 122640 72.7273
87081 661471 73.913
87081 683892 80
87081 83653 82.6087
87081 625464 79.0698
87081 135284 60
87081 174620 82.9268
87081 677915 63.1579
87081 131312 70.2703
87081 56148 71.1111
87081 295156 70
87081 638129 72.3404
87081 677916 68.2927
87081 622644 73.913
87081 669986 61.9048
87081 656393 80.8511
87081 663952 69.5652
87081 632919 60
87081 676949 67.6923
87081 602880 60.8696
87081 692011 66.6667
87081 641530 67.6923
87081 102623 69.7674
87081 75516 60.4651
87081 660053 66.6667
87081 71320 74.4186
87081 63911 88.8889
87081 58895 77.2727
87081 26154 66.6667
87081 649441 73.913
87081 59727 76.9231
87081 66479 73.6842
87081 695218 63.6364
87081 640902 86.2745
87081 30723 61.9048
87081 638174 73.913
87081 664269 61.9048
87081 694951 61.9048
87081 663936 91.3043
87081 667749 61.9048
87081 677545 65
87081 636946 91.3043
87081 630076 83.3333
87081 364989 68.2927
87081 63599 65.2174
87081 693424 60
87081 6396 60.8696
87081 71439 78.2609
87081 405084 89.3617
87081 663576 86.9565
87081 339497 66.6667
87081 625027 68.2927
87081 645098 64.5161
87081 638851 61.9048
87081 628102 93.617
87081 29232 61.9048
87081 13687 68.1818
87081 680482 83.7209
87081 666436 69.5652
87081 609819 68.2927
87081 613239 62.2222
87081 625064 75.5556
87081 628495 72.7273
87081 667470 77.2727
87081 668859 63.7681
87081 103998 68.1818
87081 86939 76.1905
87081 18894 66.6667
87081 41554 72.3404
87081 278175 71.4286
87081 663927 66.6667
87081 691259 70.9677
87081 614939 62.8571
87081 662782 80
87081 207835 63.6364
87081 18255 84.2105
87081 636661 66.6667
87081 700591 68.75
87081 409127 72.7273
87081 125185 66.6667
87081 86080 75.5556
87081 624006 77.2727
87081 636118 72.3404
87081 634163 69.7674
87081 627222 79.0698
87081 34551 65.2174
87081 639683 85.1064
87081 649096 80
87081 642604 78.2609
87081 658818 69.5652
87081 670237 63.4146
87081 105373 76.1905
87081 694315 83.7209
87081 1026 70
87081 646232 93.3333
87081 10121 75.5556
87081 4867 68.0851
87081 58104 66.6667
87081 667276 77.2727
87081 636942 82.6087
87081 625468 72.3404
87081 630262 76.5957
87081 646166 73.1707
87081 681101 70
87081 625482 67.6923
87081 521887 80.9524
87081 648928 79.0698
87081 666115 68.75
87081 644932 68.1818
87081 632917 61.9048
87081 617627 66.6667
87081 55876 75.5556
87081 611783 76.5957
87081 674195 81.8182
87081 647355 63.8298
87081 663549 71.1111
87081 648929 75.5556
87081 638581 66.6667
87081 635820 78.2609
87081 348706 68.1818
87081 202930 70
87081 3124 70
87081 160451 71.1111
87081 62009 82.6087
87081 636929 86.3636
87081 4771 76.1905
87081 644333 71.1111
87081 295435 60.4651
87081 19984 93.0233
87081 603977 60.4651
87081 70868 71.1111
87081 327982 66.6667
87081 634220 66.6667
87081 616278 65.1163
87081 624051 87.5
87081 634775 71.1111
87081 27116 87.1795
87081 82807 60.4651
87081 79016 84.4444
87081 670091 68.2927
87081 617633 68.1818
87081 2775 86.3636
87081 646159 81.8182
87081 609820 68.2927
87081 295302 68.75
87081 631808 60.4651
87081 619147 76.5957
87081 636326 79.0698
87081 672019 81.8182
87081 657843 85.1064
87081 331770 72.7273
87081 639767 78.5714
87081 646207 75.5556
87081 264039 62.2222
87081 66688 77.2727
87081 667950 69.8413
87081 285113 85.7143
87081 634581 85.1064
87081 34765 66.6667
87081 649097 85.1064
87081 680494 93.3333
87081 13009 68.1818
87081 157913 65
87081 649092 68.1818
87081 147110 91.3043
87081 627011 61.9048
87081 634156 61.9048
87081 699206 68.1818
87081 636947 91.3043
87081 609248 72.7273
87081 87254 60.4651
87081 649427 86.9565
87081 615011 88.8889
87081 638636 70
87081 625239 82.6087
87081 668856 65.6716
87081 627367 71.1111
87081 685783 63.6364
87081 615299 69.5652
87081 637643 62.6866
87081 677917 71.4286
87081 291534 80
87081 55459 60.8696
87081 56357 68
87081 624003 73.913
87081 327445 68.2927
87081 58030 66.6667
87081 66069 85.1064
87081 634615 60.4651
87081 632913 78.2609
87081 644871 78.2609
87081 79707 82.9268
87081 649424 86.9565
87081 681679 61.7647
87081 51337 68.2927
87081 697598 60.274
87081 647527 70.2703
87081 663914 86.3636
87081 56470 75.5556
87081 632386 80.8511
87081 627370 79.0698
87081 75707 80.8511
87081 75518 63.4146
87081 632918 68.1818
87081 612049 68.9655
87081 25397 88.8889
87081 41355 60.4651
87081 649044 73.913
87081 663947 75.5556
87081 25413 76.5957
87081 636086 86.9565
87081 665282 75.5556
87081 633810 68.75
87081 26540 61.9048
87081 131090 88.8889
87081 646438 66.6667
87081 641697 62.6866
87081 64057 61.9718
87081 3609 60
87081 617628 95.6522
87081 653051 60.4651
87081 617406 86.9565
87081 628979 69.5652
87081 663935 80.9524
87081 634241 65.1163
87081 404698 76.1905
0 8
1 0
2 0
3 0
4 0
5 2
6 1
7 3
8 0
9 0
10 3
11 1
12 3
13 2
14 1
15 3
16 0
17 2
18 2
19 3
20 6
21 1
22 1
23 3
24 4
25 7
26 5
27 3
28 17
29 8
30 5
31 12
32 17
33 11
34 6
35 10
36 14
37 12
38 17
39 11
40 12
41 1
42 21
43 9
44 20
45 20
46 9
47 22
48 21
49 22
50 29
51 1
52 37
53 17
54 21
55 38
56 16
57 15
58 41
59 4
60 30
61 30
62 34
63 23
64 29
65 11
66 20
67 39
68 9
69 43
70 33
71 6
72 29
73 29
74 22
75 18
76 24
77 22
78 8
79 10
80 24
81 11
82 12
83 14
84 5
85 5
86 21
87 24
88 2
89 11
90 7
91 3
92 7
93 0
94 9
95 0
96 2
97 0
98 0
99 0
100 0
101 0
12
8576
