1
32065 362133 66.6667
0 2
1 0
2 0
3 0
4 0
5 0
6 0
7 2
8 2
9 2
10 4
11 0
12 2
13 3
14 1
15 1
16 0
17 0
18 3
19 6
20 2
21 2
22 4
23 3
24 0
25 7
26 2
27 4
28 2
29 2
30 1
31 1
32 7
33 1
34 3
35 1
36 5
37 4
38 6
39 3
40 4
41 0
42 2
43 1
44 1
45 3
46 3
47 1
48 3
49 0
50 6
51 0
52 3
53 1
54 2
55 0
56 1
57 0
58 1
59 0
60 0
61 0
62 0
63 0
64 1
65 0
66 0
67 1
68 0
69 0
70 0
71 0
72 0
73 0
74 0
75 0
76 0
77 0
78 0
79 0
80 0
81 0
82 0
83 0
84 0
85 0
86 0
87 0
88 0
89 0
90 0
91 0
92 0
93 0
94 0
95 0
96 0
97 0
98 0
99 0
100 0
101 0
1
53
