8
671154 191990 66.6667
671154 660837 80
671154 762 68.75
671154 650608 72.7273
671154 671155 89.4737
671154 671159 81.25
671154 624331 76.1905
671154 600059 68.75
0 6
1 0
2 0
3 0
4 0
5 0
6 2
7 2
8 3
9 3
10 8
11 14
12 26
13 10
14 20
15 16
16 10
17 12
18 8
19 19
20 11
21 8
22 22
23 10
24 11
25 25
26 6
27 16
28 21
29 21
30 20
31 13
32 17
33 21
34 18
35 59
36 51
37 39
38 28
39 65
40 175
41 0
42 83
43 87
44 77
45 44
46 27
47 6
48 25
49 18
50 12
51 0
52 7
53 5
54 5
55 7
56 2
57 1
58 8
59 3
60 4
61 0
62 0
63 1
64 0
65 0
66 0
67 1
68 0
69 2
70 0
71 0
72 0
73 1
74 0
75 0
76 0
77 1
78 0
79 0
80 1
81 0
82 1
83 0
84 0
85 0
86 0
87 0
88 0
89 0
90 1
91 0
92 0
93 0
94 0
95 0
96 0
97 0
98 0
99 0
100 0
101 0
13
8920
