369
688342 16448 76.1905
688342 649422 68.1818
688342 610998 67.9245
688342 660421 77.2727
688342 647372 73.1707
688342 109884 71.4286
688342 68347 80
688342 646165 72.7273
688342 625468 66.6667
688342 639767 70.3704
688342 626953 76.9231
688342 42443 75.5556
688342 18894 76.4706
688342 615009 71.1111
688342 55887 85
688342 683715 73.1707
688342 677513 70
688342 641764 70.2703
688342 66070 71.1111
688342 625465 69.7674
688342 122640 71.4286
688342 2775 66.6667
688342 638686 82.9268
688342 677915 72.2222
688342 75707 66.6667
688342 96461 82.9268
688342 17796 74.4186
688342 3846 66.6667
688342 611347 68.2927
688342 97219 74.4186
688342 279497 66.6667
688342 663947 79.0698
688342 87253 66.6667
688342 677555 70
688342 56470 79.0698
688342 601362 71.1111
688342 405084 66.6667
688342 628996 66.6667
688342 649429 71.4286
688342 670182 73.1707
688342 87081 76.1905
688342 679542 68.2927
688342 620337 66.6667
688342 679579 66.6667
688342 348706 71.4286
688342 640230 72.7273
688342 655264 71.4286
688342 663549 69.7674
688342 160497 76.1905
688342 128701 76.5957
688342 629718 71.7949
688342 629474 68.2927
688342 634220 69.7674
688342 638636 73.6842
688342 131090 93.0233
688342 609818 66.6667
688342 21412 68.4211
688342 5729 78.0488
688342 632952 75
688342 634156 70
688342 636932 68.1818
688342 639683 66.6667
688342 86939 75
688342 33592 75.5556
688342 657807 66.6667
688342 294110 73.1707
688342 53183 71.1111
688342 81549 70.2703
688342 636326 73.1707
688342 100467 68.4211
688342 56426 69.7674
688342 680482 78.0488
688342 670183 74.4186
688342 659301 66.6667
688342 33377 73.1707
688342 611078 66.6667
688342 122681 68.2927
688342 625794 68.1818
688342 645038 75
688342 641763 71.4286
688342 63055 80
688342 622652 66.6667
688342 625464 68.2927
688342 154741 73.1707
688342 627436 70
688342 110344 76.9231
688342 623991 68.2927
688342 655263 75
688342 631808 68.2927
688342 285113 75
688342 634175 77.2727
688342 670181 71.7949
688342 257830 69.7674
688342 116523 69.7674
688342 328442 71.7949
688342 690589 69.7674
688342 114022 72.2222
688342 638593 74.4186
688342 51867 71.7949
688342 631315 82.9268
688342 609819 76.9231
688342 694105 74.4186
688342 55619 69.7674
688342 24711 68.2927
688342 41356 73.1707
688342 663927 74.4186
688342 646645 66.6667
688342 624004 66.6667
688342 4120 82.3529
688342 150952 76.1905
688342 84227 66.6667
688342 369774 69.7674
688342 697384 82.9268
688342 679281 66.6667
688342 657817 66.6667
688342 667247 66.6667
688342 646164 71.4286
688342 623635 81.8182
688342 116539 68.2927
688342 646159 66.6667
688342 102318 68.2927
688342 677512 73.6842
688342 48911 66.6667
688342 637434 72.7273
688342 636947 68.1818
688342 364202 78.0488
688342 612765 68.1818
688342 637189 66.6667
688342 634470 77.2727
688342 680857 68.4211
688342 625471 68.2927
688342 625028 68.5714
688342 663589 74.4186
688342 601821 81.8182
688342 661465 76.1905
688342 26245 66.6667
688342 20985 78.9474
688342 631648 72.7273
688342 72288 66.6667
688342 644433 68.1818
688342 636935 68.1818
688342 683892 79.0698
688342 73166 82.0513
688342 645335 73.913
688342 667470 71.4286
688342 66479 66.6667
688342 662771 68.1818
688342 633221 68.1818
688342 99002 73.1707
688342 664977 73.1707
688342 657815 76.9231
688342 617628 72.7273
688342 611545 68.1818
688342 663921 78.9474
688342 616278 73.1707
688342 619101 66.6667
688342 358737 68.4211
688342 634714 66.6667
688342 56497 71.1111
688342 625027 71.7949
688342 634303 75.5556
688342 672018 76.1905
688342 382814 78.0488
688342 657809 80
688342 625792 69.7674
688342 633220 69.7674
688342 64013 85
688342 25952 69.7674
688342 30798 69.7674
688342 38231 80.9524
688342 693427 75
688342 44675 78.0488
688342 656392 75.5556
688342 630690 72.2222
688342 79447 76.1905
688342 634193 78.0488
688342 67437 71.1111
688342 659975 74.4186
688342 122751 82.9268
688342 40553 71.4286
688342 63917 66.6667
688342 651218 72.7273
688342 624386 71.1111
688342 681316 66.6667
688342 116363 74.4186
688342 663585 68.1818
688342 635960 76.1905
688342 327445 66.6667
688342 371296 66.6667
688342 657843 75.5556
688342 58895 80.9524
688342 102624 82.9268
688342 628495 67.9245
688342 1168 66.6667
688342 649441 72.7273
688342 10549 74.4186
688342 42080 81.0811
688342 663914 85.7143
688342 16634 66.6667
688342 43030 77.2727
688342 405968 80
688342 646210 71.1111
688342 665282 79.0698
688342 169105 71.4286
688342 103998 76.1905
688342 695625 69.2308
688342 648928 68.2927
688342 656391 69.7674
688342 633174 73.913
688342 659185 68.2927
688342 75518 71.7949
688342 12463 69.7674
688342 382815 74.4186
688342 63911 79.0698
688342 633868 78.0488
688342 220327 71.4286
688342 99331 71.7949
688342 656390 71.1111
688342 640645 68.2927
688342 663936 77.2727
688342 174620 87.1795
688342 617629 74.4186
688342 636095 68.1818
688342 98436 71.4286
688342 670091 66.6667
688342 164614 75
688342 622145 72.7273
688342 345650 74.4186
688342 81669 79.0698
688342 608710 76.1905
688342 625239 68.1818
688342 657805 76.9231
688342 646168 69.7674
688342 650034 69.7674
688342 617633 71.4286
688342 284701 79.0698
688342 635968 85
688342 73819 75
688342 638173 68.1818
688342 651330 68.1818
688342 52350 72.7273
688342 650981 75
688342 657812 80
688342 666530 80
688342 630915 71.4286
688342 309708 66.6667
688342 36283 66.6667
688342 38468 71.4286
688342 651590 73.6842
688342 641165 71.1111
688342 636784 68.1818
688342 119877 66.6667
688342 328820 66.6667
688342 657836 69.7674
688342 627226 75
688342 627066 68.2927
688342 371727 71.4286
688342 617409 74.4186
688342 149987 71.4286
688342 637006 68.1818
688342 56148 74.4186
688342 647068 75.5556
688342 625446 68.2927
688342 672019 76.1905
688342 664853 75
688342 609820 76.9231
688342 54833 72.7273
688342 194315 80.9524
688342 625412 66.6667
688342 278461 88.3721
688342 620248 73.6842
688342 651324 68.1818
688342 634171 84.4444
688342 696224 66.6667
688342 7636 75
688342 694315 78.0488
688342 255115 76.1905
688342 601307 73.1707
688342 644432 68.1818
688342 632231 66.6667
688342 681072 75
688342 617370 68.1818
688342 99871 73.6842
688342 125718 70
688342 668362 73.6842
688342 115006 68.2927
688342 643470 69.7674
688342 297577 74.4186
688342 666728 73.1707
688342 666432 68.1818
688342 644871 68.1818
688342 685303 71.4286
688342 1163 66.6667
688342 56450 72.7273
688342 347504 85
688342 695218 71.4286
688342 677917 75
688342 649690 70
688342 18255 72.2222
688342 649428 68.1818
688342 609816 66.6667
688342 102851 74.4186
688342 698558 73.1707
688342 174612 68.2927
688342 43870 78.0488
688342 629424 75.5556
688342 638641 74.4186
688342 60734 74.4186
688342 25397 79.0698
688342 658533 66.6667
688342 19055 68.4211
688342 56285 70
688342 120309 97.4359
688342 640902 73.4694
688342 657562 75
688342 41355 73.1707
688342 663935 80
688342 4935 66.6667
688342 649425 68.1818
688342 56138 79.0698
688342 45164 66.6667
688342 26154 81.0811
688342 663951 79.0698
688342 66069 75.5556
688342 74468 80
688342 615011 74.4186
688342 600388 80
688342 667068 66.6667
688342 656400 75.5556
688342 294868 66.6667
688342 624987 66.6667
688342 646001 77.2727
688342 623832 79.0698
688342 71439 72.7273
688342 634306 75.5556
688342 142693 72.2222
688342 649427 68.1818
688342 675215 82.9268
688342 83653 68.1818
688342 84552 76.1905
688342 644932 71.4286
688342 670179 76.9231
688342 43634 66.6667
688342 118151 68.1818
688342 631956 79.0698
688342 38248 66.6667
688342 72286 66.6667
688342 659342 66.6667
688342 66688 76.1905
688342 8395 75
688342 623650 72.7273
688342 20121 79.0698
688342 98431 71.7949
688342 679449 68.2927
688342 31976 78.0488
688342 80747 82.0513
688342 131312 80
688342 649424 77.2727
688342 622636 69.7674
688342 102623 73.1707
688342 405554 79.0698
688342 670180 71.7949
688342 645334 77.2727
688342 689210 68.1818
688342 645089 74.4186
688342 644333 74.4186
688342 659274 74.4186
688342 657803 69.7674
688342 193514 66.6667
0 4
1 0
2 0
3 0
4 0
5 0
6 0
7 1
8 2
9 0
10 3
11 3
12 3
13 5
14 0
15 4
16 0
17 2
18 3
19 3
20 7
21 3
22 4
23 13
24 5
25 19
26 11
27 6
28 2
29 6
30 6
31 7
32 4
33 4
34 6
35 16
36 8
37 10
38 9
39 13
40 18
41 12
42 15
43 8
44 22
45 9
46 11
47 21
48 23
49 17
50 29
51 1
52 22
53 34
54 29
55 32
56 28
57 10
58 32
59 25
60 41
61 24
62 38
63 20
64 61
65 30
66 33
67 57
68 2
69 53
70 29
71 3
72 39
73 18
74 25
75 39
76 10
77 23
78 8
79 12
80 24
81 3
82 4
83 10
84 0
85 5
86 1
87 0
88 1
89 1
90 0
91 0
92 0
93 0
94 1
95 0
96 0
97 0
98 1
99 0
100 0
101 0
13
8324
