703
49210 643470 65.2174
49210 646444 62.5
49210 646203 79.1667
49210 641660 64.7059
49210 401554 60
49210 630915 71.1111
49210 257830 78.2609
49210 645978 70.8333
49210 215138 81.8182
49210 626954 77.2727
49210 630690 71.7949
49210 676737 63.6364
49210 632952 79.0698
49210 658464 74.4186
49210 1168 61.9048
49210 635034 65.5172
49210 364093 71.1111
49210 137470 60.8696
49210 650709 60
49210 76006 79.1667
49210 43871 90.9091
49210 669273 60.4651
49210 81656 73.1707
49210 649436 72.3404
49210 623991 63.6364
49210 87081 80
49210 127964 78.2609
49210 269613 80
49210 633001 66.6667
49210 644325 79.0698
49210 2743 69.5652
49210 638641 86.9565
49210 45914 63.8298
49210 646164 88.8889
49210 636941 75.5556
49210 382814 81.8182
49210 13506 63.4146
49210 667940 62.2222
49210 7760 74.4186
49210 160497 80
49210 644432 72.3404
49210 679577 60.8696
49210 658774 73.913
49210 601307 77.2727
49210 4140 70.8333
49210 51867 76.1905
49210 677510 80
49210 600388 93.0233
49210 241173 78.0488
49210 625063 77.2727
49210 522408 84.4444
49210 625465 73.913
49210 626947 75
49210 229 75
49210 59679 80
49210 656392 83.3333
49210 659234 76.5957
49210 684792 66.6667
49210 647014 64.7059
49210 140665 79.0698
49210 160588 68.2927
49210 654113 73.913
49210 675187 67.6471
49210 118993 82.0513
49210 453 60
49210 341865 72.3404
49210 629267 67.7419
49210 120309 80.9524
49210 202965 73.1707
49210 663946 69.5652
49210 645540 65.7143
49210 623992 80.8511
49210 628999 79.0698
49210 629009 73.913
49210 640286 68.75
49210 697943 86.9565
49210 658397 72.3404
49210 643729 75
49210 620248 78.0488
49210 670183 86.9565
49210 36283 75.5556
49210 20122 82.6087
49210 133683 60.8696
49210 6957 78.0488
49210 667948 61.9718
49210 641661 62.8571
49210 650981 88.3721
49210 5220 60.8696
49210 625471 77.2727
49210 31539 63.8298
49210 645335 81.6327
49210 646436 62.5
49210 627725 72.7273
49210 700123 68.0851
49210 617683 62.5
49210 658787 62.5
49210 220327 71.1111
49210 54855 70.8333
49210 619072 62.2951
49210 633868 90.9091
49210 625412 70.8333
49210 372360 69.5652
49210 622636 82.6087
49210 294110 72.7273
49210 667952 66.6667
49210 641165 95.8333
49210 607167 69.5652
49210 624842 75.5556
49210 49348 71.7949
49210 98696 66.6667
49210 666530 79.0698
49210 30798 73.913
49210 634135 69.5652
49210 37752 83.3333
49210 657562 74.4186
49210 633890 72.3404
49210 42443 83.3333
49210 636921 75.5556
49210 83398 77.2727
49210 629374 63.8298
49210 142693 76.9231
49210 626923 73.4694
49210 30131 77.551
49210 66489 63.6364
49210 16634 75.5556
49210 658698 72.3404
49210 629718 71.4286
49210 404000 86.9565
49210 656391 73.913
49210 658501 65.2174
49210 169105 84.4444
49210 651739 62.5
49210 617363 85.1064
49210 677555 83.7209
49210 637434 76.5957
49210 639682 83.3333
49210 2858 64.8649
49210 624349 63.8298
49210 660421 80.8511
49210 664853 74.4186
49210 102318 77.2727
49210 663921 68.2927
49210 650211 62.5
49210 66070 87.5
49210 309708 72.2222
49210 651217 85.1064
49210 345650 65.2174
49210 648360 60.5263
49210 659122 68.0851
49210 59628 80.8511
49210 74380 69.3878
49210 627383 83.3333
49210 670181 90.4762
49210 76031 70
49210 685117 75.5556
49210 670149 83.7209
49210 661128 70.8333
49210 81669 86.9565
49210 650625 77.2727
49210 67594 80.8511
49210 636993 83.3333
49210 54833 76.5957
49210 266126 60.4651
49210 30152 63.4146
49210 639472 65.7143
49210 680828 60.8696
49210 634306 79.1667
49210 193513 60
49210 658487 73.913
49210 158037 86.3636
49210 64013 83.7209
49210 630692 66.6667
49210 40450 66.6667
49210 97219 86.9565
49210 639772 67.7966
49210 54829 72.7273
49210 687618 68.1818
49210 650624 76.5957
49210 647024 60.274
49210 87059 62.2222
49210 43026 93.617
49210 52350 76.5957
49210 4926 63.4146
49210 365560 84.4444
49210 641764 60
49210 186233 73.913
49210 338205 62.2222
49210 667944 62.2222
49210 650064 66.6667
49210 645542 67.6923
49210 48911 66.6667
49210 116805 68.1818
49210 179790 76.9231
49210 658309 68.1818
49210 164774 68.1818
49210 656084 62.2222
49210 23380 60
49210 4120 64.8649
49210 646440 60.6061
49210 7636 93.0233
49210 102851 82.6087
49210 43395 79.0698
49210 628265 77.2727
49210 25952 73.913
49210 624987 71.1111
49210 38253 71.4286
49210 639681 83.3333
49210 645129 62.8571
49210 638534 61.9718
49210 55342 88.8889
49210 657817 75.5556
49210 647645 62.5
49210 656390 75
49210 667760 60.4651
49210 633174 81.6327
49210 672208 71.1111
49210 632920 63.4146
49210 623233 68.1818
49210 690579 65.2174
49210 657811 83.3333
49210 634171 79.1667
49210 611078 71.4286
49210 96461 90.9091
49210 626100 62.2222
49210 400230 75
49210 625795 70.8333
49210 36603 66.6667
49210 9659 74.4186
49210 660640 83.7209
49210 625469 73.913
49210 193521 68.2927
49210 668523 65.1163
49210 657840 70.8333
49210 625042 83.3333
49210 651220 80.8511
49210 372155 63.6364
49210 692226 68.4211
49210 128160 77.2727
49210 43870 90.9091
49210 180 74.4186
49210 690415 75.5556
49210 633011 81.4815
49210 382815 78.2609
49210 656386 73.913
49210 116539 81.8182
49210 33377 77.2727
49210 646645 75
49210 634714 70.8333
49210 116523 73.913
49210 646707 83.3333
49210 635960 84.4444
49210 658776 69.5652
49210 369774 73.913
49210 609067 67.8571
49210 1986 68.1818
49210 694105 86.9565
49210 677512 82.9268
49210 627435 71.7949
49210 2750 61.9048
49210 116363 78.2609
49210 47695 88.8889
49210 42903 66.6667
49210 136014 74.4186
49210 72089 63.8298
49210 651737 62.5
49210 650609 68.0851
49210 686466 65.1163
49210 644273 63.4146
49210 615123 62.5
49210 297577 82.6087
49210 685298 69.7674
49210 650639 63.6364
49210 291305 84.4444
49210 691610 73.1707
49210 611347 68.1818
49210 636784 72.3404
49210 681072 60.4651
49210 1126 60
49210 647068 83.3333
49210 68888 60
49210 677920 71.4286
49210 12463 78.2609
49210 309699 81.8182
49210 617368 66.6667
49210 209084 90.9091
49210 631315 81.8182
49210 164614 74.4186
49210 675186 64.7059
49210 659342 70.8333
49210 695625 72.7273
49210 680715 74.4186
49210 625421 69.5652
49210 683879 65.1163
49210 646165 85.1064
49210 74517 71.7949
49210 108408 66.6667
49210 138305 63.4146
49210 642896 74.4186
49210 627368 65.2174
49210 658533 79.1667
49210 666665 69.5652
49210 656387 70.8333
49210 638640 80
49210 73166 80.9524
49210 40484 72.3404
49210 624535 79.1667
49210 667850 75.5556
49210 617316 73.1707
49210 672018 84.4444
49210 8512 71.1111
49210 636935 76.5957
49210 111920 77.2727
49210 67476 71.1111
49210 53183 83.3333
49210 658980 62.2222
49210 31976 77.2727
49210 649428 85.1064
49210 404827 73.1707
49210 160587 66.6667
49210 679825 74.5763
49210 609696 72.2222
49210 654114 86.9565
49210 670182 86.3636
49210 7528 60.8696
49210 84227 66.6667
49210 72288 83.3333
49210 342024 75
49210 31592 61.5385
49210 636095 80.8511
49210 665553 73.913
49210 641086 71.4286
49210 68955 74.4186
49210 617409 82.6087
49210 100467 73.1707
49210 79447 66.6667
49210 651936 65
49210 631128 70.8333
49210 161601 72.7273
49210 663620 69.5652
49210 636943 80.8511
49210 34632 80.8511
49210 294731 65.1163
49210 661186 63.8889
49210 631648 85.1064
49210 671292 66.6667
49210 623636 66.6667
49210 663571 68.0851
49210 650783 78.2609
49210 45164 93.3333
49210 650061 60.274
49210 8774 73.913
49210 646001 80.8511
49210 697384 90.9091
49210 691995 71.875
49210 193517 68.2927
49210 637493 62.8571
49210 60892 63.4146
49210 625487 63.6364
49210 689210 72.3404
49210 43285 65.1163
49210 60734 69.5652
49210 627226 83.7209
49210 657803 73.913
49210 629474 77.2727
49210 67800 78.9474
49210 136135 62.2222
49210 667247 66.6667
49210 637821 66.6667
49210 624856 61.5385
49210 43798 76.5957
49210 634293 69.5652
49210 631630 80.8511
49210 191990 62.2222
49210 139785 72.7273
49210 63862 73.913
49210 670179 90.4762
49210 185355 61.5385
49210 690590 65.2174
49210 634151 63.1579
49210 63055 79.0698
49210 672441 77.2727
49210 20985 82.9268
49210 209913 62.8571
49210 650616 82.6087
49210 633879 73.913
49210 601362 83.3333
49210 50848 67.6923
49210 666432 72.3404
49210 663915 76.5957
49210 364202 77.2727
49210 662187 62.2222
49210 627436 79.0698
49210 73248 83.3333
49210 628244 69.3878
49210 677516 84.4444
49210 30724 60.4651
49210 29851 90.9091
49210 644297 66.6667
49210 278461 78.2609
49210 624163 82.6087
49210 8120 65.2174
49210 690393 65.5738
49210 668362 78.0488
49210 663585 72.3404
49210 623832 78.2609
49210 687813 66.6667
49210 231338 68.1818
49210 624231 70
49210 62857 63.1579
49210 609818 75
49210 657836 73.913
49210 696224 80.9524
49210 651218 85.1064
49210 650610 71.1111
49210 657805 80.9524
49210 130895 60.4651
49210 675215 68.1818
49210 38243 71.4286
49210 326397 69.5652
49210 263770 60.4651
49210 627708 67.7419
49210 15130 63.6364
49210 647019 67.6471
49210 690586 60.8696
49210 616811 73.913
49210 174612 77.2727
49210 640230 80.8511
49210 64800 70.8333
49210 634470 72.3404
49210 632227 65
49210 647646 62.5
49210 625483 63.6364
49210 684074 69.5652
49210 666386 61.5385
49210 672960 88.3721
49210 640890 66.6667
49210 628996 70.8333
49210 648352 63.0137
49210 650634 72.7273
49210 625028 73.6842
49210 624162 79.1667
49210 670148 73.913
49210 647530 61.1111
49210 84552 88.8889
49210 651324 76.5957
49210 98431 66.6667
49210 154880 68.1818
49210 311941 93.0233
49210 625186 83.3333
49210 39362 87.5
49210 637646 64.5161
49210 122640 84.4444
49210 661471 72.3404
49210 683892 78.2609
49210 83653 72.3404
49210 625464 77.2727
49210 135284 68.2927
49210 651735 62.5
49210 174620 90.4762
49210 646161 66.6667
49210 677915 71.7949
49210 131312 78.9474
49210 56148 69.5652
49210 295156 78.0488
49210 638129 70.8333
49210 677916 71.4286
49210 622644 72.3404
49210 669986 60.4651
49210 656393 75
49210 663952 68.0851
49210 632919 63.4146
49210 645124 64.7059
49210 676949 63.6364
49210 692011 69.5652
49210 646162 73.6842
49210 641530 60.6061
49210 102623 68.1818
49210 660053 73.913
49210 71320 81.8182
49210 63911 86.9565
49210 58895 80
49210 26154 75
49210 649441 76.5957
49210 59727 65
49210 66479 76.9231
49210 695218 71.1111
49210 25855 71.7949
49210 640902 76.9231
49210 641654 62.8571
49210 30723 60.4651
49210 638174 72.3404
49210 664269 65.1163
49210 694951 60.4651
49210 663936 80.8511
49210 667749 60.4651
49210 677545 78.0488
49210 636946 76.5957
49210 630076 85.7143
49210 63599 63.8298
49210 693424 68.2927
49210 71439 76.5957
49210 405084 75
49210 663576 85.1064
49210 339497 65
49210 625027 66.6667
49210 645098 69.8413
49210 638851 69.7674
49210 628102 75
49210 29232 60.4651
49210 13687 66.6667
49210 109999 68.1818
49210 680482 72.7273
49210 666436 72.3404
49210 82166 69.7674
49210 609819 76.1905
49210 613239 69.5652
49210 301196 61.9048
49210 625064 86.9565
49210 628495 67.8571
49210 667470 75.5556
49210 668859 65.7143
49210 103998 71.1111
49210 86939 74.4186
49210 18894 75.6757
49210 41554 75
49210 278175 69.7674
49210 663927 69.5652
49210 691259 73.0159
49210 662782 87.8049
49210 207835 62.2222
49210 18255 82.0513
49210 700591 70.7692
49210 409127 75.5556
49210 125185 64.8649
49210 86080 78.2609
49210 624006 75.5556
49210 636118 70.8333
49210 634163 77.2727
49210 627222 77.2727
49210 34551 72.3404
49210 639683 83.3333
49210 649096 78.2609
49210 642604 76.5957
49210 658818 68.0851
49210 642788 61.5385
49210 105373 83.7209
49210 694315 77.2727
49210 1026 78.0488
49210 624331 62.5
49210 646232 78.2609
49210 95102 62.2222
49210 10121 73.913
49210 4867 83.3333
49210 58104 86.9565
49210 240408 60
49210 667276 88.8889
49210 636942 80.8511
49210 625468 70.8333
49210 630262 79.1667
49210 609694 61.9048
49210 662773 60
49210 646166 80.9524
49210 625482 63.6364
49210 521887 83.7209
49210 648928 68.1818
49210 666115 61.5385
49210 1118 75
49210 644932 71.1111
49210 632917 69.7674
49210 667941 66.6667
49210 55876 73.913
49210 611783 66.6667
49210 674195 84.4444
49210 647355 70.8333
49210 663549 69.5652
49210 648929 86.9565
49210 635820 76.5957
49210 348706 75.5556
49210 202930 73.1707
49210 3124 78.0488
49210 160451 65.2174
49210 62009 80.8511
49210 636929 75.5556
49210 4771 74.4186
49210 14787 66.6667
49210 644333 69.5652
49210 295435 68.1818
49210 19984 81.8182
49210 603977 81.8182
49210 70868 65.2174
49210 327982 75
49210 634220 60.8696
49210 616278 72.7273
49210 624051 85.7143
49210 634775 69.5652
49210 60698 73.1707
49210 27116 85
49210 633900 79.1667
49210 683723 60.4651
49210 79016 73.913
49210 617633 75.5556
49210 2775 80
49210 646159 93.3333
49210 609820 76.1905
49210 295302 61.5385
49210 667524 60.4651
49210 54128 68.0851
49210 631808 77.2727
49210 619147 70.8333
49210 636326 86.3636
49210 672019 84.4444
49210 657843 83.3333
49210 331770 80
49210 639767 70.1754
49210 646207 73.913
49210 10014 60
49210 66688 75.5556
49210 667950 68.75
49210 285113 83.7209
49210 684038 66.6667
49210 634581 75
49210 34765 65.2174
49210 649097 87.5
49210 680494 78.2609
49210 13009 66.6667
49210 157913 78.0488
49210 649092 75.5556
49210 147110 85.1064
49210 627011 65.1163
49210 58580 62.2222
49210 634156 69.7674
49210 699206 80
49210 65007 60.8696
49210 636947 76.5957
49210 638603 75
49210 609248 75.5556
49210 87254 68.1818
49210 649427 85.1064
49210 23272 61.5385
49210 615011 86.9565
49210 638636 73.1707
49210 625239 72.3404
49210 609695 60.8696
49210 668856 67.6471
49210 627367 65.2174
49210 119877 71.1111
49210 685783 62.2222
49210 686667 66.6667
49210 615299 76.5957
49210 193341 63.4146
49210 677917 74.4186
49210 291534 78.2609
49210 56357 66.6667
49210 163501 62.2222
49210 624003 72.3404
49210 327445 80.9524
49210 58030 69.3878
49210 66069 83.3333
49210 634615 63.6364
49210 632913 68.0851
49210 81549 75
49210 644871 80.8511
49210 79707 85.7143
49210 649424 85.1064
49210 2741 63.6364
49210 51337 71.4286
49210 650643 68.2927
49210 647527 68.4211
49210 663914 80
49210 655039 66.6667
49210 56470 82.6087
49210 632386 83.3333
49210 638521 65.7143
49210 627370 68.1818
49210 75707 87.5
49210 75518 71.4286
49210 632918 75.5556
49210 612049 64.4068
49210 140121 78.2609
49210 25397 86.9565
49210 41355 68.1818
49210 649044 72.3404
49210 663947 69.5652
49210 25413 66.6667
49210 636086 85.1064
49210 665282 73.913
49210 633810 61.5385
49210 630691 65.2174
49210 131090 86.9565
49210 646438 62.5
49210 659301 66.6667
49210 615985 65.7143
49210 627066 77.2727
49210 64057 61.1111
49210 3609 73.1707
49210 617628 76.5957
49210 45956 64.8649
49210 653051 63.6364
49210 617406 76.5957
49210 628979 72.3404
49210 663935 74.4186
49210 634241 72.7273
49210 404698 74.4186
0 5
1 0
2 0
3 0
4 0
5 3
6 3
7 3
8 1
9 0
10 1
11 0
12 0
13 0
14 1
15 0
16 0
17 1
18 2
19 2
20 5
21 3
22 3
23 1
24 3
25 2
26 7
27 4
28 12
29 8
30 12
31 10
32 14
33 10
34 9
35 10
36 9
37 11
38 7
39 10
40 13
41 6
42 7
43 20
44 16
45 17
46 13
47 11
48 17
49 25
50 25
51 0
52 12
53 21
54 11
55 26
56 25
57 30
58 30
59 18
60 40
61 29
62 17
63 34
64 32
65 14
66 26
67 36
68 10
69 36
70 33
71 20
72 28
73 34
74 41
75 35
76 20
77 25
78 23
79 26
80 28
81 21
82 11
83 12
84 29
85 11
86 14
87 18
88 5
89 7
90 0
91 10
92 0
93 0
94 6
95 0
96 1
97 0
98 0
99 0
100 0
101 0
14
9176
