436
684041 646176 72.2222
684041 298812 60.4651
684041 342008 78.0488
684041 4737 89.4737
684041 24833 71.7949
684041 622652 84.4444
684041 2765 63.4146
684041 639840 78.2609
684041 194315 66.6667
684041 677514 60
684041 630911 60
684041 638686 68.2927
684041 111180 61.5385
684041 638702 79.0698
684041 358737 63.1579
684041 664543 63.4146
684041 670248 71.4286
684041 409962 65.1163
684041 659438 66.6667
684041 133865 63.4146
684041 658498 87.1795
684041 624942 66.6667
684041 680857 68.4211
684041 73198 61.1111
684041 161609 86.4865
684041 255115 66.6667
684041 77845 84.2105
684041 664977 68.2927
684041 149987 71.4286
684041 73819 60
684041 663780 81.8182
684041 645038 70
684041 193514 77.7778
684041 653048 63.4146
684041 49210 60.4651
684041 643470 69.7674
684041 36921 66.6667
684041 257830 60.4651
684041 682569 63.1579
684041 137470 69.7674
684041 650709 75.6757
684041 4419 75
684041 76006 66.6667
684041 81656 84.2105
684041 26707 69.7674
684041 269613 76.1905
684041 45914 81.8182
684041 42030 89.4737
684041 622694 76.9231
684041 629118 66.6667
684041 13506 94.7368
684041 667940 80.9524
684041 7760 65
684041 658774 79.0698
684041 690569 73.1707
684041 601307 63.4146
684041 51867 82.0513
684041 674329 68.4211
684041 103805 73.6842
684041 690691 72.2222
684041 626947 64.8649
684041 372154 76.9231
684041 659234 63.6364
684041 626539 60
684041 684792 66.6667
684041 630640 68.4211
684041 643495 63.4146
684041 101655 73.1707
684041 202965 84.2105
684041 663946 60.4651
684041 57048 68.2927
684041 79007 87.8049
684041 658397 68.1818
684041 20122 65.1163
684041 133683 69.7674
684041 677504 66.6667
684041 31539 81.8182
684041 371717 68.2927
684041 353871 64.7059
684041 667849 61.9048
684041 680 75
684041 149965 70
684041 678398 75
684041 633868 68.2927
684041 372360 88.3721
684041 607167 74.4186
684041 49348 83.3333
684041 677501 66.6667
684041 98696 80.9524
684041 76010 73.1707
684041 344521 69.7674
684041 602889 73.1707
684041 643485 81.0811
684041 83398 63.4146
684041 629374 68.1818
684041 115006 63.4146
684041 142693 61.1111
684041 626923 65.2174
684041 66489 63.4146
684041 658501 79.0698
684041 2858 70.5882
684041 664853 60
684041 650037 69.7674
684041 663921 68.4211
684041 66070 66.6667
684041 645924 61.5385
684041 345650 65.1163
684041 659122 68.1818
684041 76031 75.6757
684041 685117 66.6667
684041 59637 79.0698
684041 643468 71.7949
684041 1390 73.1707
684041 677503 66.6667
684041 266126 75
684041 680828 79.0698
684041 675279 74.4186
684041 193513 86.4865
684041 658487 74.4186
684041 40450 76.1905
684041 163508 70
684041 54829 63.4146
684041 684033 61.9048
684041 687618 78.0488
684041 679482 72.2222
684041 193502 66.6667
684041 87059 71.4286
684041 67609 71.4286
684041 4926 73.6842
684041 365560 76.1905
684041 641764 81.0811
684041 667944 85.7143
684041 66068 60
684041 116805 63.4146
684041 179790 66.6667
684041 658309 82.9268
684041 370399 73.1707
684041 656084 90.4762
684041 677554 66.6667
684041 177950 60.4651
684041 14549 85.7143
684041 43395 80
684041 643475 64.8649
684041 4767 82.9268
684041 650753 68.75
684041 667760 75
684041 634219 65.1163
684041 667851 70
684041 690579 83.7209
684041 674553 83.7209
684041 664551 78.9474
684041 36603 71.7949
684041 634616 61.5385
684041 9659 65
684041 193521 89.4737
684041 56338 66.6667
684041 372155 73.1707
684041 229540 76.1905
684041 690415 66.6667
684041 667063 66.6667
684041 686465 78.0488
684041 53376 64.8649
684041 26346 61.9048
684041 33377 82.9268
684041 646645 62.2222
684041 121770 65
684041 116523 79.0698
684041 643467 62.8571
684041 690578 65.1163
684041 42903 77.7778
684041 4436 65.2174
684041 136014 70
684041 675585 78.0488
684041 686662 63.1579
684041 158910 68.2927
684041 615123 66.6667
684041 297577 79.0698
684041 685298 70
684041 611347 73.1707
684041 103776 73.1707
684041 625015 66.6667
684041 681072 70
684041 1126 64.8649
684041 68888 86.4865
684041 622659 73.1707
684041 622695 75.6757
684041 12463 60.4651
684041 164614 65
684041 130085 71.4286
684041 625421 65.1163
684041 683879 85
684041 74517 83.3333
684041 76699 72.7273
684041 642896 65
684041 264045 69.7674
684041 658533 80
684041 638640 61.9048
684041 667850 71.4286
684041 202537 68.75
684041 672018 76.1905
684041 671880 74.4186
684041 401553 63.4146
684041 67476 66.6667
684041 658980 66.6667
684041 38074 75
684041 150501 64.8649
684041 674552 78.0488
684041 602890 75
684041 609696 60.6061
684041 7528 69.7674
684041 84227 61.1111
684041 342024 70.2703
684041 31592 66.6667
684041 641086 66.6667
684041 100467 78.9474
684041 682813 64.8649
684041 79447 71.4286
684041 161601 73.1707
684041 663620 69.7674
684041 82806 60.4651
684041 656986 61.1111
684041 643478 63.1579
684041 328820 61.1111
684041 193517 73.6842
684041 60892 73.6842
684041 43285 90
684041 60734 60.4651
684041 67800 68.5714
684041 15250 73.1707
684041 60530 65.1163
684041 667247 61.9048
684041 624856 88.8889
684041 225122 69.7674
684041 690590 79.0698
684041 650798 63.1579
684041 63055 60
684041 187538 68.2927
684041 672441 63.4146
684041 4728 68.75
684041 141014 64.8649
684041 643480 81.0811
684041 252044 63.1579
684041 361456 73.6842
684041 292598 71.7949
684041 57826 66.6667
684041 19055 73.6842
684041 57547 65
684041 662156 71.4286
684041 73248 66.6667
684041 57548 63.6364
684041 30724 65
684041 755 82.9268
684041 29851 68.2927
684041 45463 70.9677
684041 27320 61.5385
684041 623832 60.4651
684041 62857 85.7143
684041 609818 66.6667
684041 113665 73.1707
684041 696224 61.5385
684041 671881 78.0488
684041 130895 60
684041 686665 63.4146
684041 675215 73.1707
684041 664970 74.2857
684041 326397 60.4651
684041 263770 75
684041 685799 88.3721
684041 82804 73.1707
684041 15130 68.2927
684041 690586 79.0698
684041 616811 69.7674
684041 64800 80
684041 684074 79.0698
684041 680708 70.2703
684041 3110 75
684041 676172 69.7674
684041 69587 68.1818
684041 625028 62.8571
684041 58511 70.2703
684041 84552 61.9048
684041 326651 93.0233
684041 633553 77.2727
684041 680831 84.2105
684041 98431 66.6667
684041 122381 64.8649
684041 154880 73.1707
684041 39362 62.2222
684041 122640 71.4286
684041 683892 65.1163
684041 55456 68.1818
684041 646161 66.6667
684041 56148 60.4651
684041 752 79.0698
684041 45410 60
684041 622644 63.6364
684041 8151 63.4146
684041 692011 79.0698
684041 646162 68.5714
684041 680466 60
684041 102623 63.4146
684041 75516 68.2927
684041 686664 71.4286
684041 660053 74.4186
684041 683722 77.7778
684041 686663 61.9048
684041 59727 75.6757
684041 25855 66.6667
684041 30723 65
684041 674349 72.2222
684041 694951 60
684041 762 62.8571
684041 667749 65
684041 7967 63.4146
684041 630076 65.2174
684041 364989 66.6667
684041 6396 72.7273
684041 71439 68.1818
684041 339497 64.8649
684041 625027 76.9231
684041 40593 63.1579
684041 690574 69.7674
684041 628102 62.2222
684041 29232 60
684041 680482 68.2927
684041 86939 65
684041 113444 63.4146
684041 278175 65
684041 65248 70.5882
684041 663927 74.4186
684041 691259 60
684041 187521 71.4286
684041 662782 63.1579
684041 207835 80.9524
684041 409127 80.9524
684041 125185 64.7059
684041 627222 73.1707
684041 675278 74.4186
684041 649096 65.1163
684041 684035 85
684041 658818 77.2727
684041 670237 76.9231
684041 627082 60.4651
684041 646232 60.4651
684041 683725 80
684041 49512 79.0698
684041 681101 78.9474
684041 648928 73.1707
684041 97327 66.6667
684041 632917 80
684041 667941 85.7143
684041 617627 70.9677
684041 611783 66.6667
684041 663549 69.7674
684041 648929 74.4186
684041 635820 63.6364
684041 643484 65
684041 282037 68.4211
684041 160451 69.7674
684041 14787 77.7778
684041 644333 65.1163
684041 78998 71.7949
684041 58978 78.9474
684041 70868 65.1163
684041 327982 81.0811
684041 634220 60.4651
684041 624051 73.913
684041 634775 65.1163
684041 82807 73.1707
684041 683723 80
684041 60549 69.7674
684041 79016 69.7674
684041 670091 76.9231
684041 2775 61.9048
684041 667246 66.6667
684041 643487 69.7674
684041 180816 66.6667
684041 619147 62.2222
684041 672019 76.1905
684041 622661 65.1163
684041 79006 75
684041 264039 74.4186
684041 66688 71.4286
684041 41551 76.4706
684041 684038 85.7143
684041 634581 66.6667
684041 34765 69.7674
684041 649097 71.1111
684041 680494 60.4651
684041 56285 75
684041 100139 75.6757
684041 157913 63.1579
684041 649092 71.4286
684041 627011 90
684041 634156 80
684041 699206 71.4286
684041 65007 79.0698
684041 638603 64.8649
684041 23272 72.2222
684041 638636 63.1579
684041 625239 68.1818
684041 119877 76.1905
684041 685783 71.4286
684041 686667 85.7143
684041 193341 63.1579
684041 677917 60
684041 749 65.1163
684041 55459 68.1818
684041 327445 66.6667
684041 632913 63.6364
684041 65987 73.6842
684041 51337 87.1795
684041 650643 63.1579
684041 647527 80
684041 663914 61.9048
684041 655039 66.6667
684041 627370 63.4146
684041 75707 62.2222
684041 75518 76.9231
684041 632918 76.1905
684041 663947 60.4651
684041 270531 63.1579
684041 25413 62.2222
684041 636086 63.6364
684041 665282 69.7674
684041 26540 65
684041 60188 64.7059
684041 602913 79.0698
684041 79008 93.0233
684041 177951 63.4146
684041 625813 63.6364
684041 192626 64.8649
684041 3609 78.9474
684041 45956 70.5882
684041 630639 68.4211
684041 663935 65
0 8
1 0
2 0
3 0
4 0
5 0
6 0
7 1
8 4
9 3
10 1
11 1
12 10
13 4
14 1
15 3
16 7
17 6
18 4
19 14
20 2
21 2
22 4
23 11
24 8
25 4
26 9
27 6
28 16
29 23
30 9
31 14
32 49
33 42
34 25
35 49
36 21
37 18
38 11
39 14
40 23
41 13
42 12
43 20
44 26
45 40
46 19
47 34
48 31
49 46
50 36
51 4
52 37
53 27
54 24
55 37
56 12
57 17
58 35
59 22
60 35
61 17
62 19
63 9
64 40
65 28
66 17
67 39
68 0
69 30
70 27
71 8
72 21
73 7
74 27
75 21
76 5
77 15
78 6
79 12
80 23
81 4
82 7
83 5
84 4
85 7
86 6
87 3
88 3
89 3
90 5
91 1
92 0
93 0
94 2
95 1
96 0
97 0
98 0
99 0
100 0
101 0
15
11223
