0
0 0
1 0
2 0
3 0
4 0
5 0
6 0
7 0
8 0
9 0
10 0
11 0
12 0
13 0
14 0
15 0
16 0
17 0
18 0
19 0
20 0
21 0
22 0
23 0
24 0
25 0
26 0
27 0
28 0
29 0
30 0
31 0
32 0
33 1
34 0
35 0
36 1
37 0
38 0
39 2
40 3
41 2
42 1
43 2
44 4
45 4
46 5
47 7
48 13
49 21
50 11
51 14
52 22
53 22
54 30
55 27
56 25
57 40
58 58
59 58
60 64
61 51
62 54
63 47
64 74
65 65
66 66
67 51
68 62
69 58
70 69
71 58
72 56
73 36
74 33
75 25
76 21
77 18
78 11
79 6
80 9
81 4
82 2
83 1
84 1
85 2
86 0
87 0
88 0
89 0
90 0
91 0
92 0
93 0
94 0
95 0
96 0
97 0
98 0
99 0
100 0
101 0
13
7835
