0
0 0
1 0
2 0
3 0
4 0
5 0
6 0
7 0
8 0
9 0
10 0
11 0
12 0
13 0
14 0
15 1
16 1
17 0
18 0
19 0
20 0
21 0
22 0
23 1
24 2
25 2
26 4
27 1
28 2
29 2
30 5
31 2
32 4
33 2
34 5
35 2
36 9
37 9
38 3
39 9
40 18
41 8
42 16
43 11
44 22
45 23
46 21
47 26
48 25
49 24
50 35
51 25
52 37
53 26
54 30
55 33
56 46
57 25
58 49
59 39
60 45
61 44
62 43
63 39
64 46
65 42
66 48
67 43
68 35
69 30
70 43
71 20
72 34
73 25
74 33
75 29
76 32
77 19
78 22
79 12
80 14
81 9
82 8
83 5
84 2
85 3
86 2
87 6
88 0
89 2
90 2
91 0
92 0
93 0
94 0
95 0
96 0
97 0
98 0
99 0
100 0
101 0
13
8155
