211
609817 112212 77.7778
609817 611545 62.8571
609817 683369 68.9655
609817 629502 66.6667
609817 667068 66.6667
609817 2765 62.5
609817 24711 68.75
609817 653049 71.4286
609817 655264 60.6061
609817 630911 64.5161
609817 677513 64.5161
609817 111180 66.6667
609817 679275 62.5
609817 32065 70
609817 124997 73.3333
609817 680857 68.9655
609817 73198 81.4815
609817 41356 62.5
609817 630147 71.4286
609817 627074 62.5
609817 73819 64.5161
609817 3225 60.8696
609817 677507 64.5161
609817 630915 60.6061
609817 657731 66.6667
609817 646164 60.6061
609817 382814 62.5
609817 160497 60.6061
609817 677510 60.6061
609817 241173 68.9655
609817 522408 60.6061
609817 690691 66.6667
609817 626947 71.4286
609817 59679 66.6667
609817 684792 60.6061
609817 160588 62.069
609817 74446 64
609817 661463 69.2308
609817 620248 68.9655
609817 677504 60.6061
609817 371717 62.5
609817 38250 80
609817 631597 61.5385
609817 667849 60.6061
609817 1112 69.5652
609817 92221 71.4286
609817 622636 64.7059
609817 677501 66.6667
609817 666530 64.5161
609817 84223 66.6667
609817 629718 66.6667
609817 169105 60.6061
609817 677555 64.5161
609817 679112 62.069
609817 2858 64
609817 664853 64.5161
609817 76031 64.2857
609817 643468 60
609817 677503 60.6061
609817 30152 68.9655
609817 653050 64.7059
609817 64013 64.5161
609817 40450 60.6061
609817 54829 62.5
609817 191042 71.4286
609817 87059 60.6061
609817 46798 64.2857
609817 49590 64.2857
609817 4926 68.9655
609817 338205 60.6061
609817 48911 74.0741
609817 4120 64
609817 624987 60.6061
609817 38253 66.6667
609817 667760 64.5161
609817 667851 64.5161
609817 623233 62.5
609817 611078 73.3333
609817 626100 60.6061
609817 400230 71.4286
609817 634616 66.6667
609817 56338 66.6667
609817 651220 62.8571
609817 692226 76.9231
609817 679281 66.6667
609817 229540 60.6061
609817 600059 61.5385
609817 382815 64.7059
609817 67668 64.2857
609817 92220 76.9231
609817 682811 76.9231
609817 116363 64.7059
609817 686662 68.9655
609817 686466 70.9677
609817 291305 60.6061
609817 625015 60.6061
609817 681072 64.5161
609817 677920 66.6667
609817 148519 64
609817 631315 62.5
609817 10479 61.5385
609817 617316 68.9655
609817 643493 64.2857
609817 658980 60.6061
609817 84227 74.0741
609817 664911 62.069
609817 641086 66.6667
609817 68955 64.5161
609817 161601 62.5
609817 326172 62.5
609817 684032 68.9655
609817 328820 81.4815
609817 600779 74.0741
609817 67800 61.5385
609817 667247 60.6061
609817 634151 61.5385
609817 676713 64.5161
609817 252044 68.9655
609817 209913 78.2609
609817 634614 62.069
609817 6365 76.9231
609817 57547 64.5161
609817 364202 62.5
609817 662156 60.6061
609817 677516 60.6061
609817 30724 64.5161
609817 644297 73.3333
609817 668362 68.9655
609817 696224 66.6667
609817 686665 62.5
609817 38243 66.6667
609817 632227 71.4286
609817 625028 61.5385
609817 647530 83.3333
609817 84552 60.6061
609817 98431 66.6667
609817 57598 68.9655
609817 659147 72
609817 118613 68.75
609817 646161 66.6667
609817 677915 74.0741
609817 131312 61.5385
609817 677916 66.6667
609817 663952 62.8571
609817 646162 61.5385
609817 680466 64.5161
609817 75516 62.5
609817 686664 60.6061
609817 686663 60.6061
609817 58895 66.6667
609817 26154 71.4286
609817 695218 66.6667
609817 25855 74.0741
609817 30723 64.5161
609817 680211 64.2857
609817 664269 70.9677
609817 694951 70.9677
609817 667749 64.5161
609817 348404 83.3333
609817 19911 60.6061
609817 339497 71.4286
609817 29232 64.5161
609817 13687 60.6061
609817 609819 66.6667
609817 631634 74.0741
609817 18894 64
609817 278175 64.5161
609817 125185 64
609817 626433 70.9677
609817 634163 62.5
609817 676712 64.5161
609817 105373 64.5161
609817 1026 68.9655
609817 95102 60.6061
609817 77071 61.5385
609817 630262 61.1111
609817 662773 71.4286
609817 646166 66.6667
609817 97327 66.6667
609817 674195 60.6061
609817 348706 60.6061
609817 3124 68.9655
609817 295435 62.5
609817 377717 64.2857
609817 609820 66.6667
609817 667524 64.5161
609817 667246 66.6667
609817 636326 62.5
609817 331770 66.6667
609817 56285 64.5161
609817 699206 60.6061
609817 638603 71.4286
609817 87254 62.5
609817 629716 62.069
609817 72982 61.5385
609817 119877 60.6061
609817 685783 60.6061
609817 677917 64.5161
609817 163501 66.6667
609817 634615 62.5
609817 81549 71.4286
609817 626580 80
609817 41355 62.5
609817 270531 62.069
609817 60188 64
609817 177951 62.5
609817 627066 62.5
609817 620336 71.4286
609817 679283 62.5
609817 45956 64
609817 653051 62.5
0 5
1 0
2 0
3 0
4 0
5 0
6 0
7 3
8 2
9 3
10 8
11 2
12 10
13 1
14 8
15 23
16 29
17 13
18 5
19 5
20 12
21 6
22 7
23 20
24 18
25 18
26 9
27 10
28 13
29 9
30 9
31 14
32 17
33 14
34 36
35 45
36 61
37 28
38 47
39 28
40 26
41 2
42 25
43 28
44 13
45 50
46 39
47 11
48 53
49 48
50 57
51 0
52 51
53 18
54 24
55 10
56 50
57 15
58 41
59 44
60 19
61 35
62 11
63 33
64 8
65 36
66 0
67 29
68 0
69 16
70 3
71 4
72 14
73 0
74 3
75 6
76 0
77 4
78 1
79 1
80 2
81 0
82 2
83 0
84 2
85 0
86 0
87 0
88 0
89 0
90 0
91 0
92 0
93 0
94 0
95 0
96 0
97 0
98 0
99 0
100 0
101 0
13
11155
