507
639682 180 71.1111
639682 87059 68.0851
639682 633890 69.3878
639682 691995 72.7273
639682 671292 67.6471
639682 28142 77.2727
639682 611783 76
639682 627903 66.6667
639682 664284 75
639682 624942 72
639682 631630 81.6327
639682 56501 68.0851
639682 37752 88
639682 663620 66.6667
639682 73248 72
639682 329097 72.3404
639682 648929 79.1667
639682 4140 76
639682 41554 68
639682 609067 75.8621
639682 54829 73.913
639682 667249 73.913
639682 679482 68.2927
639682 365560 72.3404
639682 67476 72.3404
639682 20122 75
639682 638129 76
639682 663576 73.4694
639682 4867 72
639682 659122 73.4694
639682 55342 85.1064
639682 687813 67.6056
639682 116805 73.913
639682 636921 76.5957
639682 70868 66.6667
639682 634775 70.8333
639682 79707 77.2727
639682 639772 72.1311
639682 649096 83.3333
639682 685298 66.6667
639682 672441 78.2609
639682 647648 68.75
639682 7760 75.5556
639682 638851 66.6667
639682 270751 66.6667
639682 617683 72
639682 630077 70.5882
639682 651217 89.7959
639682 659234 85.7143
639682 215132 82.6087
639682 658397 77.551
639682 690393 66.6667
639682 215138 78.2609
639682 628265 69.5652
639682 172262 80.8511
639682 27116 71.4286
639682 638702 66.6667
639682 634135 66.6667
639682 140025 73.3333
639682 628999 80
639682 686574 66.6667
639682 30131 70.5882
639682 624006 76.5957
639682 41365 68.0851
639682 118993 73.1707
639682 617363 85.7143
639682 664543 69.5652
639682 677514 84.4444
639682 632913 77.551
639682 1026 69.7674
639682 127964 70.8333
639682 674195 85.1064
639682 7528 66.6667
639682 698601 69.5652
639682 666439 69.3878
639682 608712 76.5957
639682 636946 77.551
639682 678398 66.6667
639682 521887 80
639682 338235 72.3404
639682 665553 75
639682 621888 82.6087
639682 625186 68
639682 663571 69.3878
639682 66489 69.5652
639682 626923 78.4314
639682 304650 75
639682 370393 73.913
639682 125185 71.7949
639682 72089 69.3878
639682 619147 76
639682 49210 79.1667
639682 685117 72.3404
639682 686264 75.5556
639682 160451 70.8333
639682 677916 72.7273
639682 299385 75
639682 650783 70.8333
639682 635171 66.6667
639682 677506 69.7674
639682 617316 69.7674
639682 643729 72
639682 640191 93.617
639682 688342 80
639682 667276 68.0851
639682 16448 80.8511
639682 646207 66.6667
639682 649422 77.551
639682 610998 75.8621
639682 660421 73.4694
639682 647372 73.913
639682 109884 68.0851
639682 664269 66.6667
639682 68347 70
639682 646165 89.7959
639682 68955 71.1111
639682 625468 68
639682 639767 81.3559
639682 626953 72.7273
639682 42443 84
639682 55876 75
639682 404698 75.5556
639682 18894 71.7949
639682 615009 84
639682 55887 84.4444
639682 624842 68.0851
639682 683715 78.2609
639682 677513 75.5556
639682 641764 66.6667
639682 66070 76
639682 630078 70.5882
639682 2775 85.1064
639682 638686 82.6087
639682 677915 68.2927
639682 634145 69.5652
639682 680519 71.1111
639682 75707 72
639682 96461 82.6087
639682 17796 79.1667
639682 3846 76
639682 611347 69.5652
639682 97219 95.8333
639682 279497 68.2927
639682 624005 76.5957
639682 677555 75.5556
639682 56470 75
639682 601362 80
639682 630688 72
639682 405084 72
639682 291559 79.1667
639682 666115 68.6567
639682 649429 76.5957
639682 87081 80.8511
639682 34765 66.6667
639682 50848 68.6567
639682 348706 72.3404
639682 655264 72.3404
639682 663549 75
639682 634219 66.6667
639682 128701 80.7692
639682 629474 73.913
639682 634220 70.8333
639682 638636 74.4186
639682 131090 79.1667
639682 609818 80
639682 21412 74.4186
639682 5729 69.5652
639682 632952 75.5556
639682 617406 81.6327
639682 634156 71.1111
639682 12045 66.6667
639682 636932 77.551
639682 639683 80
639682 86939 66.6667
639682 33592 80
639682 645727 67.6923
639682 646444 66.6667
639682 53183 80
639682 636326 69.5652
639682 100467 69.7674
639682 56426 66.6667
639682 680482 73.913
639682 670183 79.1667
639682 33377 69.5652
639682 645038 80
639682 641763 80.8511
639682 619072 66.6667
639682 29232 71.1111
639682 63055 80
639682 625464 69.5652
639682 645037 71.1111
639682 154741 73.913
639682 627436 80
639682 110344 68.1818
639682 655263 75.5556
639682 285113 84.4444
639682 634175 81.6327
639682 257830 87.5
639682 116523 70.8333
639682 659144 72.3404
639682 328442 68.1818
639682 690589 70.8333
639682 114022 78.0488
639682 638593 66.6667
639682 694105 83.3333
639682 602670 68.75
639682 680494 83.3333
639682 24711 69.5652
639682 663927 66.6667
639682 33139 72
639682 646645 80
639682 624004 76.5957
639682 4120 66.6667
639682 625042 72
639682 150952 85.1064
639682 84227 68.2927
639682 369774 75
639682 658787 66.6667
639682 697384 82.6087
639682 657817 68.0851
639682 646164 85.1064
639682 623635 77.551
639682 658487 70.8333
639682 646159 80.8511
639682 677512 79.0698
639682 660053 70.8333
639682 632917 66.6667
639682 252048 66.6667
639682 637434 89.7959
639682 624163 70.8333
639682 690590 66.6667
639682 295302 71.6418
639682 636947 77.551
639682 364202 69.5652
639682 612765 85.7143
639682 637189 68.0851
639682 634470 81.6327
639682 667950 69.697
639682 664001 69.7674
639682 657841 66.6667
639682 291534 70.8333
639682 625471 69.5652
639682 663589 66.6667
639682 601821 69.3878
639682 649044 77.551
639682 661465 76.5957
639682 629243 67.6923
639682 70716 69.5652
639682 26245 72.7273
639682 20985 69.7674
639682 202930 69.7674
639682 631648 89.7959
639682 72288 80
639682 644433 73.4694
639682 641530 70.5882
639682 636935 77.551
639682 671283 67.7419
639682 683892 75
639682 645335 78.4314
639682 667470 76.5957
639682 66479 73.1707
639682 662771 69.3878
639682 99002 73.913
639682 404000 79.1667
639682 664977 73.913
639682 657815 68.1818
639682 617628 85.7143
639682 611545 69.3878
639682 663921 69.7674
639682 619101 84
639682 56497 92
639682 625027 72.7273
639682 634303 76
639682 286680 69.5652
639682 50850 71.875
639682 672018 76.5957
639682 382814 73.913
639682 657809 88
639682 625792 70.8333
639682 633220 66.6667
639682 64013 75.5556
639682 38231 80.8511
639682 693427 66.6667
639682 44675 82.6087
639682 656392 76
639682 79447 76.5957
639682 634193 78.2609
639682 636929 76.5957
639682 67437 88
639682 659975 79.1667
639682 122751 78.2609
639682 40553 85.1064
639682 63917 76
639682 651218 89.7959
639682 624003 73.4694
639682 624386 68
639682 4771 75.5556
639682 71320 73.913
639682 116363 70.8333
639682 635960 80.8511
639682 128160 73.913
639682 602909 69.3878
639682 657843 80
639682 58895 80.8511
639682 102624 82.6087
639682 636086 81.6327
639682 628495 75.8621
639682 649441 77.551
639682 58030 66.6667
639682 10549 83.3333
639682 654114 75
639682 42080 71.4286
639682 663914 80.8511
639682 16634 76.5957
639682 43030 85.7143
639682 405968 84
639682 625648 66.6667
639682 646210 68
639682 665282 79.1667
639682 169105 80.8511
639682 695625 84.2105
639682 648928 73.913
639682 656391 66.6667
639682 636924 76.5957
639682 633174 78.4314
639682 661128 72
639682 43395 66.6667
639682 67609 68.0851
639682 12463 83.3333
639682 382815 70.8333
639682 63911 79.1667
639682 633868 78.2609
639682 99331 72.7273
639682 603719 75
639682 663936 81.6327
639682 174620 81.8182
639682 617629 75
639682 625421 70.8333
639682 164614 75.5556
639682 4971 75.5556
639682 622145 73.4694
639682 657560 77.551
639682 345650 75
639682 81669 83.3333
639682 608710 76.5957
639682 625239 73.4694
639682 693097 68.5714
639682 634293 66.6667
639682 657805 72.7273
639682 667951 67.6471
639682 60275 72
639682 646168 66.6667
639682 650034 70.8333
639682 658774 66.6667
639682 617633 68.0851
639682 284701 79.1667
639682 623992 69.3878
639682 605469 69.5652
639682 635968 71.1111
639682 73819 71.1111
639682 638173 77.551
639682 700591 68.6567
639682 52350 81.6327
639682 650981 66.6667
639682 657812 88
639682 666530 66.6667
639682 630915 68.0851
639682 309708 68.4211
639682 36283 76.5957
639682 38468 72.3404
639682 651590 69.7674
639682 691259 70.7692
639682 694951 66.6667
639682 641165 80
639682 636784 77.551
639682 625462 66.6667
639682 657836 66.6667
639682 627226 80
639682 371727 76.5957
639682 617409 83.3333
639682 149987 76.5957
639682 658779 66.6667
639682 62009 81.6327
639682 637006 89.7959
639682 56148 75
639682 649436 77.551
639682 647068 84
639682 636941 76.5957
639682 672019 76.5957
639682 664853 75.5556
639682 54833 69.3878
639682 43798 85.7143
639682 194315 72.3404
639682 660640 71.1111
639682 656987 73.913
639682 278461 79.1667
639682 620248 74.4186
639682 634171 84
639682 635034 73.3333
639682 7636 88.8889
639682 694315 78.2609
639682 241113 66.6667
639682 255115 80.8511
639682 601307 78.2609
639682 644432 73.4694
639682 681072 71.1111
639682 209084 73.913
639682 617370 73.4694
639682 99871 74.4186
639682 125718 80
639682 404827 69.7674
639682 668362 74.4186
639682 115006 69.5652
639682 339497 66.6667
639682 643470 66.6667
639682 297577 75
639682 644871 73.4694
639682 685303 68.0851
639682 347504 75.5556
639682 695218 68.0851
639682 8774 79.1667
639682 677917 75.5556
639682 649690 66.6667
639682 18255 73.1707
639682 649428 73.4694
639682 609816 68.2927
639682 629374 69.3878
639682 637646 68.75
639682 102851 75
639682 698558 73.913
639682 263770 66.6667
639682 266126 66.6667
639682 43870 78.2609
639682 629424 76
639682 699339 66.6667
639682 638641 79.1667
639682 60734 75
639682 699206 72.3404
639682 158037 69.5652
639682 25397 83.3333
639682 658533 68
639682 679825 72.1311
639682 624162 68
639682 56285 66.6667
639682 120309 77.2727
639682 640902 77.7778
639682 657562 66.6667
639682 5553 66.6667
639682 663935 80
639682 4935 68
639682 649425 73.4694
639682 56138 83.3333
639682 56869 84
639682 54855 76
639682 680466 66.6667
639682 45164 76.5957
639682 26154 71.4286
639682 663951 70.8333
639682 639840 70.5882
639682 66069 80
639682 74468 80
639682 615011 83.3333
639682 600388 80
639682 656400 76
639682 646001 73.4694
639682 620753 67.8571
639682 623832 75
639682 71439 77.551
639682 634306 76
639682 142693 78.0488
639682 649427 73.4694
639682 256 69.3878
639682 675215 78.2609
639682 839 77.2727
639682 680715 71.1111
639682 84552 72.3404
639682 644932 68.0851
639682 57549 68.0851
639682 163661 79.3103
639682 700590 66.6667
639682 631956 70.8333
639682 38248 68.1818
639682 72286 80
639682 659342 76
639682 66688 80.8511
639682 8395 84.4444
639682 20121 79.1667
639682 98431 72.7273
639682 679449 69.5652
639682 344522 66.6667
639682 31976 69.5652
639682 80747 68.1818
639682 131312 75
639682 649424 81.6327
639682 635820 73.4694
639682 622636 75
639682 102623 73.913
639682 405554 83.3333
639682 645334 77.551
639682 51143 66.6667
639682 654113 75
639682 645089 87.5
639682 644333 75
639682 629273 68.75
639682 659274 75
639682 657803 70.8333
639682 193514 68.2927
0 4
1 0
2 0
3 0
4 0
5 0
6 1
7 2
8 0
9 3
10 6
11 6
12 1
13 1
14 3
15 0
16 0
17 3
18 0
19 6
20 4
21 2
22 11
23 3
24 1
25 3
26 5
27 3
28 7
29 9
30 14
31 16
32 15
33 13
34 14
35 9
36 8
37 9
38 11
39 13
40 31
41 12
42 10
43 7
44 17
45 15
46 32
47 32
48 35
49 26
50 27
51 0
52 36
53 26
54 28
55 26
56 40
57 31
58 34
59 27
60 47
61 42
62 34
63 50
64 64
65 9
66 45
67 61
68 15
69 35
70 44
71 25
72 30
73 22
74 38
75 29
76 31
77 20
78 21
79 15
80 39
81 13
82 11
83 7
84 18
85 5
86 12
87 0
88 6
89 1
90 6
91 0
92 1
93 0
94 1
95 0
96 1
97 0
98 0
99 0
100 0
101 0
17
13078
