507
693097 666439 69.5652
693097 647372 63.6364
693097 646989 79.0698
693097 215132 63.6364
693097 163661 84.6154
693097 640266 74.7475
693097 700601 65.6716
693097 294109 63.6364
693097 603719 67.6471
693097 619101 62.8571
693097 659922 81.8182
693097 639475 82.9787
693097 650059 81.9277
693097 701202 78.9474
693097 667951 81.8182
693097 602908 63.6364
693097 625462 67.6471
693097 611545 63.7681
693097 674897 70.3704
693097 639710 66.6667
693097 645548 81.6327
693097 701203 73.7705
693097 663416 79.6296
693097 623700 60
693097 654956 78.9474
693097 699329 83.4951
693097 641997 60
693097 655264 65.6716
693097 630911 61.5385
693097 638686 63.6364
693097 628867 65.6716
693097 70807 78.9474
693097 679275 60.6061
693097 645547 78.2609
693097 699058 68.7023
693097 679579 65.6716
693097 664208 80.3571
693097 405968 68.5714
693097 645789 79.5699
693097 624942 60
693097 623635 60.8696
693097 621888 60.6061
693097 656400 71.4286
693097 41356 63.6364
693097 665527 79.5699
693097 698601 83.1461
693097 664977 63.6364
693097 671056 80.3571
693097 646210 71.4286
693097 72286 62.8571
693097 664284 61.7647
693097 56869 65.7143
693097 645038 61.5385
693097 694553 77.3585
693097 55548 60.8696
693097 646444 76.7442
693097 646203 71.4286
693097 641660 86.6667
693097 346230 80.4124
693097 630915 65.6716
693097 257830 67.6471
693097 645978 71.4286
693097 215138 63.6364
693097 626954 63.6364
693097 633425 60.9929
693097 632952 61.5385
693097 635034 72.5
693097 76006 65.7143
693097 43871 63.6364
693097 698553 72.8814
693097 649436 69.5652
693097 623991 63.6364
693097 87081 65.6716
693097 127964 67.6471
693097 633001 72.7273
693097 644325 61.5385
693097 638641 64.7059
693097 646164 62.6866
693097 73283 66.1157
693097 382814 63.6364
693097 644432 69.5652
693097 679577 61.7647
693097 601307 60.6061
693097 4140 65.7143
693097 600388 61.5385
693097 625063 63.6364
693097 522408 65.6716
693097 625465 67.6471
693097 229 60
693097 59679 62.6866
693097 656392 71.4286
693097 659234 66.6667
693097 684792 62.6866
693097 647014 86.6667
693097 140665 61.5385
693097 654113 67.6471
693097 675187 77.7778
693097 341865 69.5652
693097 629267 71.4286
693097 701718 83.3333
693097 682338 73.7864
693097 645540 78.2609
693097 628999 61.5385
693097 629009 67.6471
693097 640286 83.7209
693097 658397 63.7681
693097 643729 71.4286
693097 685584 82
693097 636790 85.7143
693097 670183 67.6471
693097 36283 65.6716
693097 133683 61.7647
693097 667948 81.7204
693097 665158 74.5098
693097 641661 86.9565
693097 625471 63.6364
693097 645335 70.4225
693097 646436 79.0698
693097 700123 66.6667
693097 617683 68.5714
693097 658787 76.7442
693097 54855 65.7143
693097 619072 72.2892
693097 625412 60
693097 677761 73.0769
693097 622636 64.7059
693097 294110 63.6364
693097 667952 77.2727
693097 641165 62.8571
693097 624842 62.6866
693097 637641 75.5556
693097 616791 71.1538
693097 666530 61.5385
693097 30798 67.6471
693097 663606 80.3571
693097 37752 71.4286
693097 633890 69.5652
693097 42443 68.5714
693097 20625 74.7475
693097 83398 60.6061
693097 626923 67.6056
693097 30131 73.2394
693097 16634 65.6716
693097 658698 69.5652
693097 692599 60.6061
693097 656391 67.6471
693097 47745 63.2353
693097 169105 65.6716
693097 651739 62.8571
693097 617363 69.5652
693097 637434 69.5652
693097 665964 72
693097 639682 68.5714
693097 624349 63.7681
693097 660421 63.7681
693097 664853 61.5385
693097 60342 67.2269
693097 102318 63.6364
693097 650211 62.8571
693097 651217 69.5652
693097 345650 61.7647
693097 648360 75.5102
693097 59628 66.6667
693097 74380 73.2394
693097 627383 71.4286
693097 685117 62.6866
693097 661128 71.4286
693097 81669 64.7059
693097 67594 60.8696
693097 54833 69.5652
693097 639472 86.9565
693097 634306 71.4286
693097 64013 61.5385
693097 97219 67.6471
693097 639772 79.0123
693097 54829 63.6364
693097 647024 84.2105
693097 43026 63.7681
693097 52350 66.6667
693097 695574 65.5172
693097 693166 73.7705
693097 701596 67.1642
693097 660371 78.9474
693097 186233 67.6471
693097 650064 90.9091
693097 645542 85.0575
693097 646440 75
693097 7636 61.5385
693097 102851 67.6471
693097 628265 63.6364
693097 665963 75.6303
693097 25952 67.6471
693097 624987 65.6716
693097 639681 68.5714
693097 645129 84.7826
693097 638534 86.0215
693097 657817 65.6716
693097 647645 79.0698
693097 656390 68.5714
693097 668532 67.7419
693097 675451 74.5098
693097 633174 70.4225
693097 678323 74.5098
693097 654077 64.0625
693097 657811 71.4286
693097 634171 68.5714
693097 96461 63.6364
693097 664209 80.3571
693097 626100 62.6866
693097 625795 71.4286
693097 625469 67.6471
693097 675282 82.6087
693097 643408 66.1765
693097 661122 74.5098
693097 657840 71.4286
693097 625042 62.8571
693097 651220 66.6667
693097 695836 63.0631
693097 665536 81.7204
693097 128160 63.6364
693097 641699 75.5556
693097 43870 63.6364
693097 180 61.5385
693097 690415 65.6716
693097 633011 68.4211
693097 382815 64.7059
693097 656386 67.6471
693097 646645 62.8571
693097 634714 71.4286
693097 646707 71.4286
693097 635960 62.6866
693097 658776 64.7059
693097 369774 67.6471
693097 609067 74.359
693097 1986 63.6364
693097 694105 64.7059
693097 116363 64.7059
693097 47695 65.6716
693097 665539 65
693097 72089 69.5652
693097 651737 62.8571
693097 650609 66.6667
693097 646910 91.4894
693097 291305 65.6716
693097 639709 62.6866
693097 636784 69.5652
693097 665358 80.3571
693097 664737 74.5098
693097 647068 65.7143
693097 701777 80.3922
693097 631315 60.6061
693097 675186 84.4444
693097 659342 71.4286
693097 695625 75.3247
693097 625421 64.7059
693097 646165 66.6667
693097 697780 65.9574
693097 108408 77.6471
693097 647643 78.2609
693097 697445 65.5172
693097 656387 71.4286
693097 638640 62.6866
693097 624535 62.8571
693097 699340 83.4951
693097 8512 65.6716
693097 636935 69.5652
693097 53183 65.7143
693097 658980 62.6866
693097 649428 63.7681
693097 679825 83.9506
693097 645115 72.7273
693097 646441 71.7391
693097 63689 68.3761
693097 72288 62.8571
693097 661123 74.5098
693097 636095 60.8696
693097 665553 67.6471
693097 68955 61.5385
693097 659015 80.8511
693097 617409 67.6471
693097 631128 71.4286
693097 636943 69.5652
693097 661186 74.4681
693097 631648 63.7681
693097 671292 77.2727
693097 663571 69.5652
693097 650061 82.1053
693097 8774 67.6471
693097 646001 63.7681
693097 697384 63.6364
693097 691995 81.3953
693097 637493 86.9565
693097 625487 79.5455
693097 689210 69.5652
693097 9168 67.2566
693097 657803 67.6471
693097 629474 63.6364
693097 667247 65.6716
693097 43798 69.5652
693097 631630 69.5652
693097 671055 77.5862
693097 63862 67.6471
693097 651018 68.2927
693097 637642 75.5556
693097 672441 63.6364
693097 633879 67.6471
693097 601362 65.7143
693097 670365 74.5098
693097 648400 86.8687
693097 50848 82.7586
693097 666432 69.5652
693097 676419 80.8511
693097 663915 63.7681
693097 364202 63.6364
693097 662187 62.6866
693097 627436 61.5385
693097 73248 60
693097 628244 73.2394
693097 641039 65.2174
693097 677516 62.6866
693097 647644 78.2609
693097 57548 66.6667
693097 30724 61.5385
693097 698554 65.1163
693097 278461 64.7059
693097 693434 60.6061
693097 8120 64.7059
693097 690393 77.1084
693097 663585 69.5652
693097 623832 64.7059
693097 687813 79.1209
693097 662831 73.1707
693097 624231 73.1707
693097 657733 77.5862
693097 609818 62.8571
693097 665357 80.3571
693097 657836 67.6471
693097 651218 69.5652
693097 650610 65.6716
693097 70804 80.3571
693097 699349 80.3738
693097 660373 77.5862
693097 627708 76.1905
693097 647019 80
693097 616811 61.7647
693097 662830 83.3333
693097 640230 60.8696
693097 634470 66.6667
693097 647646 79.0698
693097 625483 79.5455
693097 666386 82.7586
693097 682699 80.3571
693097 672960 61.5385
693097 640890 73.9726
693097 628996 71.4286
693097 648352 77.8947
693097 670148 67.6471
693097 651324 63.7681
693097 664941 85.3933
693097 694557 89.5833
693097 641698 75.5556
693097 39362 60
693097 685583 77.5862
693097 637646 80.9524
693097 661471 63.7681
693097 683892 64.7059
693097 83653 69.5652
693097 625464 63.6364
693097 651735 62.8571
693097 38255 65.7143
693097 673997 76
693097 56148 67.6471
693097 638129 65.7143
693097 622644 66.6667
693097 656393 68.5714
693097 663952 60.8696
693097 645124 84.4444
693097 676949 79.5455
693097 602880 69.5652
693097 665356 72
693097 641530 84.0909
693097 63911 67.6471
693097 58895 62.6866
693097 662427 77.5862
693097 649441 69.5652
693097 695218 62.6866
693097 640902 78.3784
693097 641654 80.4348
693097 30723 61.5385
693097 697671 63.8298
693097 623310 73.0769
693097 638174 63.7681
693097 663936 66.6667
693097 636946 69.5652
693097 71439 66.6667
693097 405084 71.4286
693097 663576 63.7681
693097 645098 84.7059
693097 681170 84.8485
693097 638851 61.5385
693097 628102 71.4286
693097 13687 65.6716
693097 666436 69.5652
693097 613239 64.7059
693097 628495 74.359
693097 667470 65.6716
693097 668859 78.2609
693097 278175 61.5385
693097 79589 63.7681
693097 691259 72.9412
693097 614939 96.7742
693097 40725 60.6061
693097 636661 80.8989
693097 700591 75.8621
693097 636118 71.4286
693097 634163 63.6364
693097 34551 69.5652
693097 665535 65
693097 639683 62.8571
693097 649096 61.7647
693097 642604 69.5652
693097 627082 64.7059
693097 646232 64.7059
693097 95102 62.6866
693097 10121 67.6471
693097 318534 73.7705
693097 636942 69.5652
693097 625468 71.4286
693097 630262 65.7143
693097 625482 79.5455
693097 521887 61.5385
693097 666115 87.3563
693097 694755 79.1667
693097 55876 67.6471
693097 674195 62.6866
693097 647355 65.7143
693097 638581 80.8989
693097 62009 66.6667
693097 684694 76.2712
693097 644333 67.6471
693097 295435 63.6364
693097 663417 69.2308
693097 19984 63.6364
693097 619377 70.4762
693097 616278 63.6364
693097 624051 64.7887
693097 633900 60
693097 79016 61.7647
693097 2775 62.6866
693097 295302 80.4598
693097 619147 60
693097 636326 63.6364
693097 657843 71.4286
693097 331770 62.6866
693097 638583 60.6897
693097 639767 78.481
693097 646207 67.6471
693097 641626 75.5102
693097 617398 60.8696
693097 66688 62.6866
693097 667950 79.0698
693097 634581 62.8571
693097 34765 61.7647
693097 680494 61.7647
693097 147110 69.5652
693097 680416 60.8108
693097 636947 69.5652
693097 649427 63.7681
693097 624575 87.234
693097 615011 67.6471
693097 625239 60.8696
693097 668856 80
693097 701201 72.5806
693097 637643 75.5556
693097 677917 61.5385
693097 56357 76.7123
693097 624003 69.5652
693097 58030 70.4225
693097 66069 62.8571
693097 639779 67.2414
693097 644871 69.5652
693097 649424 69.5652
693097 681679 83.5165
693097 697598 93.75
693097 682700 75.6303
693097 663914 62.6866
693097 56470 67.6471
693097 632386 71.4286
693097 638521 86.9565
693097 612049 74.0741
693097 25397 64.7059
693097 41355 63.6364
693097 649044 69.5652
693097 665282 61.7647
693097 633810 82.7586
693097 131090 64.7059
693097 646438 79.0698
693097 659301 65.7143
693097 15193 60.6061
693097 615985 89.1304
693097 649971 72.381
693097 641697 75.5556
693097 64057 78.7234
693097 617628 69.5652
693097 617406 60.8696
693097 628979 69.5652
693097 634241 63.6364
0 5
1 0
2 0
3 0
4 0
5 0
6 0
7 8
8 2
9 0
10 0
11 1
12 0
13 0
14 2
15 3
16 7
17 1
18 0
19 3
20 2
21 3
22 9
23 0
24 2
25 10
26 4
27 6
28 6
29 8
30 10
31 6
32 7
33 11
34 15
35 8
36 13
37 18
38 15
39 45
40 22
41 8
42 28
43 15
44 27
45 31
46 24
47 24
48 36
49 31
50 44
51 34
52 33
53 55
54 20
55 37
56 45
57 43
58 42
59 46
60 39
61 21
62 31
63 35
64 52
65 21
66 37
67 16
68 39
69 12
70 38
71 5
72 30
73 8
74 12
75 14
76 13
77 5
78 12
79 12
80 18
81 18
82 8
83 6
84 8
85 8
86 3
87 8
88 2
89 0
90 2
91 1
92 1
93 0
94 1
95 0
96 0
97 1
98 0
99 0
100 0
101 0
18
11837
