0
0 0
1 0
2 0
3 0
4 0
5 0
6 0
7 0
8 0
9 0
10 0
11 0
12 0
13 0
14 0
15 0
16 0
17 0
18 0
19 1
20 1
21 1
22 0
23 0
24 0
25 0
26 0
27 1
28 1
29 2
30 1
31 0
32 1
33 5
34 0
35 6
36 5
37 4
38 2
39 3
40 8
41 2
42 6
43 7
44 16
45 12
46 13
47 13
48 15
49 31
50 26
51 15
52 39
53 17
54 39
55 40
56 25
57 37
58 46
59 49
60 53
61 36
62 41
63 43
64 59
65 43
66 52
67 36
68 47
69 61
70 63
71 48
72 50
73 36
74 35
75 40
76 34
77 30
78 29
79 29
80 31
81 26
82 15
83 19
84 19
85 7
86 4
87 8
88 4
89 4
90 2
91 0
92 4
93 0
94 1
95 0
96 0
97 0
98 0
99 0
100 0
101 0
17
10545
