290
661056 634748 76.9231
661056 662832 94.2857
661056 638582 76.3636
661056 700281 67.0659
661056 680413 76.6667
661056 78737 77.1084
661056 663419 90.7895
661056 45616 70.1149
661056 664210 93.8776
661056 701195 67.0659
661056 645727 64.2202
661056 663608 89.5522
661056 651714 79.2683
661056 647974 65.9574
661056 660372 95.6522
661056 640065 82.3529
661056 648344 80.3279
661056 631702 82.3529
661056 659017 89.0625
661056 647648 72.2222
661056 657732 91.3043
661056 663607 94.0299
661056 682328 66.6667
661056 682692 92.6174
661056 646439 67.2727
661056 625648 63.6364
661056 659923 98.5294
661056 693097 78.9474
661056 646989 61.8182
661056 163661 64.7059
661056 45622 65.9898
661056 640266 74.7967
661056 654262 60.5405
661056 78746 69.8413
661056 659922 94.0299
661056 639475 66.1017
661056 650059 63.5514
661056 701202 88.4058
661056 667951 64.2857
661056 674897 84.8485
661056 645548 80.3279
661056 701203 86.3014
661056 663416 83.3333
661056 654956 95.6522
661056 699329 85.0394
661056 78742 69.1892
661056 642663 65.9686
661056 70807 88.4058
661056 638478 66.2722
661056 645547 72.4138
661056 699058 82.5806
661056 647975 65.9574
661056 664208 88.2353
661056 45617 71.1864
661056 645789 70.0855
661056 638355 71.6763
661056 665527 66.6667
661056 698601 72.5664
661056 634751 63.1016
661056 671056 95.5882
661056 364296 67.0455
661056 694553 78.4615
661056 646444 70.9091
661056 654722 64.9215
661056 641660 70.1754
661056 346230 76.0331
661056 380479 63.2124
661056 633425 75.1515
661056 664894 72.043
661056 698553 81.6901
661056 633001 60.7143
661056 73283 77.2414
661056 701595 76.1364
661056 647014 70.1754
661056 675187 66.6667
661056 701718 86.3636
661056 682338 78.7402
661056 645540 67.2414
661056 693165 75.7062
661056 675268 67.0157
661056 640286 65.4545
661056 687376 75.8242
661056 685584 77.4194
661056 636790 72.2222
661056 667948 70.0855
661056 665158 84.127
661056 641661 74.1379
661056 700284 65.4971
661056 646436 67.2727
661056 658787 74.5455
661056 619072 63.5514
661056 638361 73.1429
661056 677761 78.125
661056 667952 60.7143
661056 637641 75.4386
661056 616791 65.625
661056 663606 95.5882
661056 20625 66.6667
661056 47745 76.25
661056 665964 92.6174
661056 700287 66.2722
661056 633031 71.4286
661056 60342 78.3217
661056 648360 75.4098
661056 79594 69.2737
661056 680414 75.8242
661056 58057 65.285
661056 650898 65.9574
661056 639472 68.9655
661056 78747 67.7419
661056 639772 60.9524
661056 647024 77.3109
661056 695574 80
661056 693166 82.1918
661056 701596 79.7468
661056 660371 100
661056 651687 66.3102
661056 650064 73.2143
661056 645542 66.6667
661056 646440 69.6429
661056 665963 92.3077
661056 645129 72.4138
661056 638534 75.2137
661056 647645 67.2727
661056 668532 79.7297
661056 675451 84.127
661056 678323 84.127
661056 654077 75
661056 699499 75.2809
661056 664209 95.5882
661056 675282 79.3103
661056 643408 86.25
661056 661122 84.127
661056 695836 72.5926
661056 665536 75.2137
661056 33668 63.6364
661056 641699 75.4386
661056 664891 73.6264
661056 700283 67.0659
661056 701196 65.4971
661056 609067 60.7843
661056 665539 79.1667
661056 646910 83.0508
661056 665358 95.5882
661056 664737 84.127
661056 701777 84.127
661056 643703 61.0169
661056 651686 63.5897
661056 675186 71.9298
661056 638352 66.3102
661056 695625 61.3861
661056 661755 63.5897
661056 697780 61.0169
661056 108408 64.2202
661056 647643 77.5862
661056 697445 80
661056 700286 66.2722
661056 699340 85.0394
661056 656199 61.0837
661056 700285 66.2722
661056 78738 74.2515
661056 679825 64.7619
661056 645115 81.3793
661056 646441 67.2414
661056 63689 79.4326
661056 661123 84.127
661056 659015 79.661
661056 657782 67.0807
661056 661186 74.5763
661056 671292 60.7143
661056 650061 75.6303
661056 700282 67.0659
661056 691995 67.2727
661056 637493 74.1379
661056 625487 64.2857
661056 9168 81.7518
661056 671055 92.8571
661056 7231 72.2892
661056 651018 80.2721
661056 637642 75.4386
661056 673654 64.0394
661056 670365 84.127
661056 648400 81.3008
661056 50848 68.4685
661056 5015 70.5882
661056 676419 79.661
661056 641039 85.1852
661056 647644 77.5862
661056 698554 75.817
661056 690393 65.4206
661056 687813 73.0435
661056 9617 68.0412
661056 662831 89.7959
661056 657733 92.8571
661056 665357 95.5882
661056 34934 69.2308
661056 70804 88.2353
661056 699349 83.9695
661056 660373 94.2857
661056 47764 69.1489
661056 632484 63.1016
661056 647976 65.9574
661056 647019 64.9123
661056 662830 89.3939
661056 58056 65.285
661056 647646 67.2727
661056 625483 64.2857
661056 666386 68.4685
661056 682699 88.2353
661056 648352 72.2689
661056 654265 60.3352
661056 78748 69.4737
661056 664941 74.3363
661056 694557 73.3333
661056 626496 70
661056 641698 75.4386
661056 685583 81.4286
661056 637646 68.5185
661056 65856 67.7419
661056 673997 74.1935
661056 642654 66.3102
661056 645124 71.9298
661056 676949 64.2857
661056 665356 92.6174
661056 641530 71.4286
661056 58058 65.3266
661056 662427 94.2857
661056 673653 65.3266
661056 641654 74.1379
661056 697671 77.5758
661056 623310 82.8125
661056 645098 66.055
661056 681170 73.1707
661056 631567 67.6923
661056 628495 60.7843
661056 668859 67.2414
661056 79589 79.0123
661056 691259 60.5505
661056 614939 80.3419
661056 636661 67.2566
661056 700591 63.0631
661056 700288 66.2722
661056 665535 79.1667
661056 318534 89.0411
661056 680411 76.1364
661056 625482 64.2857
661056 666115 75.6757
661056 648540 66.6667
661056 694755 80
661056 622229 64.9215
661056 638581 67.2566
661056 34929 69.4118
661056 673317 72.1311
661056 684694 88.7324
661056 632485 67.0157
661056 663417 89.6104
661056 619377 65.1163
661056 47770 62.6866
661056 295302 68.4685
661056 664893 72.043
661056 78743 69.1892
661056 78741 68.5083
661056 638583 76.9231
661056 639767 60.1942
661056 641626 77.0492
661056 667950 61.8182
661056 634555 67.3684
661056 638365 72.5146
661056 680416 77.907
661056 624575 79.661
661056 642655 63.4921
661056 668856 64.9123
661056 664892 73.6264
661056 701201 85.1351
661056 637643 75.4386
661056 65849 65.2632
661056 639779 72.8571
661056 681679 80
661056 697598 85
661056 682700 90.9091
661056 638521 68.9655
661056 612049 62.8571
661056 633810 68.4685
661056 34931 63.4409
661056 646438 67.2727
661056 615985 72.4138
661056 700290 65.4971
661056 649971 85.2713
661056 641697 75.4386
661056 64057 71.1864
0 5
1 0
2 0
3 0
4 0
5 1
6 1
7 3
8 4
9 0
10 7
11 4
12 3
13 3
14 1
15 6
16 4
17 4
18 6
19 10
20 9
21 11
22 5
23 15
24 19
25 12
26 21
27 14
28 30
29 17
30 14
31 20
32 29
33 26
34 25
35 28
36 55
37 34
38 48
39 21
40 66
41 40
42 62
43 52
44 68
45 68
46 27
47 79
48 44
49 71
50 69
51 2
52 68
53 3
54 43
55 6
56 5
57 6
58 2
59 5
60 7
61 10
62 6
63 2
64 12
65 14
66 18
67 16
68 23
69 9
70 10
71 7
72 7
73 14
74 7
75 10
76 17
77 8
78 9
79 5
80 15
81 4
82 5
83 5
84 3
85 10
86 5
87 3
88 0
89 6
90 6
91 2
92 1
93 6
94 1
95 5
96 7
97 0
98 0
99 1
100 0
101 1
26
15188
