467
408564 2184 80
408564 626954 82.6087
408564 644914 81.6327
408564 66597 77.551
408564 634151 75
408564 629037 80.8511
408564 644325 71.1111
408564 692599 78.2609
408564 638532 69.4444
408564 634304 72
408564 43026 77.551
408564 643044 88.8889
408564 609248 85.1064
408564 625064 79.1667
408564 650610 85.1064
408564 8512 89.3617
408564 59679 68.0851
408564 625063 69.5652
408564 140665 75.5556
408564 58104 83.3333
408564 55548 77.551
408564 522408 68.0851
408564 645600 68
408564 229 68
408564 677507 66.6667
408564 628867 80.8511
408564 633216 83.3333
408564 666436 73.4694
408564 662187 80.8511
408564 640331 70.8333
408564 55666 86.3636
408564 625159 72.3404
408564 186233 70.8333
408564 5226 69.5652
408564 124997 68.1818
408564 59628 69.3878
408564 650059 73.0159
408564 639682 76
408564 180 88.8889
408564 664309 68.2927
408564 633890 85.7143
408564 625795 72
408564 651735 72
408564 28142 86.3636
408564 627903 66.6667
408564 664284 75
408564 631630 85.7143
408564 602908 82.6087
408564 37752 84
408564 622663 80
408564 329097 85.1064
408564 4140 88
408564 41554 68
408564 609067 75.8621
408564 697943 66.6667
408564 84223 68.4211
408564 638129 88
408564 4867 72
408564 615985 69.4444
408564 55342 72.3404
408564 641661 69.4444
408564 636921 72.3404
408564 58579 68.1818
408564 647648 71.875
408564 638851 88.8889
408564 624671 68.2927
408564 651217 73.4694
408564 690393 69.8413
408564 301196 72.7273
408564 628265 78.2609
408564 634135 70.8333
408564 140025 73.3333
408564 132313 78.2609
408564 679275 73.913
408564 116544 73.4694
408564 628999 88.8889
408564 95102 72.3404
408564 701652 84.4444
408564 617378 81.6327
408564 686574 70.8333
408564 646436 66.6667
408564 30131 74.5098
408564 624006 80.8511
408564 41365 80.8511
408564 617363 73.4694
408564 1026 69.7674
408564 23609 73.913
408564 127964 79.1667
408564 674195 72.3404
408564 623711 72.7273
408564 627377 75
408564 608712 72.3404
408564 82166 66.6667
408564 1986 78.2609
408564 638521 69.4444
408564 356359 86.3636
408564 636946 69.3878
408564 521887 71.1111
408564 665553 83.3333
408564 62659 66.6667
408564 625186 72
408564 663571 69.3878
408564 626923 66.6667
408564 624349 85.7143
408564 295435 73.913
408564 626100 72.3404
408564 49210 70.8333
408564 686264 71.1111
408564 670148 75
408564 650783 70.8333
408564 679577 83.3333
408564 630689 73.1707
408564 57456 68.0851
408564 617316 69.7674
408564 623661 88.8889
408564 640191 76.5957
408564 631128 68
408564 624575 67.5676
408564 658772 75
408564 667276 72.3404
408564 16448 68.0851
408564 646207 79.1667
408564 56357 75.4717
408564 12148 69.3878
408564 646437 66.6667
408564 610998 75.8621
408564 647372 73.913
408564 62778 68.1818
408564 109884 80.8511
408564 658776 75
408564 664269 66.6667
408564 646165 81.6327
408564 68955 75.5556
408564 625468 76
408564 626953 81.8182
408564 42443 76
408564 55876 95.8333
408564 615009 68
408564 55887 66.6667
408564 664319 72.4138
408564 683715 78.2609
408564 677513 75.5556
408564 625465 75
408564 617395 72.3404
408564 17796 66.6667
408564 34460 75.4717
408564 3846 68
408564 138305 83.7209
408564 97219 79.1667
408564 645868 66.6667
408564 624005 80.8511
408564 677555 75.5556
408564 56470 75
408564 601362 68
408564 630688 72
408564 700123 89.7959
408564 291559 91.6667
408564 628996 68
408564 640439 68.0851
408564 666115 68.6567
408564 658698 73.4694
408564 679542 82.6087
408564 620337 68.1818
408564 679579 85.1064
408564 650611 66.6667
408564 348706 72.3404
408564 623657 80.8511
408564 640230 73.4694
408564 655264 72.3404
408564 650624 73.4694
408564 160497 68.0851
408564 128701 69.2308
408564 629718 72.7273
408564 629474 86.9565
408564 664941 66.6667
408564 666730 80.8511
408564 632952 75.5556
408564 294731 66.6667
408564 96448 75.5556
408564 617406 69.3878
408564 12045 75
408564 636932 69.3878
408564 639683 68
408564 33592 84
408564 657807 72
408564 645727 67.6923
408564 646444 66.6667
408564 617607 82.6087
408564 294110 86.9565
408564 53183 76
408564 636326 69.5652
408564 56426 83.3333
408564 670183 66.6667
408564 659301 84
408564 611078 68.1818
408564 624960 70.8333
408564 625794 73.4694
408564 619072 69.8413
408564 628979 81.6327
408564 625464 73.913
408564 627436 84.4444
408564 110344 77.2727
408564 623991 78.2609
408564 655263 66.6667
408564 301199 69.5652
408564 631808 78.2609
408564 285113 75.5556
408564 257830 66.6667
408564 628296 79.0698
408564 630691 75
408564 638593 83.3333
408564 609819 68.1818
408564 694105 70.8333
408564 602670 68.75
408564 55619 87.5
408564 41356 73.913
408564 33139 88
408564 624004 80.8511
408564 645098 70.7692
408564 625042 80
408564 627706 67.8571
408564 647645 66.6667
408564 656388 66.6667
408564 369774 87.5
408564 640892 67.9245
408564 676713 66.6667
408564 658787 66.6667
408564 657817 89.3617
408564 191990 72.3404
408564 667247 68.0851
408564 646164 76.5957
408564 646159 68.0851
408564 102318 73.913
408564 677512 69.7674
408564 637434 69.3878
408564 672208 72.3404
408564 54128 69.3878
408564 624163 70.8333
408564 602880 69.3878
408564 688887 80
408564 636947 69.3878
408564 364202 73.913
408564 612765 81.6327
408564 623636 80.8511
408564 637189 80.8511
408564 625471 73.913
408564 649044 97.9592
408564 629243 76.9231
408564 631648 77.551
408564 72288 68
408564 644433 93.8776
408564 636935 69.3878
408564 161621 69.5652
408564 683892 66.6667
408564 645335 70.5882
408564 667470 76.5957
408564 136135 72.3404
408564 662771 89.7959
408564 633221 85.7143
408564 99002 73.913
408564 404000 79.1667
408564 657815 81.8182
408564 617628 69.3878
408564 611545 69.3878
408564 616278 86.9565
408564 619101 72
408564 634714 68
408564 56497 76
408564 634303 72
408564 382814 78.2609
408564 657809 68
408564 633900 84
408564 625792 79.1667
408564 633220 75
408564 64013 66.6667
408564 25952 79.1667
408564 30798 83.3333
408564 38231 68.0851
408564 637493 69.4444
408564 693427 80
408564 657833 80.9524
408564 630690 73.1707
408564 693424 83.7209
408564 628244 70.5882
408564 636929 72.3404
408564 67437 68
408564 40553 72.3404
408564 623651 80.8511
408564 651218 73.4694
408564 624003 93.8776
408564 624386 76
408564 71320 69.5652
408564 116363 79.1667
408564 663585 81.6327
408564 635960 72.3404
408564 128160 86.9565
408564 602909 81.6327
408564 657843 76
408564 646439 66.6667
408564 58895 72.3404
408564 309699 69.5652
408564 628495 75.8621
408564 1168 77.2727
408564 649441 77.551
408564 644273 74.4186
408564 58030 90.1961
408564 10549 66.6667
408564 654114 79.1667
408564 161622 69.5652
408564 16634 93.617
408564 43030 81.6327
408564 625648 66.6667
408564 646210 72
408564 169105 85.1064
408564 695625 70.1754
408564 636924 72.3404
408564 669273 66.6667
408564 661128 88
408564 659185 69.5652
408564 382815 79.1667
408564 63911 66.6667
408564 15193 82.6087
408564 624535 88
408564 665122 66.6667
408564 99331 72.7273
408564 603719 83.3333
408564 174620 68.1818
408564 624961 70.8333
408564 617629 79.1667
408564 636095 69.3878
408564 98436 76.5957
408564 227902 77.2727
408564 651739 72
408564 4971 80
408564 622145 73.4694
408564 657560 77.551
408564 81669 75
408564 626945 73.913
408564 693097 68.5714
408564 634293 70.8333
408564 613239 75
408564 657805 72.7273
408564 623648 83.7209
408564 60275 76
408564 646168 66.6667
408564 650034 70.8333
408564 623992 73.4694
408564 635968 75.5556
408564 626946 71.4286
408564 638173 77.551
408564 651330 77.551
408564 52350 73.4694
408564 650981 66.6667
408564 657812 68
408564 666530 75.5556
408564 36283 93.617
408564 38468 68.0851
408564 641165 72
408564 630692 72
408564 636784 77.551
408564 650616 79.1667
408564 625462 70.8333
408564 657836 66.6667
408564 627226 75.5556
408564 627066 69.5652
408564 676712 66.6667
408564 650609 81.6327
408564 371727 76.5957
408564 33832 77.551
408564 617409 79.1667
408564 616232 75
408564 62009 69.3878
408564 637006 69.3878
408564 649436 89.7959
408564 647068 68
408564 636941 72.3404
408564 625446 86.9565
408564 623701 72.7273
408564 664853 66.6667
408564 609820 68.1818
408564 43798 69.3878
408564 660640 80
408564 278461 70.8333
408564 40725 78.2609
408564 640743 77.551
408564 651324 77.551
408564 635034 73.3333
408564 688343 80
408564 7636 75.5556
408564 241113 66.6667
408564 69607 76.5957
408564 644432 93.8776
408564 209084 69.5652
408564 617398 81.6327
408564 125718 88.8889
408564 668362 69.7674
408564 623700 80
408564 634249 77.551
408564 666728 78.2609
408564 666432 77.551
408564 644871 85.7143
408564 1163 77.2727
408564 347504 75.5556
408564 695218 76.5957
408564 8774 91.6667
408564 677917 66.6667
408564 649690 75.5556
408564 637646 71.875
408564 102851 75
408564 698558 69.5652
408564 699339 66.6667
408564 44217 68
408564 638641 66.6667
408564 158037 69.5652
408564 25397 70.8333
408564 679825 72.1311
408564 624162 68
408564 650058 67.5676
408564 657818 77.2727
408564 8120 87.5
408564 642788 78.0488
408564 657562 66.6667
408564 5553 75.5556
408564 41355 73.913
408564 650211 72
408564 56138 66.6667
408564 56869 76
408564 54855 88
408564 638534 68.4932
408564 45164 76.5957
408564 26154 71.4286
408564 2738 66.6667
408564 66069 72
408564 615011 79.1667
408564 600388 75.5556
408564 626865 74.4186
408564 294868 80.8511
408564 624987 76.5957
408564 620753 67.8571
408564 640890 67.9245
408564 634306 80
408564 666665 70.8333
408564 646438 66.6667
408564 74380 74.5098
408564 256 73.4694
408564 301197 69.5652
408564 62660 66.6667
408564 680715 80
408564 644932 72.3404
408564 625109 75
408564 73709 79.1667
408564 163661 79.3103
408564 118151 81.6327
408564 631956 75
408564 72286 68
408564 659342 76
408564 8395 75.5556
408564 20121 66.6667
408564 80747 72.7273
408564 649424 69.3878
408564 622636 83.3333
408564 405554 66.6667
408564 689210 69.3878
408564 654113 91.6667
408564 645089 79.1667
408564 644333 66.6667
408564 657803 79.1667
0 15
1 0
2 0
3 0
4 0
5 0
6 1
7 0
8 0
9 0
10 5
11 4
12 1
13 0
14 11
15 4
16 0
17 5
18 9
19 13
20 13
21 3
22 6
23 16
24 3
25 10
26 7
27 15
28 21
29 11
30 24
31 23
32 19
33 15
34 20
35 35
36 20
37 19
38 23
39 27
40 37
41 20
42 21
43 17
44 28
45 30
46 21
47 17
48 47
49 31
50 50
51 5
52 33
53 33
54 23
55 33
56 34
57 20
58 38
59 32
60 35
61 31
62 30
63 42
64 43
65 8
66 52
67 48
68 25
69 25
70 45
71 20
72 22
73 30
74 30
75 21
76 31
77 10
78 19
79 11
80 30
81 15
82 13
83 5
84 16
85 2
86 10
87 8
88 9
89 6
90 5
91 1
92 3
93 0
94 5
95 0
96 1
97 0
98 1
99 0
100 0
101 0
17
16718
