0
0 0
1 0
2 0
3 0
4 0
5 0
6 0
7 0
8 0
9 0
10 0
11 0
12 0
13 0
14 0
15 0
16 0
17 0
18 0
19 0
20 0
21 0
22 0
23 0
24 0
25 0
26 1
27 0
28 0
29 0
30 0
31 2
32 1
33 0
34 0
35 0
36 0
37 0
38 2
39 3
40 5
41 3
42 3
43 6
44 4
45 6
46 8
47 9
48 13
49 17
50 22
51 6
52 20
53 10
54 14
55 22
56 43
57 21
58 38
59 45
60 37
61 40
62 59
63 51
64 74
65 72
66 98
67 56
68 62
69 71
70 94
71 86
72 97
73 65
74 85
75 66
76 31
77 45
78 50
79 34
80 34
81 16
82 11
83 15
84 5
85 6
86 1
87 4
88 1
89 2
90 0
91 1
92 0
93 0
94 0
95 0
96 0
97 0
98 0
99 0
100 0
101 0
25
14057
