314
638174 636790 69.8413
638174 408564 77.551
638174 43871 66.6667
638174 2184 72.7273
638174 626954 80
638174 644914 75
638174 66597 66.6667
638174 644325 72.7273
638174 43026 70.8333
638174 643044 77.2727
638174 673919 68.0851
638174 609248 78.2609
638174 625064 80.8511
638174 634581 69.3878
638174 629645 66.6667
638174 8512 69.5652
638174 147110 66.6667
638174 625063 71.1111
638174 140665 72.7273
638174 58104 72.3404
638174 522408 69.5652
638174 645600 73.4694
638174 229 81.6327
638174 633216 72.3404
638174 666436 66.6667
638174 640331 80.8511
638174 186233 80.8511
638174 59628 66.6667
638174 650059 67.7419
638174 639682 77.551
638174 180 72.7273
638174 633890 75
638174 625795 73.4694
638174 691995 67.6923
638174 28142 79.0698
638174 631630 83.3333
638174 602908 71.1111
638174 37752 73.4694
638174 4140 81.6327
638174 656393 69.3878
638174 41554 73.4694
638174 609067 66.6667
638174 697943 68.0851
638174 638129 89.7959
638174 663576 70.8333
638174 55342 73.913
638174 636921 78.2609
638174 79707 69.7674
638174 639772 73.3333
638174 638851 68.1818
638174 630077 68
638174 651217 70.8333
638174 659234 66.6667
638174 215132 71.1111
638174 215138 66.6667
638174 628265 75.5556
638174 27116 68.2927
638174 634135 72.3404
638174 140025 71.1864
638174 628999 81.8182
638174 617378 66.6667
638174 686574 68.0851
638174 624006 82.6087
638174 41365 69.5652
638174 617363 75
638174 1026 66.6667
638174 674195 69.5652
638174 666439 70.8333
638174 608712 73.913
638174 1986 66.6667
638174 636946 83.3333
638174 665553 85.1064
638174 621888 71.1111
638174 625186 69.3878
638174 304650 68.0851
638174 49210 72.3404
638174 670148 68.0851
638174 650783 72.3404
638174 640191 78.2609
638174 631128 73.4694
638174 688342 68.1818
638174 667276 69.5652
638174 16448 69.5652
638174 646207 72.3404
638174 649422 70.8333
638174 12148 70.8333
638174 610998 66.6667
638174 660421 66.6667
638174 647372 80
638174 646165 79.1667
638174 625468 77.551
638174 639767 75.8621
638174 626953 79.0698
638174 42443 73.4694
638174 55876 76.5957
638174 615009 77.551
638174 55887 72.7273
638174 683715 71.1111
638174 677513 68.1818
638174 630078 68
638174 625465 68.0851
638174 96461 71.1111
638174 17796 68.0851
638174 97219 80.8511
638174 624005 82.6087
638174 677555 68.1818
638174 56470 68.0851
638174 630688 77.551
638174 700123 66.6667
638174 291559 85.1064
638174 628996 73.4694
638174 649429 69.5652
638174 670182 66.6667
638174 658698 75
638174 679542 71.1111
638174 128701 66.6667
638174 629474 71.1111
638174 131090 68.0851
638174 632952 81.8182
638174 617406 75
638174 12045 76.5957
638174 636932 83.3333
638174 639683 69.3878
638174 33592 81.6327
638174 657807 73.4694
638174 294110 71.1111
638174 53183 77.551
638174 56426 72.3404
638174 670183 68.0851
638174 122681 66.6667
638174 625794 70.8333
638174 625464 75.5556
638174 627436 81.8182
638174 688039 68
638174 285113 77.2727
638174 676725 70.8333
638174 257830 72.3404
638174 631315 66.6667
638174 694105 68.0851
638174 55619 68.0851
638174 680494 68.0851
638174 33139 81.6327
638174 624004 91.3043
638174 625042 81.6327
638174 150952 69.5652
638174 627706 76.3636
638174 656388 72.3404
638174 124081 66.6667
638174 369774 80.8511
638174 697384 71.1111
638174 657817 73.913
638174 625144 68.0851
638174 646164 73.913
638174 623635 70.8333
638174 116539 66.6667
638174 646159 69.5652
638174 102318 66.6667
638174 677512 71.4286
638174 637434 75
638174 624163 72.3404
638174 295302 66.6667
638174 636947 83.3333
638174 612765 79.1667
638174 625471 75.5556
638174 627708 66.6667
638174 601821 66.6667
638174 649044 79.1667
638174 20985 66.6667
638174 631648 79.1667
638174 72288 69.3878
638174 644433 79.1667
638174 636935 83.3333
638174 671283 68.8525
638174 645335 72
638174 667470 86.9565
638174 662771 75
638174 633221 70.8333
638174 99002 80
638174 404000 85.1064
638174 657815 74.4186
638174 617628 79.1667
638174 616278 71.1111
638174 619101 77.551
638174 634714 73.4694
638174 56497 77.551
638174 382814 66.6667
638174 657809 73.4694
638174 625792 76.5957
638174 633220 80.8511
638174 64013 68.1818
638174 25952 68.0851
638174 30798 68.0851
638174 693427 72.7273
638174 656392 73.4694
638174 603977 66.6667
638174 628244 72
638174 636929 78.2609
638174 67437 69.3878
638174 122751 66.6667
638174 40553 82.6087
638174 651218 70.8333
638174 624003 79.1667
638174 624386 69.3878
638174 663585 70.8333
638174 635960 73.913
638174 128160 80
638174 602909 79.1667
638174 657843 69.3878
638174 309699 66.6667
638174 628495 66.6667
638174 58030 72
638174 654114 80.8511
638174 16634 78.2609
638174 43030 75
638174 405968 69.3878
638174 646210 69.3878
638174 169105 73.913
638174 695625 71.4286
638174 656391 68.0851
638174 636924 86.9565
638174 661128 81.6327
638174 63911 72.3404
638174 665122 72.3404
638174 99331 69.7674
638174 656390 69.3878
638174 663936 66.6667
638174 174620 74.4186
638174 4971 77.2727
638174 622145 66.6667
638174 657560 83.3333
638174 81669 72.3404
638174 634293 72.3404
638174 657805 79.0698
638174 60275 85.7143
638174 650034 80.8511
638174 623992 75
638174 638173 100
638174 700591 69.697
638174 52350 83.3333
638174 650981 72.7273
638174 657812 73.4694
638174 666530 68.1818
638174 36283 78.2609
638174 691259 68.75
638174 641165 69.3878
638174 636784 91.6667
638174 625462 76.5957
638174 657836 76.5957
638174 627226 77.2727
638174 617409 68.0851
638174 637006 70.8333
638174 649436 83.3333
638174 647068 73.4694
638174 636941 86.9565
638174 625446 66.6667
638174 54833 70.8333
638174 43798 75
638174 660640 72.7273
638174 625412 69.3878
638174 7636 77.2727
638174 241113 68.0851
638174 644432 79.1667
638174 617370 70.8333
638174 125718 81.8182
638174 666728 66.6667
638174 666432 66.6667
638174 644871 66.6667
638174 347504 72.7273
638174 8774 85.1064
638174 649428 70.8333
638174 43870 66.6667
638174 638641 68.0851
638174 158037 71.1111
638174 25397 72.3404
638174 679825 70
638174 624162 69.3878
638174 657562 72.7273
638174 649425 70.8333
638174 56138 72.3404
638174 56869 69.3878
638174 54855 81.6327
638174 45164 69.5652
638174 629267 66.6667
638174 66069 77.551
638174 615011 80.8511
638174 600388 72.7273
638174 656400 73.4694
638174 646001 66.6667
638174 640890 69.2308
638174 649427 70.8333
638174 74380 72
638174 256 66.6667
638174 83653 66.6667
638174 680715 72.7273
638174 644932 73.913
638174 670179 69.7674
638174 163661 66.6667
638174 700590 67.6471
638174 631956 72.3404
638174 72286 69.3878
638174 659342 89.7959
638174 8395 77.2727
638174 31976 66.6667
638174 80747 69.7674
638174 649424 79.1667
638174 656387 69.3878
638174 622636 72.3404
638174 645334 70.8333
638174 689210 70.8333
638174 654113 80.8511
638174 645089 72.3404
638174 629273 66.6667
638174 657803 76.5957
638174 624231 68.8525
0 13
1 0
2 0
3 0
4 0
5 5
6 3
7 5
8 1
9 2
10 9
11 4
12 4
13 0
14 4
15 3
16 2
17 5
18 6
19 8
20 19
21 8
22 10
23 8
24 19
25 9
26 14
27 17
28 19
29 20
30 52
31 32
32 26
33 19
34 24
35 43
36 26
37 28
38 17
39 25
40 59
41 26
42 41
43 33
44 25
45 29
46 21
47 33
48 30
49 43
50 25
51 7
52 36
53 26
54 34
55 35
56 22
57 27
58 35
59 23
60 44
61 38
62 35
63 39
64 37
65 12
66 45
67 45
68 6
69 30
70 35
71 20
72 19
73 31
74 22
75 12
76 4
77 7
78 15
79 6
80 17
81 10
82 11
83 3
84 8
85 0
86 5
87 3
88 0
89 0
90 2
91 0
92 2
93 0
94 0
95 0
96 0
97 0
98 0
99 0
100 0
101 1
21
16852
