507
371296 625109 66.6667
371296 617629 61.9048
371296 677233 63.4146
371296 663589 61.9048
371296 641831 63.4146
371296 252048 61.5385
371296 649429 63.4146
371296 667249 75
371296 679 73.6842
371296 625159 63.4146
371296 68347 70.5882
371296 649690 66.6667
371296 149704 75.6757
371296 645600 63.6364
371296 634193 65
371296 74468 71.7949
371296 605469 65
371296 3846 63.6364
371296 839 73.6842
371296 57549 63.4146
371296 646163 60.4651
371296 371727 63.4146
371296 99331 63.1579
371296 658782 63.1579
371296 17796 66.6667
371296 610185 63.4146
371296 67437 63.6364
371296 16448 63.4146
371296 74297 64.8649
371296 679449 70
371296 634617 61.9048
371296 685303 63.4146
371296 636944 63.4146
371296 689418 76.9231
371296 18256 74.2857
371296 645089 61.9048
371296 100649 63.1579
371296 637006 65.1163
371296 655263 61.5385
371296 186053 66.6667
371296 26245 63.1579
371296 629036 63.1579
371296 687212 64.8649
371296 624915 65
371296 665667 61.1111
371296 640191 63.4146
371296 122751 65
371296 5553 61.5385
371296 686264 71.7949
371296 109884 63.4146
371296 651590 70.2703
371296 625820 65.1163
371296 64797 66.6667
371296 636098 63.4146
371296 641763 68.2927
371296 70716 65
371296 649422 60.4651
371296 664545 66.6667
371296 172262 68.2927
371296 194296 60.6061
371296 659144 68.2927
371296 625196 64.8649
371296 109852 68.4211
371296 680519 66.6667
371296 647334 64.7059
371296 5729 70
371296 625191 66.6667
371296 628815 60
371296 380271 65
371296 114022 68.5714
371296 662876 60
371296 32363 63.1579
371296 10549 66.6667
371296 42080 72.2222
371296 612765 60.4651
371296 328442 73.6842
371296 66597 60.4651
371296 617370 60.4651
371296 349946 97.2973
371296 690589 61.9048
371296 691614 71.7949
371296 215132 65
371296 38241 61.9048
371296 627073 60
371296 26542 66.6667
371296 603719 61.9048
371296 660420 68.5714
371296 20579 68.2927
371296 680859 61.5385
371296 14023 74.2857
371296 298812 61.9048
371296 611545 65.1163
371296 616256 66.6667
371296 24833 73.6842
371296 24711 70
371296 656987 70
371296 639840 62.2222
371296 664276 68.2927
371296 194315 68.2927
371296 677514 71.7949
371296 630911 66.6667
371296 677513 61.5385
371296 638686 65
371296 56501 63.4146
371296 358737 70.2703
371296 664543 65
371296 405968 63.6364
371296 66476 63.6364
371296 409962 61.9048
371296 659438 63.4146
371296 124997 63.1579
371296 658498 63.1579
371296 623635 60.4651
371296 621888 70
371296 38468 73.1707
371296 41356 60
371296 623650 60.4651
371296 161609 61.1111
371296 255115 68.2927
371296 664977 65
371296 149987 63.4146
371296 627074 60
371296 72286 68.1818
371296 73819 61.5385
371296 663780 60.4651
371296 664284 66.6667
371296 645038 66.6667
371296 193514 62.8571
371296 677507 66.6667
371296 49210 61.9048
371296 630915 63.4146
371296 257830 66.6667
371296 215138 65
371296 658464 71.7949
371296 364093 73.1707
371296 76006 63.6364
371296 43871 65
371296 87081 68.2927
371296 127964 61.9048
371296 269613 68.2927
371296 638641 66.6667
371296 646164 63.4146
371296 382814 65
371296 7760 71.7949
371296 690569 60
371296 601307 70
371296 51867 63.1579
371296 677510 63.4146
371296 600388 66.6667
371296 241173 70.2703
371296 522408 63.4146
371296 59679 68.2927
371296 659234 65.1163
371296 684792 63.4146
371296 630640 64.8649
371296 118993 74.2857
371296 101655 60
371296 120309 73.6842
371296 663946 66.6667
371296 603577 62.8571
371296 661463 64.7059
371296 658397 65.1163
371296 620248 70.2703
371296 670183 61.9048
371296 20122 66.6667
371296 6957 70.2703
371296 353871 66.6667
371296 627725 65
371296 667849 63.4146
371296 633868 65
371296 624842 63.4146
371296 49348 62.8571
371296 666530 61.5385
371296 76010 65
371296 42443 63.6364
371296 602889 65
371296 643485 61.1111
371296 636921 63.4146
371296 83398 70
371296 629374 60.4651
371296 115006 65
371296 142693 68.5714
371296 626923 62.2222
371296 30131 62.2222
371296 66489 70
371296 629718 63.1579
371296 617363 60.4651
371296 677555 61.5385
371296 637434 65.1163
371296 639682 63.6364
371296 660421 65.1163
371296 664853 71.7949
371296 663921 70.2703
371296 66070 63.6364
371296 309708 75
371296 651217 65.1163
371296 345650 61.9048
371296 659122 65.1163
371296 59628 65.1163
371296 685117 68.2927
371296 670149 66.6667
371296 81669 66.6667
371296 1390 60
371296 67594 69.7674
371296 54833 60.4651
371296 266126 66.6667
371296 658487 61.9048
371296 64013 66.6667
371296 97219 61.9048
371296 54829 65
371296 687618 60
371296 43026 60.4651
371296 67609 63.4146
371296 641764 66.6667
371296 338205 68.2927
371296 48911 62.8571
371296 66068 61.5385
371296 116805 70
371296 179790 68.5714
371296 658309 60
371296 164774 70
371296 4120 66.6667
371296 7636 66.6667
371296 102851 61.9048
371296 624987 63.4146
371296 38253 68.4211
371296 639681 63.6364
371296 55342 68.2927
371296 700292 65
371296 667760 61.5385
371296 633174 62.2222
371296 632920 64.8649
371296 657811 63.6364
371296 634171 63.6364
371296 611078 63.1579
371296 96461 65
371296 400230 66.6667
371296 664551 64.8649
371296 36603 68.4211
371296 9659 71.7949
371296 193521 64.8649
371296 668523 71.7949
371296 372155 60
371296 692226 64.7059
371296 679281 63.1579
371296 43870 65
371296 690415 68.2927
371296 382815 61.9048
371296 33377 60
371296 646645 63.6364
371296 116523 66.6667
371296 635960 68.2927
371296 658776 66.6667
371296 694105 66.6667
371296 677512 64.8649
371296 116363 61.9048
371296 47695 68.2927
371296 72089 60.4651
371296 158910 65
371296 686466 66.6667
371296 297577 61.9048
371296 685298 66.6667
371296 691610 75.6757
371296 611347 70
371296 681072 61.5385
371296 647068 63.6364
371296 68888 61.1111
371296 677920 68.4211
371296 12463 66.6667
371296 209084 65
371296 631315 60
371296 164614 71.7949
371296 646165 60.4651
371296 74517 62.8571
371296 76699 68.75
371296 642896 71.7949
371296 627368 76.1905
371296 264045 71.4286
371296 658533 63.6364
371296 638640 68.2927
371296 73166 63.1579
371296 667850 68.2927
371296 617316 64.8649
371296 672018 68.2927
371296 636935 65.1163
371296 67476 68.2927
371296 31976 65
371296 649428 60.4651
371296 404827 64.8649
371296 150501 66.6667
371296 602890 61.5385
371296 84227 62.8571
371296 72288 68.1818
371296 342024 61.1111
371296 31592 74.2857
371296 68955 66.6667
371296 617409 61.9048
371296 100467 64.8649
371296 161601 60
371296 663620 61.9048
371296 34632 60.4651
371296 631648 65.1163
371296 326172 60
371296 700291 72.2222
371296 646001 65.1163
371296 697384 65
371296 193517 64.8649
371296 60734 66.6667
371296 627226 61.5385
371296 667247 63.4146
371296 43798 60.4651
371296 139785 75
371296 690590 61.9048
371296 63055 71.7949
371296 672441 65
371296 643480 61.1111
371296 20985 64.8649
371296 292598 68.4211
371296 601362 68.1818
371296 19055 70.2703
371296 663915 65.1163
371296 364202 65
371296 73248 63.6364
371296 30724 61.5385
371296 29851 65
371296 650608 62.8571
371296 278461 66.6667
371296 668362 70.2703
371296 623832 71.4286
371296 609818 68.1818
371296 113665 60
371296 696224 63.1579
371296 651218 65.1163
371296 130895 66.6667
371296 675215 65
371296 664970 64.7059
371296 38243 68.4211
371296 326397 76.1905
371296 263770 66.6667
371296 82804 65
371296 15130 60
371296 616811 66.6667
371296 634470 65.1163
371296 632227 61.1111
371296 680708 72.2222
371296 672960 61.5385
371296 625028 76.4706
371296 84552 63.4146
371296 651324 60.4651
371296 98431 68.4211
371296 122381 61.1111
371296 154880 65
371296 39362 63.6364
371296 659147 60.6061
371296 122640 63.4146
371296 661471 65.1163
371296 683892 66.6667
371296 135284 64.8649
371296 174620 68.4211
371296 677915 68.5714
371296 131312 70.5882
371296 56148 66.6667
371296 700296 72.2222
371296 45410 62.069
371296 677916 68.4211
371296 622644 60.4651
371296 669986 66.6667
371296 663952 65.1163
371296 632919 64.8649
371296 692011 61.9048
371296 646162 64.7059
371296 102623 65
371296 75516 60
371296 660053 61.9048
371296 71320 65
371296 683722 68.5714
371296 63911 61.9048
371296 58895 68.2927
371296 26154 66.6667
371296 649441 60.4651
371296 59727 72.2222
371296 66479 68.5714
371296 30723 61.5385
371296 663936 65.1163
371296 762 70.5882
371296 667749 66.6667
371296 636946 65.1163
371296 364989 73.6842
371296 63599 69.7674
371296 71439 65.1163
371296 663576 60.4651
371296 339497 66.6667
371296 625027 63.1579
371296 40593 64.8649
371296 628102 63.6364
371296 29232 61.5385
371296 13687 63.4146
371296 680482 75
371296 609819 68.4211
371296 613239 66.6667
371296 103998 68.2927
371296 86939 71.7949
371296 18894 72.7273
371296 278175 66.6667
371296 663927 61.9048
371296 662782 70.2703
371296 18255 74.2857
371296 409127 68.2927
371296 125185 66.6667
371296 634163 65
371296 627222 70
371296 639683 68.1818
371296 649096 66.6667
371296 642604 65.1163
371296 658818 60.4651
371296 670237 63.1579
371296 105373 61.5385
371296 694315 75
371296 1026 64.8649
371296 646232 66.6667
371296 662773 61.1111
371296 646166 68.4211
371296 681101 64.8649
371296 521887 71.7949
371296 648928 70
371296 617627 66.6667
371296 611783 68.1818
371296 674195 68.2927
371296 663549 61.9048
371296 648929 66.6667
371296 635820 74.4186
371296 202930 70.2703
371296 3124 64.8649
371296 160451 61.9048
371296 62009 65.1163
371296 4771 71.7949
371296 295435 60
371296 19984 65
371296 70868 66.6667
371296 327982 72.2222
371296 634220 61.9048
371296 624051 62.2222
371296 634775 61.9048
371296 27116 66.6667
371296 82807 60
371296 683723 61.5385
371296 79016 66.6667
371296 670091 63.1579
371296 2775 68.2927
371296 646159 63.4146
371296 609820 68.4211
371296 619147 63.6364
371296 636326 60
371296 672019 68.2927
371296 264039 66.6667
371296 66688 68.2927
371296 285113 61.5385
371296 634581 63.6364
371296 34765 61.9048
371296 680494 66.6667
371296 13009 63.4146
371296 649092 68.2927
371296 147110 60.4651
371296 634156 61.5385
371296 699206 63.4146
371296 636947 65.1163
371296 87254 60
371296 649427 60.4651
371296 615011 61.9048
371296 625239 69.7674
371296 627367 76.1905
371296 677917 61.5385
371296 291534 66.6667
371296 55459 60.4651
371296 163501 68.2927
371296 327445 63.1579
371296 66069 63.6364
371296 634615 60
371296 632913 65.1163
371296 81549 61.1111
371296 644871 60.4651
371296 79707 73.6842
371296 649424 60.4651
371296 51337 63.1579
371296 647527 70.5882
371296 663914 68.2927
371296 56470 61.9048
371296 627370 70
371296 75707 68.1818
371296 75518 63.1579
371296 25397 66.6667
371296 41355 60
371296 663947 66.6667
371296 25413 63.6364
371296 636086 69.7674
371296 665282 66.6667
371296 26540 71.7949
371296 131090 66.6667
371296 625813 65.1163
371296 192626 66.6667
371296 679283 65
371296 617628 65.1163
371296 653051 60
371296 617406 60.4651
371296 630639 64.8649
371296 663935 71.7949
371296 404698 71.7949
0 5
1 0
2 0
3 0
4 0
5 1
6 2
7 2
8 5
9 0
10 2
11 2
12 2
13 9
14 4
15 3
16 20
17 9
18 9
19 12
20 24
21 23
22 14
23 12
24 16
25 12
26 9
27 10
28 10
29 9
30 13
31 12
32 23
33 12
34 10
35 19
36 12
37 8
38 9
39 28
40 20
41 3
42 30
43 27
44 31
45 33
46 57
47 56
48 73
49 58
50 78
51 2
52 46
53 44
54 23
55 62
56 25
57 16
58 52
59 36
60 57
61 30
62 65
63 13
64 75
65 62
66 27
67 66
68 0
69 57
70 18
71 14
72 20
73 7
74 9
75 11
76 2
77 5
78 0
79 0
80 0
81 0
82 0
83 0
84 0
85 0
86 0
87 0
88 0
89 0
90 0
91 0
92 0
93 0
94 0
95 0
96 0
97 0
98 1
99 0
100 0
101 0
19
16837
