512
690570 658782 61.9048
690570 610998 64.2857
690570 17796 60.8696
690570 104157 78.0488
690570 67437 70.8333
690570 679449 86.3636
690570 634617 65.2174
690570 685303 71.1111
690570 62597 80
690570 306735 65.1163
690570 18256 61.5385
690570 10006 82.6087
690570 379113 72.7273
690570 637519 80
690570 100649 90.4762
690570 655263 65.1163
690570 186053 78.2609
690570 26245 61.9048
690570 629036 61.9048
690570 687212 87.8049
690570 624915 68.1818
690570 665667 75
690570 3098 69.5652
690570 677276 80
690570 686264 60.4651
690570 58167 60
690570 651590 73.1707
690570 625820 76.5957
690570 690575 81.8182
690570 64797 65.1163
690570 58979 68.2927
690570 641763 71.1111
690570 70716 81.8182
690570 664545 60
690570 172262 75.5556
690570 194296 75.6757
690570 643483 75
690570 109852 76.1905
690570 680519 83.7209
690570 647334 68.4211
690570 5729 77.2727
690570 114022 66.6667
690570 38252 63.4146
690570 683726 66.6667
690570 683724 66.6667
690570 512913 80
690570 10549 69.5652
690570 42080 75
690570 57259 68.2927
690570 20000 63.1579
690570 643469 73.913
690570 328442 66.6667
690570 625648 65.625
690570 677500 62.2222
690570 631301 76.5957
690570 690589 86.9565
690570 38248 71.4286
690570 691614 65.1163
690570 215132 63.6364
690570 38241 86.9565
690570 8145 78.9474
690570 45762 79.1667
690570 26542 65.1163
690570 20579 80
690570 680859 83.7209
690570 622693 71.4286
690570 14023 61.5385
690570 684041 69.7674
690570 683369 63.4146
690570 639710 63.8298
690570 4737 63.4146
690570 24833 80.9524
690570 622652 66.6667
690570 2765 77.2727
690570 24711 63.6364
690570 656987 72.7273
690570 639840 77.551
690570 194315 62.2222
690570 655264 62.2222
690570 677514 65.1163
690570 630911 60.4651
690570 638686 72.7273
690570 638702 65.2174
690570 664543 68.1818
690570 405968 62.5
690570 670248 88.8889
690570 66476 70.8333
690570 409962 65.2174
690570 659438 75.5556
690570 133865 63.6364
690570 658498 80.9524
690570 624942 83.3333
690570 680857 68.2927
690570 161609 60
690570 255115 62.2222
690570 77845 68.2927
690570 664977 72.7273
690570 149987 80
690570 73819 69.7674
690570 663780 80.8511
690570 645038 74.4186
690570 193514 71.7949
690570 653048 72.7273
690570 643470 82.6087
690570 646444 65.625
690570 36921 87.5
690570 257830 65.2174
690570 682569 63.4146
690570 215138 63.6364
690570 635034 62.069
690570 137470 86.9565
690570 4419 79.0698
690570 76006 75
690570 87081 62.2222
690570 26707 95.6522
690570 45914 63.8298
690570 622694 80.9524
690570 629118 79.1667
690570 13506 68.2927
690570 667940 80
690570 7760 69.7674
690570 658774 69.5652
690570 690569 95.4545
690570 601307 68.1818
690570 51867 66.6667
690570 643472 76.5957
690570 674329 73.1707
690570 4438 68.2927
690570 103805 68.2927
690570 690691 66.6667
690570 372154 80.9524
690570 659234 72.3404
690570 684792 71.1111
690570 630640 68.2927
690570 643495 77.2727
690570 118993 61.5385
690570 101655 86.3636
690570 120309 66.6667
690570 663946 65.2174
690570 57048 86.3636
690570 79007 68.1818
690570 658397 76.5957
690570 20122 65.2174
690570 133683 78.2609
690570 677504 80
690570 31539 63.8298
690570 371717 77.2727
690570 353871 64.8649
690570 617683 66.6667
690570 667849 62.2222
690570 658787 65.625
690570 149965 74.4186
690570 678398 79.0698
690570 619072 72.1311
690570 372360 69.5652
690570 607167 60.8696
690570 624842 62.2222
690570 637641 61.7647
690570 677501 71.1111
690570 98696 66.6667
690570 76010 90.9091
690570 344521 91.3043
690570 602889 81.8182
690570 643485 85
690570 83398 68.1818
690570 629374 89.3617
690570 115006 72.7273
690570 142693 66.6667
690570 626923 73.4694
690570 30131 61.2245
690570 66489 77.2727
690570 658501 73.913
690570 637434 63.8298
690570 639682 62.5
690570 664853 65.1163
690570 650037 73.913
690570 663921 73.1707
690570 309708 61.1111
690570 345650 73.913
690570 659122 85.1064
690570 59628 63.8298
690570 685117 71.1111
690570 59637 60.8696
690570 643468 76.1905
690570 81669 60.8696
690570 1390 86.3636
690570 677503 80
690570 266126 79.0698
690570 680828 82.6087
690570 653050 60.8696
690570 675279 82.6087
690570 193513 70
690570 658487 69.5652
690570 163508 83.7209
690570 54829 68.1818
690570 684033 62.2222
690570 679482 71.7949
690570 87059 80
690570 67609 93.3333
690570 641764 85
690570 667944 84.4444
690570 66068 69.7674
690570 116805 68.1818
690570 658309 77.2727
690570 370399 77.2727
690570 164774 72.7273
690570 656084 66.6667
690570 677554 84.4444
690570 177950 82.6087
690570 4120 64.8649
690570 646440 63.6364
690570 43395 60.4651
690570 643475 70
690570 4767 63.6364
690570 38253 66.6667
690570 639681 62.5
690570 650753 62.8571
690570 667760 74.4186
690570 633174 61.2245
690570 634219 78.2609
690570 667851 74.4186
690570 690579 86.9565
690570 657811 62.5
690570 634171 66.6667
690570 674553 78.2609
690570 664551 87.8049
690570 36603 71.4286
690570 634616 61.9048
690570 9659 74.4186
690570 193521 68.2927
690570 668523 60.4651
690570 56338 62.2222
690570 372155 86.3636
690570 229540 71.1111
690570 641699 61.7647
690570 66296 61.9048
690570 690415 71.1111
690570 686465 68.1818
690570 53376 75
690570 26346 80
690570 33377 72.7273
690570 646645 70.8333
690570 121770 69.7674
690570 116523 78.2609
690570 609067 64.2857
690570 643467 68.4211
690570 690578 78.2609
690570 694105 60.8696
690570 4436 81.6327
690570 136014 60.4651
690570 72089 63.8298
690570 675585 81.8182
690570 158910 68.1818
690570 615123 87.5
690570 297577 69.5652
690570 685298 74.4186
690570 691610 68.2927
690570 611347 77.2727
690570 639709 62.2222
690570 103776 63.6364
690570 625015 75.5556
690570 681072 74.4186
690570 68888 75
690570 622659 81.8182
690570 622695 75
690570 12463 69.5652
690570 164614 69.7674
690570 695625 69.0909
690570 130085 66.6667
690570 625421 73.913
690570 683879 69.7674
690570 697780 63.8889
690570 76699 72.2222
690570 642896 74.4186
690570 647643 60
690570 264045 65.2174
690570 658533 62.5
690570 638640 66.6667
690570 667850 66.6667
690570 643493 65
690570 672018 66.6667
690570 671880 73.913
690570 67476 80
690570 658980 71.1111
690570 38074 65.1163
690570 150501 60
690570 646441 62.8571
690570 674552 81.8182
690570 602890 83.7209
690570 7528 91.3043
690570 84227 61.5385
690570 31592 66.6667
690570 100467 68.2927
690570 682813 65
690570 79447 84.4444
690570 663620 78.2609
690570 82806 73.913
690570 643478 73.1707
690570 193517 78.0488
690570 43285 65.1163
690570 60734 73.913
690570 60530 82.6087
690570 667247 66.6667
690570 624856 61.5385
690570 225122 82.6087
690570 637642 61.7647
690570 690590 86.9565
690570 63055 65.1163
690570 672441 68.1818
690570 141014 75
690570 643480 85
690570 252044 68.2927
690570 361456 78.0488
690570 601362 62.5
690570 19055 82.9268
690570 663915 63.8298
690570 57547 65.1163
690570 662156 80
690570 73248 66.6667
690570 647644 60
690570 57548 68.0851
690570 30724 65.1163
690570 755 86.3636
690570 278461 60.8696
690570 690393 68.8525
690570 623832 65.2174
690570 687813 60.8696
690570 62857 63.1579
690570 609818 70.8333
690570 113665 95.4545
690570 671881 68.1818
690570 130895 60.4651
690570 686665 68.1818
690570 675215 81.8182
690570 38243 66.6667
690570 326397 65.2174
690570 263770 79.0698
690570 685799 82.6087
690570 82804 86.3636
690570 15130 86.3636
690570 690586 91.3043
690570 616811 78.2609
690570 64800 83.3333
690570 634470 63.8298
690570 684074 60.8696
690570 666386 61.5385
690570 680708 65
690570 676172 91.3043
690570 69587 76.5957
690570 625028 63.1579
690570 58511 75
690570 326651 73.913
690570 680831 78.0488
690570 98431 66.6667
690570 122381 75
690570 154880 77.2727
690570 641698 61.7647
690570 661471 63.8298
690570 683892 69.5652
690570 55456 76.5957
690570 38255 62.5
690570 131312 63.1579
690570 56148 65.2174
690570 752 86.9565
690570 45410 60.6061
690570 677916 61.9048
690570 622644 72.3404
690570 669986 60.4651
690570 663952 63.8298
690570 602880 63.8298
690570 692011 78.2609
690570 641530 63.6364
690570 680466 69.7674
690570 102623 72.7273
690570 75516 77.2727
690570 686664 66.6667
690570 660053 69.5652
690570 683722 61.5385
690570 686663 62.2222
690570 59727 80
690570 30723 65.1163
690570 664269 60.4651
690570 694951 65.1163
690570 663936 63.8298
690570 667749 65.1163
690570 7967 68.1818
690570 364989 71.4286
690570 63599 63.8298
690570 6396 76.5957
690570 71439 72.3404
690570 339497 65
690570 625027 80.9524
690570 690574 91.3043
690570 628102 66.6667
690570 29232 65.1163
690570 13687 62.2222
690570 680482 72.7273
690570 628495 64.2857
690570 86939 69.7674
690570 113444 72.7273
690570 278175 69.7674
690570 663927 78.2609
690570 207835 88.8889
690570 18255 61.5385
690570 409127 75.5556
690570 125185 64.8649
690570 627222 72.7273
690570 675278 78.2609
690570 649096 73.913
690570 642604 63.8298
690570 684035 69.7674
690570 658818 85.1064
690570 670237 90.4762
690570 694315 63.6364
690570 627082 60.8696
690570 646232 69.5652
690570 683725 63.1579
690570 49512 60.8696
690570 662773 60
690570 681101 87.8049
690570 521887 60.4651
690570 648928 81.8182
690570 666115 61.5385
690570 97327 71.1111
690570 632917 74.4186
690570 667941 75.5556
690570 617627 64.7059
690570 611783 79.1667
690570 663549 82.6087
690570 648929 65.2174
690570 48226 68.4211
690570 643484 79.0698
690570 282037 78.0488
690570 160451 82.6087
690570 62009 63.8298
690570 4771 60.4651
690570 644333 69.5652
690570 78998 71.4286
690570 58978 68.2927
690570 70868 73.913
690570 327982 60
690570 634220 73.913
690570 624051 65.3061
690570 634775 73.913
690570 82807 90.9091
690570 683723 65.1163
690570 60549 82.6087
690570 79016 78.2609
690570 670091 90.4762
690570 2775 66.6667
690570 295302 64.6154
690570 667246 62.2222
690570 643487 82.6087
690570 180816 66.6667
690570 619147 70.8333
690570 672019 66.6667
690570 622661 82.6087
690570 79006 69.7674
690570 264039 73.913
690570 66688 75.5556
690570 684038 75.5556
690570 634581 70.8333
690570 34765 78.2609
690570 680494 69.5652
690570 56285 74.4186
690570 100139 65
690570 627011 74.4186
690570 634156 74.4186
690570 699206 62.2222
690570 65007 82.6087
690570 638636 68.2927
690570 625239 72.3404
690570 119877 62.2222
690570 685783 80
690570 686667 75.5556
690570 637643 61.7647
690570 677917 65.1163
690570 749 82.6087
690570 55459 85.1064
690570 634615 68.1818
690570 632913 72.3404
690570 79707 61.9048
690570 65987 87.8049
690570 51337 76.1905
690570 647527 68.4211
690570 663914 66.6667
690570 57884 60.8696
690570 627370 68.1818
690570 75518 71.4286
690570 632918 75.5556
690570 612049 71.1864
690570 25397 60.8696
690570 663947 73.913
690570 270531 68.2927
690570 25413 79.1667
690570 665282 78.2609
690570 633810 61.5385
690570 26540 65.1163
690570 60188 64.8649
690570 602913 82.6087
690570 79008 73.913
690570 33671 62.2222
690570 131090 60.8696
690570 1895 75.6757
690570 177951 77.2727
690570 625813 68.0851
690570 192626 60
690570 641697 61.7647
690570 653051 68.1818
690570 630639 68.2927
690570 663935 69.7674
690570 404698 60.4651
0 9
1 0
2 0
3 0
4 0
5 2
6 3
7 3
8 0
9 0
10 2
11 4
12 1
13 3
14 2
15 20
16 5
17 3
18 7
19 2
20 9
21 5
22 7
23 13
24 1
25 12
26 9
27 11
28 14
29 9
30 13
31 9
32 23
33 19
34 23
35 27
36 21
37 30
38 45
39 52
40 104
41 47
42 37
43 21
44 30
45 22
46 24
47 34
48 22
49 33
50 40
51 3
52 46
53 31
54 34
55 30
56 20
57 22
58 39
59 23
60 38
61 26
62 26
63 26
64 34
65 14
66 34
67 29
68 0
69 39
70 28
71 6
72 18
73 19
74 21
75 22
76 11
77 10
78 12
79 20
80 24
81 6
82 9
83 17
84 6
85 6
86 3
87 14
88 6
89 2
90 1
91 5
92 5
93 0
94 1
95 0
96 3
97 0
98 0
99 0
100 0
101 0
17
15602
