294
659921 610998 62
659921 661055 95.5882
659921 663418 86.4865
659921 661056 95.5882
659921 634748 74.2515
659921 662832 97.1014
659921 638582 74.8466
659921 700281 63.0303
659921 680413 73.0337
659921 78737 75.6098
659921 663419 86.6667
659921 45616 68.6047
659921 664210 89.6552
659921 701195 63.0303
659921 645727 65.4206
659921 663608 89.3939
659921 676509 60
659921 651714 77.7778
659921 647974 64.5161
659921 660372 95.5882
659921 640065 80.597
659921 648344 81.6667
659921 631702 77.6119
659921 659017 93.6508
659921 647648 69.8113
659921 657732 92.6471
659921 663607 89.3939
659921 682328 67.8571
659921 682692 88.4354
659921 646439 68.5185
659921 625648 64.8148
659921 659923 95.5224
659921 693097 80.3571
659921 646989 62.963
659921 163661 66
659921 45622 64.6154
659921 640266 76.0331
659921 78746 68.4492
659921 659922 98.4848
659921 639475 67.2414
659921 650059 64.7619
659921 701202 85.2941
659921 667951 65.4545
659921 674897 80
659921 645548 81.6667
659921 701203 81.9444
659921 663416 80
659921 654956 95.5882
659921 699329 86.4
659921 78742 67.7596
659921 642663 64.5503
659921 70807 88.2353
659921 638478 62.2754
659921 645547 73.6842
659921 699058 78.4314
659921 647975 64.5161
659921 664208 88.0597
659921 45617 69.7143
659921 645789 71.3043
659921 638355 70.1754
659921 665527 67.8261
659921 698601 73.8739
659921 634751 61.6216
659921 671056 92.5373
659921 364296 66.6667
659921 694553 82.8125
659921 646444 75.9259
659921 654722 63.4921
659921 641660 71.4286
659921 346230 77.3109
659921 380479 62.8272
659921 633425 73.6196
659921 635034 60.7843
659921 664894 70.6522
659921 698553 82.8571
659921 633001 60
659921 73283 76.9231
659921 701595 72.4138
659921 647014 71.4286
659921 675187 67.8571
659921 701718 86.1538
659921 682338 78.4
659921 645540 68.4211
659921 693165 72
659921 675268 65.6085
659921 640286 66.6667
659921 687376 72.2222
659921 685584 75.4098
659921 636790 73.5849
659921 667948 71.3043
659921 665158 83.871
659921 641661 75.4386
659921 700284 61.5385
659921 646436 68.5185
659921 658787 75.9259
659921 619072 64.7619
659921 638361 71.6763
659921 677761 79.3651
659921 667952 61.8182
659921 637641 80.3571
659921 616791 65.0794
659921 663606 97.0149
659921 20625 67.7686
659921 47745 74.6835
659921 665964 88.4354
659921 700287 62.2754
659921 633031 69.8795
659921 60342 78.0142
659921 648360 76.6667
659921 79594 67.7966
659921 680414 72.2222
659921 58057 63.8743
659921 650898 62.3656
659921 639472 70.1754
659921 78747 66.3043
659921 639772 62.1359
659921 647024 78.6325
659921 695574 75.3623
659921 693166 79.1667
659921 701596 75.641
659921 660371 95.5882
659921 651687 64.8649
659921 650064 74.5455
659921 645542 67.8899
659921 646440 74.5455
659921 665963 92.1986
659921 645129 73.6842
659921 638534 76.5217
659921 647645 72.2222
659921 668532 79.4521
659921 675451 83.871
659921 678323 83.871
659921 654077 73.3333
659921 699499 71.5909
659921 664209 97.0149
659921 675282 80.7018
659921 643408 82.2785
659921 661122 83.871
659921 695836 70.6767
659921 665536 76.5217
659921 33668 62.069
659921 641699 76.7857
659921 664891 72.2222
659921 700283 63.0303
659921 701196 61.5385
659921 609067 62
659921 665539 74.6479
659921 646910 82.7586
659921 665358 97.0149
659921 664737 83.871
659921 701777 85.4839
659921 651686 62.1762
659921 675186 73.2143
659921 638352 64.8649
659921 695625 62.6263
659921 661755 60.1036
659921 697780 62.069
659921 108408 65.4206
659921 647643 82.4561
659921 697445 78.2609
659921 700286 62.2754
659921 699340 86.4
659921 700285 62.2754
659921 78738 72.7273
659921 679825 66.0194
659921 645115 79.7203
659921 646441 71.9298
659921 63689 79.1367
659921 661123 83.871
659921 659015 84.4828
659921 657782 67.9245
659921 661186 75.8621
659921 671292 61.8182
659921 650061 76.9231
659921 700282 63.0303
659921 691995 68.5185
659921 637493 75.4386
659921 625487 65.4545
659921 9168 77.037
659921 671055 89.8551
659921 7231 70.7317
659921 651018 80
659921 637642 76.7857
659921 673654 61.6915
659921 670365 83.871
659921 648400 82.6446
659921 50848 69.7248
659921 5015 69.0476
659921 676419 81.0345
659921 641039 81.25
659921 647644 82.4561
659921 698554 75.4967
659921 690393 66.6667
659921 687813 74.3363
659921 9617 66.6667
659921 662831 89.6552
659921 657733 94.2029
659921 665357 97.0149
659921 34934 67.7778
659921 70804 88.0597
659921 699349 83.7209
659921 660373 94.2029
659921 47764 67.7419
659921 632484 61.6216
659921 647976 64.5161
659921 627708 60.3774
659921 647019 66.0714
659921 662830 93.8462
659921 58056 63.8743
659921 647646 72.2222
659921 625483 65.4545
659921 666386 69.7248
659921 682699 86.5672
659921 648352 73.5043
659921 78748 68.0851
659921 664941 75.6757
659921 694557 74.5763
659921 626496 65.8228
659921 641698 80.3571
659921 685583 78.2609
659921 637646 69.8113
659921 65856 66.3043
659921 673997 75.4098
659921 642654 64.8649
659921 645124 73.2143
659921 676949 65.4545
659921 665356 88.4354
659921 641530 72.7273
659921 58058 63.9594
659921 662427 94.2029
659921 640902 60.4167
659921 673653 62.9442
659921 641654 75.4386
659921 697671 73.6196
659921 623310 82.5397
659921 645098 67.2897
659921 681170 74.3802
659921 631567 66.3212
659921 628495 62
659921 668859 68.4211
659921 79589 77.5
659921 691259 61.6822
659921 614939 81.7391
659921 636661 68.4685
659921 700591 64.2202
659921 700288 62.2754
659921 665535 74.6479
659921 318534 84.7222
659921 680411 72.4138
659921 625482 65.4545
659921 666115 77.0642
659921 648540 63.4146
659921 694755 81.3559
659921 622229 63.4921
659921 638581 68.4685
659921 34929 67.8571
659921 673317 70.7182
659921 684694 87.1429
659921 632485 65.6085
659921 663417 85.5263
659921 619377 64.5669
659921 47770 61.3065
659921 295302 69.7248
659921 664893 70.6522
659921 78743 67.7596
659921 78741 67.0391
659921 638583 74.2515
659921 639767 61.3861
659921 641626 78.3333
659921 667950 62.963
659921 634555 65.9574
659921 638365 71.0059
659921 680416 74.1176
659921 624575 81.0345
659921 642655 62.0321
659921 668856 66.0714
659921 664892 72.2222
659921 701201 80.8219
659921 637643 76.7857
659921 65849 63.8298
659921 639779 72.4638
659921 681679 81.4159
659921 697598 86.4407
659921 682700 89.3617
659921 638521 70.1754
659921 612049 64.0777
659921 633810 69.7248
659921 34931 61.9565
659921 646438 68.5185
659921 615985 73.6842
659921 700290 61.5385
659921 649971 81.8898
659921 641697 80.3571
659921 64057 72.4138
0 5
1 0
2 0
3 0
4 0
5 1
6 1
7 2
8 4
9 1
10 3
11 7
12 2
13 2
14 3
15 6
16 4
17 3
18 6
19 9
20 14
21 5
22 8
23 14
24 11
25 23
26 9
27 17
28 10
29 36
30 12
31 24
32 18
33 33
34 15
35 34
36 29
37 47
38 32
39 48
40 55
41 40
42 45
43 61
44 55
45 68
46 72
47 30
48 87
49 42
50 73
51 10
52 65
53 65
54 7
55 49
56 10
57 4
58 4
59 7
60 4
61 4
62 15
63 16
64 11
65 14
66 13
67 10
68 15
69 11
70 9
71 8
72 9
73 12
74 12
75 12
76 13
77 9
78 6
79 7
80 8
81 7
82 10
83 8
84 8
85 2
86 3
87 7
88 1
89 6
90 6
91 0
92 0
93 3
94 2
95 3
96 6
97 0
98 5
99 1
100 0
101 0
27
16008
