192
2750 193341 70.2703
2750 67800 70.5882
2750 8512 68.2927
2750 58104 66.6667
2750 695648 75.6757
2750 664276 68.2927
2750 609695 71.4286
2750 662187 68.2927
2750 3428 69.7674
2750 55666 68.4211
2750 60195 80
2750 1118 72.2222
2750 180 66.6667
2750 52602 83.3333
2750 175808 80
2750 622663 71.7949
2750 57826 73.6842
2750 84223 68.75
2750 4867 72.7273
2750 526596 86.4865
2750 58579 68.4211
2750 638851 66.6667
2750 624671 68.5714
2750 301196 73.6842
2750 48122 94.4444
2750 453 94.4444
2750 132313 70
2750 403681 77.7778
2750 116544 79.0698
2750 95102 68.2927
2750 49494 69.7674
2750 701652 71.7949
2750 686574 66.6667
2750 160588 81.0811
2750 23609 70
2750 623711 68.4211
2750 82166 92.3077
2750 1986 70
2750 62659 85.7143
2750 109999 90
2750 628334 66.6667
2750 295435 70
2750 626100 68.2927
2750 7598 88.2353
2750 679577 66.6667
2750 630689 68.5714
2750 57456 78.0488
2750 174655 90
2750 623661 66.6667
2750 658772 66.6667
2750 185355 68.5714
2750 136014 66.6667
2750 658776 66.6667
2750 26211 88.2353
2750 19191 76.4706
2750 102619 75
2750 71999 91.4286
2750 677915 68.5714
2750 187521 68.2927
2750 240408 83.3333
2750 87253 68.4211
2750 2441 73.3333
2750 640439 82.9268
2750 670182 70
2750 122380 73.6842
2750 4599 79.0698
2750 620337 73.6842
2750 650611 87.1795
2750 623657 68.2927
2750 640230 69.7674
2750 139471 94.4444
2750 666677 66.6667
2750 629718 68.4211
2750 607167 71.4286
2750 96448 71.7949
2750 81549 77.7778
2750 56426 66.6667
2750 401553 75
2750 3235 88.2353
2750 10479 70.5882
2750 110344 68.4211
2750 623991 70
2750 84228 88.2353
2750 301199 80
2750 113891 68.75
2750 670181 68.4211
2750 628296 70.2703
2750 41356 70
2750 624184 74.4186
2750 104116 80
2750 116539 75
2750 672208 73.1707
2750 54128 74.4186
2750 688887 66.6667
2750 2687 83.3333
2750 8957 66.6667
2750 161621 75
2750 627073 70
2750 638603 66.6667
2750 633900 72.7273
2750 627074 70
2750 51695 88.2353
2750 25952 66.6667
2750 693427 66.6667
2750 657833 66.6667
2750 650642 66.6667
2750 630690 68.5714
2750 2253 82.3529
2750 623651 68.2927
2750 163335 94.4444
2750 23380 94.4444
2750 54088 68.4211
2750 309699 75
2750 1168 73.6842
2750 634552 68.1818
2750 161622 75
2750 4851 81.25
2750 103998 68.2927
2750 72272 78.0488
2750 15193 70
2750 624535 68.1818
2750 220327 78.0488
2750 27419 68.2927
2750 640645 70
2750 636095 69.7674
2750 98436 68.2927
2750 378242 66.6667
2750 227902 68.4211
2750 122231 77.7778
2750 22947 83.3333
2750 686466 66.6667
2750 60548 68.2927
2750 193502 73.1707
2750 3767 80
2750 613239 66.6667
2750 623648 70.2703
2750 637821 89.4737
2750 646168 66.6667
2750 623992 69.7674
2750 650786 69.7674
2750 626946 66.6667
2750 77071 76.4706
2750 8960 80
2750 64884 94.4444
2750 46798 72.2222
2750 650616 66.6667
2750 627066 75
2750 616232 66.6667
2750 29227 72.7273
2750 40252 72.2222
2750 66415 85.7143
2750 623701 73.6842
2750 83558 75
2750 71873 94.4444
2750 187538 70
2750 660640 71.7949
2750 40725 70
2750 691613 66.6667
2750 696224 68.4211
2750 688343 71.7949
2750 69607 73.1707
2750 634249 74.4186
2750 626947 72.2222
2750 620336 66.6667
2750 1163 73.6842
2750 649690 66.6667
2750 174612 80
2750 10014 83.3333
2750 650634 70
2750 8120 66.6667
2750 642788 74.2857
2750 41355 70
2750 26154 66.6667
2750 2738 80.9524
2750 667068 78.9474
2750 626865 75.6757
2750 32428 68.75
2750 624987 68.2927
2750 629494 68.2927
2750 60698 81.0811
2750 301197 80
2750 401544 68.75
2750 62660 85.7143
2750 43634 68.2927
2750 667524 82.0513
2750 625109 66.6667
2750 73709 66.6667
2750 1898 81.25
2750 689429 70
2750 26249 88.2353
2750 670180 68.4211
2750 51697 75
0 15
1 0
2 0
3 0
4 0
5 0
6 0
7 1
8 0
9 0
10 1
11 1
12 1
13 3
14 1
15 3
16 2
17 8
18 4
19 3
20 6
21 10
22 18
23 9
24 18
25 14
26 10
27 13
28 23
29 15
30 19
31 12
32 24
33 27
34 25
35 26
36 23
37 30
38 18
39 25
40 41
41 17
42 51
43 57
44 44
45 32
46 31
47 45
48 34
49 53
50 59
51 3
52 66
53 60
54 36
55 56
56 25
57 25
58 50
59 20
60 37
61 18
62 45
63 9
64 44
65 24
66 18
67 33
68 0
69 37
70 22
71 5
72 7
73 7
74 11
75 13
76 2
77 2
78 3
79 4
80 10
81 1
82 4
83 3
84 5
85 0
86 3
87 1
88 1
89 6
90 3
91 0
92 1
93 1
94 0
95 7
96 0
97 0
98 0
99 0
100 0
101 0
18
15076
