501
610185 29851 79.0698
610185 646232 84.4444
610185 638174 82.6087
610185 408564 76.5957
610185 43871 74.4186
610185 2184 76.1905
610185 626954 74.4186
610185 644914 78.2609
610185 13009 68.1818
610185 66597 73.913
610185 193517 70
610185 269161 68.1818
610185 616811 75.5556
610185 644325 66.6667
610185 638687 76.9231
610185 634304 72.3404
610185 76006 80.8511
610185 43026 86.9565
610185 643044 80.9524
610185 673919 75.5556
610185 609248 77.2727
610185 625064 75.5556
610185 661471 69.5652
610185 634581 76.5957
610185 629645 73.913
610185 8512 72.7273
610185 147110 73.913
610185 59679 68.1818
610185 140665 66.6667
610185 634617 66.6667
610185 691610 70
610185 18256 78.9474
610185 58104 75.5556
610185 522408 77.2727
610185 645600 80.8511
610185 229 72.3404
610185 691614 66.6667
610185 677507 71.4286
610185 633216 66.6667
610185 14023 68.4211
610185 638640 72.7273
610185 640331 75.5556
610185 663915 69.5652
610185 625159 72.7273
610185 186233 80
610185 632918 68.1818
610185 59628 78.2609
610185 83398 69.7674
610185 642896 66.6667
610185 650059 70
610185 639682 89.3617
610185 180 76.1905
610185 633890 69.5652
610185 691995 69.8413
610185 28142 78.0488
610185 611783 68.0851
610185 627903 71.4286
610185 664284 80
610185 631630 82.6087
610185 56501 72.7273
610185 37752 89.3617
610185 663620 66.6667
610185 329097 77.2727
610185 648929 75.5556
610185 4140 80.8511
610185 41554 72.3404
610185 609067 69.0909
610185 54829 69.7674
610185 667249 69.7674
610185 365560 72.7273
610185 20122 71.1111
610185 638129 80.8511
610185 663576 73.913
610185 4867 76.5957
610185 659122 69.5652
610185 55342 90.9091
610185 636921 81.8182
610185 79707 73.1707
610185 639772 75.8621
610185 649096 75.5556
610185 685298 66.6667
610185 672441 74.4186
610185 7760 76.1905
610185 638851 71.4286
610185 630077 79.1667
610185 651217 86.9565
610185 659234 78.2609
610185 215132 79.0698
610185 658397 69.5652
610185 215138 74.4186
610185 628265 69.7674
610185 172262 72.7273
610185 27116 71.7949
610185 634135 66.6667
610185 140025 66.6667
610185 628999 80.9524
610185 6957 70
610185 686574 71.1111
610185 30131 66.6667
610185 624006 81.8182
610185 41365 72.7273
610185 118993 78.9474
610185 617363 82.6087
610185 677514 80.9524
610185 1026 70
610185 127964 75.5556
610185 674195 86.3636
610185 698601 66.6667
610185 666439 69.5652
610185 608712 77.2727
610185 356359 68.2927
610185 636946 78.2609
610185 521887 80.9524
610185 338235 68.1818
610185 665553 75.5556
610185 621888 79.0698
610185 625186 72.3404
610185 663571 69.5652
610185 626923 75
610185 304650 80
610185 125185 66.6667
610185 619147 72.3404
610185 49210 84.4444
610185 685117 72.7273
610185 686264 76.1905
610185 160451 66.6667
610185 677916 73.1707
610185 299385 71.1111
610185 650783 71.1111
610185 617316 75
610185 623661 66.6667
610185 643729 68.0851
610185 640191 90.9091
610185 688342 71.4286
610185 646989 66.6667
610185 667276 68.1818
610185 16448 77.2727
610185 646207 66.6667
610185 649422 73.913
610185 610998 69.0909
610185 660421 69.5652
610185 647372 74.4186
610185 109884 72.7273
610185 664269 66.6667
610185 68347 70.2703
610185 646165 91.3043
610185 68955 76.1905
610185 625468 68.0851
610185 639767 78.5714
610185 626953 73.1707
610185 42443 80.8511
610185 55876 75.5556
610185 404698 76.1905
610185 18894 77.7778
610185 615009 85.1064
610185 55887 80.9524
610185 624842 68.1818
610185 683715 83.7209
610185 677513 80.9524
610185 66070 68.0851
610185 630078 79.1667
610185 2775 81.8182
610185 638686 79.0698
610185 677915 73.6842
610185 634145 74.4186
610185 680519 66.6667
610185 75707 68.0851
610185 96461 79.0698
610185 17796 71.1111
610185 3846 72.3404
610185 97219 93.3333
610185 279497 68.4211
610185 624005 81.8182
610185 677555 80.9524
610185 56470 75.5556
610185 601362 80.8511
610185 630688 80.8511
610185 405084 68.0851
610185 291559 84.4444
610185 649429 77.2727
610185 87081 72.7273
610185 348706 77.2727
610185 655264 72.7273
610185 663549 71.1111
610185 128701 73.4694
610185 629718 68.2927
610185 629474 79.0698
610185 638636 75
610185 131090 71.1111
610185 609818 76.5957
610185 632952 76.1905
610185 294731 66.6667
610185 617406 82.6087
610185 12045 66.6667
610185 636932 78.2609
610185 639683 85.1064
610185 86939 66.6667
610185 33592 80.8511
610185 53183 85.1064
610185 81549 66.6667
610185 636326 74.4186
610185 56426 66.6667
610185 670183 75.5556
610185 611078 68.2927
610185 645038 76.1905
610185 641763 81.8182
610185 63055 80.9524
610185 625464 69.7674
610185 645037 66.6667
610185 154741 69.7674
610185 627436 80.9524
610185 110344 68.2927
610185 655263 76.1905
610185 285113 85.7143
610185 634175 69.5652
610185 257830 88.8889
610185 116523 66.6667
610185 659144 72.7273
610185 328442 68.2927
610185 114022 78.9474
610185 638593 71.1111
610185 694105 84.4444
610185 680494 84.4444
610185 24711 69.7674
610185 33139 72.3404
610185 646645 76.5957
610185 624004 81.8182
610185 625042 72.3404
610185 150952 77.2727
610185 627706 67.9245
610185 84227 68.4211
610185 369774 75.5556
610185 697384 79.0698
610185 657817 68.1818
610185 646164 90.9091
610185 623635 73.913
610185 658487 66.6667
610185 646159 86.3636
610185 677512 85
610185 660053 66.6667
610185 48911 68.4211
610185 637434 82.6087
610185 624163 71.1111
610185 295302 68.75
610185 636947 78.2609
610185 364202 69.7674
610185 612765 95.6522
610185 623636 68.1818
610185 637189 72.7273
610185 634470 73.913
610185 667950 66.6667
610185 664001 70
610185 657841 71.7949
610185 291534 75.5556
610185 625471 69.7674
610185 663589 66.6667
610185 649044 78.2609
610185 661465 68.1818
610185 629243 67.7419
610185 26245 73.1707
610185 20985 70
610185 202930 75
610185 631648 91.3043
610185 72288 85.1064
610185 644433 73.913
610185 641530 67.6923
610185 636935 78.2609
610185 671283 71.1864
610185 683892 71.1111
610185 645335 79.1667
610185 667470 77.2727
610185 66479 78.9474
610185 689418 66.6667
610185 662771 69.5652
610185 99002 74.4186
610185 404000 84.4444
610185 664977 69.7674
610185 657815 68.2927
610185 617628 82.6087
610185 611545 69.5652
610185 663921 70
610185 619101 93.617
610185 56497 89.3617
610185 625027 68.2927
610185 634303 72.3404
610185 672018 68.1818
610185 382814 79.0698
610185 657809 80.8511
610185 625792 71.1111
610185 633220 66.6667
610185 64013 76.1905
610185 38231 72.7273
610185 693427 66.6667
610185 44675 79.0698
610185 656392 76.5957
610185 603977 69.7674
610185 79447 68.1818
610185 634193 69.7674
610185 636929 81.8182
610185 67437 80.8511
610185 659975 75.5556
610185 122751 74.4186
610185 40553 90.9091
610185 63917 76.5957
610185 651218 86.9565
610185 624003 78.2609
610185 624386 68.0851
610185 4771 76.1905
610185 71320 79.0698
610185 681316 68.1818
610185 116363 75.5556
610185 635960 77.2727
610185 128160 79.0698
610185 602909 69.5652
610185 657843 76.5957
610185 58895 77.2727
610185 102624 74.4186
610185 636086 78.2609
610185 309699 69.7674
610185 628495 69.0909
610185 649441 73.913
610185 58030 66.6667
610185 10549 80
610185 654114 75.5556
610185 42080 71.7949
610185 663914 72.7273
610185 16634 77.2727
610185 43030 78.2609
610185 405968 76.5957
610185 646210 68.0851
610185 665282 71.1111
610185 169105 81.8182
610185 695625 77.7778
610185 648928 69.7674
610185 656391 66.6667
610185 636924 81.8182
610185 633174 70.8333
610185 661128 72.3404
610185 43395 66.6667
610185 12463 75.5556
610185 382815 75.5556
610185 63911 80
610185 633868 74.4186
610185 624535 68.0851
610185 99331 78.0488
610185 603719 80
610185 663936 73.913
610185 174620 82.9268
610185 617629 75.5556
610185 636095 69.5652
610185 625421 66.6667
610185 164614 76.1905
610185 4971 76.1905
610185 622145 73.913
610185 657560 82.6087
610185 345650 66.6667
610185 81669 75.5556
610185 608710 77.2727
610185 625239 73.913
610185 634293 71.1111
610185 657805 73.1707
610185 60275 76.5957
610185 646168 71.1111
610185 650034 71.1111
610185 617633 68.1818
610185 284701 71.1111
610185 623992 78.2609
610185 635968 71.4286
610185 73819 66.6667
610185 638173 82.6087
610185 52350 82.6087
610185 650981 66.6667
610185 657812 80.8511
610185 666530 66.6667
610185 630915 68.1818
610185 309708 74.2857
610185 36283 77.2727
610185 38468 72.7273
610185 691259 67.7419
610185 641165 80.8511
610185 636784 82.6087
610185 625462 66.6667
610185 657836 66.6667
610185 627226 80.9524
610185 371727 72.7273
610185 617409 80
610185 108408 67.7419
610185 149987 72.7273
610185 658779 66.6667
610185 62009 78.2609
610185 637006 82.6087
610185 56148 66.6667
610185 649436 78.2609
610185 647068 80.8511
610185 636941 81.8182
610185 672019 68.1818
610185 664853 66.6667
610185 54833 69.5652
610185 43798 82.6087
610185 194315 68.1818
610185 660640 76.1905
610185 656987 69.7674
610185 278461 71.1111
610185 620248 80
610185 634171 72.3404
610185 635034 66.6667
610185 696224 68.2927
610185 7636 95.2381
610185 694315 74.4186
610185 241113 66.6667
610185 255115 77.2727
610185 601307 79.0698
610185 644432 73.913
610185 209084 79.0698
610185 617370 73.913
610185 99871 70
610185 125718 80.9524
610185 404827 75
610185 668362 80
610185 297577 71.1111
610185 644871 78.2609
610185 685303 68.1818
610185 347504 76.1905
610185 695218 72.7273
610185 8774 84.4444
610185 677917 76.1905
610185 649690 66.6667
610185 18255 78.9474
610185 649428 73.913
610185 609816 68.4211
610185 102851 71.1111
610185 698558 79.0698
610185 43870 74.4186
610185 629424 72.3404
610185 638641 75.5556
610185 60734 71.1111
610185 699206 68.1818
610185 158037 74.4186
610185 25397 80
610185 658533 68.0851
610185 679825 72.4138
610185 624162 68.0851
610185 120309 68.2927
610185 640902 70.5882
610185 8120 66.6667
610185 657562 66.6667
610185 5553 71.4286
610185 663935 71.4286
610185 649425 73.913
610185 56138 80
610185 56869 85.1064
610185 54855 80.8511
610185 45164 81.8182
610185 26154 71.7949
610185 663951 66.6667
610185 639840 66.6667
610185 66069 72.3404
610185 74468 71.4286
610185 615011 88.8889
610185 600388 80.9524
610185 656400 76.5957
610185 294868 68.1818
610185 646001 69.5652
610185 623832 66.6667
610185 71439 69.5652
610185 634306 72.3404
610185 142693 78.9474
610185 135284 70
610185 649427 73.913
610185 632227 66.6667
610185 256 73.913
610185 675215 69.7674
610185 839 68.2927
610185 680715 76.1905
610185 84552 72.7273
610185 644932 68.1818
610185 57549 68.1818
610185 163661 72.7273
610185 631956 71.1111
610185 72286 85.1064
610185 659342 80.8511
610185 66688 77.2727
610185 8395 85.7143
610185 20121 75.5556
610185 98431 68.2927
610185 31976 69.7674
610185 80747 68.2927
610185 131312 81.0811
610185 649424 82.6087
610185 635820 69.5652
610185 364093 68.1818
610185 622636 75.5556
610185 405554 80
610185 645334 78.2609
610185 654113 75.5556
610185 645089 84.4444
610185 644333 71.1111
610185 629273 68.8525
610185 659274 71.1111
610185 657803 71.1111
610185 624231 67.7966
0 5
1 0
2 0
3 0
4 0
5 3
6 7
7 2
8 1
9 0
10 7
11 3
12 1
13 1
14 3
15 0
16 0
17 0
18 2
19 1
20 6
21 9
22 8
23 6
24 5
25 14
26 1
27 10
28 8
29 10
30 28
31 26
32 16
33 16
34 10
35 16
36 11
37 14
38 12
39 10
40 27
41 12
42 38
43 29
44 34
45 29
46 16
47 30
48 16
49 42
50 41
51 3
52 40
53 40
54 27
55 41
56 34
57 27
58 64
59 27
60 60
61 58
62 32
63 41
64 52
65 22
66 47
67 55
68 6
69 53
70 48
71 3
72 37
73 36
74 25
75 20
76 26
77 29
78 18
79 25
80 29
81 27
82 12
83 14
84 1
85 9
86 8
87 5
88 0
89 2
90 3
91 4
92 2
93 0
94 2
95 0
96 2
97 0
98 0
99 0
100 0
101 0
18
17252
