0
0 0
1 0
2 0
3 0
4 0
5 0
6 0
7 0
8 1
9 1
10 0
11 0
12 0
13 0
14 0
15 0
16 0
17 0
18 0
19 0
20 2
21 2
22 1
23 2
24 1
25 1
26 1
27 3
28 3
29 2
30 3
31 6
32 6
33 4
34 10
35 7
36 10
37 8
38 12
39 12
40 15
41 12
42 17
43 16
44 22
45 30
46 32
47 18
48 43
49 32
50 39
51 30
52 43
53 40
54 41
55 39
56 47
57 46
58 68
59 48
60 66
61 46
62 62
63 60
64 69
65 56
66 49
67 48
68 57
69 44
70 35
71 47
72 41
73 46
74 32
75 37
76 21
77 14
78 23
79 21
80 13
81 9
82 8
83 6
84 5
85 4
86 5
87 1
88 0
89 1
90 1
91 0
92 1
93 0
94 0
95 0
96 0
97 0
98 0
99 0
100 0
101 0
21
14310
