47
3051 526046 60.8696
3051 632231 60
3051 648146 60.8696
3051 93489 63.1579
3051 244819 60
3051 38256 63.6364
3051 114022 60.8696
3051 362133 63.6364
3051 646177 63.1579
3051 677499 63.6364
3051 6745 66.6667
3051 609817 66.6667
3051 32065 75
3051 73198 60.8696
3051 193514 60.8696
3051 690691 60.8696
3051 38250 66.6667
3051 142693 60.8696
3051 2858 66.6667
3051 679482 60.8696
3051 48911 60.8696
3051 4120 66.6667
3051 692226 63.6364
3051 643467 63.6364
3051 92220 63.6364
3051 682811 63.6364
3051 42903 60.8696
3051 84227 60.8696
3051 328820 60.8696
3051 209913 73.6842
3051 625028 63.6364
3051 647530 60
3051 631460 60
3051 646161 60
3051 677915 60.8696
3051 131312 63.6364
3051 25855 60.8696
3051 348404 70
3051 631634 60.8696
3051 18894 66.6667
3051 125185 66.6667
3051 14787 60.8696
3051 7887 60.8696
3051 23272 60.8696
3051 72982 63.6364
3051 60188 66.6667
3051 45956 66.6667
0 5
1 0
2 0
3 0
4 0
5 4
6 3
7 6
8 20
9 18
10 13
11 28
12 35
13 29
14 20
15 18
16 17
17 17
18 21
19 27
20 27
21 6
22 22
23 11
24 13
25 58
26 66
27 71
28 44
29 50
30 44
31 33
32 36
33 35
34 70
35 52
36 57
37 11
38 30
39 52
40 45
41 0
42 57
43 43
44 65
45 31
46 61
47 103
48 19
49 72
50 61
51 0
52 57
53 12
54 29
55 7
56 38
57 0
58 4
59 17
60 5
61 18
62 0
63 0
64 12
65 0
66 0
67 9
68 0
69 0
70 1
71 0
72 0
73 0
74 1
75 1
76 0
77 0
78 0
79 0
80 0
81 0
82 0
83 0
84 0
85 0
86 0
87 0
88 0
89 0
90 0
91 0
92 0
93 0
94 0
95 0
96 0
97 0
98 0
99 0
100 0
101 0
17
19937
