542
378242 356359 66.6667
378242 623657 61.9048
378242 290504 76.4706
378242 329097 61.9048
378242 55887 65
378242 679542 63.4146
378242 57456 66.6667
378242 1088 76.9231
378242 56138 60.4651
378242 701652 60
378242 632922 61.1111
378242 299385 69.7674
378242 650641 83.7209
378242 122681 87.8049
378242 294868 61.9048
378242 40553 61.9048
378242 673919 60.4651
378242 637189 61.9048
378242 650648 90
378242 633216 60.4651
378242 688342 65
378242 656388 60.4651
378242 630078 78.2609
378242 683715 63.4146
378242 622153 62.5
378242 526046 66.6667
378242 63917 71.1111
378242 80747 66.6667
378242 291559 60.4651
378242 12045 60.4651
378242 623021 69.7674
378242 625231 86.3636
378242 689429 63.4146
378242 659975 69.7674
378242 9076 80
378242 102624 63.4146
378242 634552 75.5556
378242 81626 63.4146
378242 4971 65
378242 73709 60.4651
378242 625792 60.4651
378242 666728 63.4146
378242 1185 61.5385
378242 621194 68.1818
378242 649425 63.6364
378242 665122 60.4651
378242 608710 76.1905
378242 38231 61.9048
378242 528168 61.5385
378242 631956 60.4651
378242 686574 83.7209
378242 8395 60
378242 698558 63.4146
378242 635968 65
378242 175808 73.1707
378242 643344 84.4444
378242 355954 61.5385
378242 698126 66.6667
378242 609816 66.6667
378242 658779 75
378242 630688 84.4444
378242 657815 66.6667
378242 627903 60
378242 55666 61.5385
378242 110344 61.5385
378242 4857 62.8571
378242 167881 63.4146
378242 41365 61.9048
378242 24303 80.9524
378242 617629 60.4651
378242 625446 63.4146
378242 641831 61.9048
378242 649429 66.6667
378242 679 61.5385
378242 99002 78.0488
378242 227902 61.5385
378242 68347 68.5714
378242 649690 60
378242 71381 60
378242 149704 73.6842
378242 98436 61.9048
378242 74468 60
378242 109825 63.1579
378242 185354 76.4706
378242 630077 78.2609
378242 371727 61.9048
378242 99331 66.6667
378242 626953 66.6667
378242 658782 71.7949
378242 17796 65.1163
378242 610185 61.9048
378242 677547 80
378242 634249 77.2727
378242 16448 61.9048
378242 161622 68.2927
378242 241113 74.4186
378242 689418 60
378242 18256 66.6667
378242 645089 60.4651
378242 624188 68.1818
378242 637006 63.6364
378242 655263 60
378242 604781 82.9268
378242 186053 60.4651
378242 629036 76.9231
378242 624184 68.1818
378242 640191 61.9048
378242 175811 70.2703
378242 122751 63.4146
378242 5553 60
378242 686264 65
378242 650034 60.4651
378242 623661 65
378242 109884 61.9048
378242 636098 71.4286
378242 623648 63.1579
378242 640645 68.2927
378242 649422 63.6364
378242 659144 71.4286
378242 650786 77.2727
378242 625196 63.1579
378242 72272 66.6667
378242 640331 60.4651
378242 125718 65
378242 628815 78.0488
378242 145081 79.0698
378242 643044 65
378242 380271 78.0488
378242 114022 61.1111
378242 624005 61.9048
378242 648475 75.6757
378242 662876 68.2927
378242 96448 65
378242 32363 66.6667
378242 55619 60.4651
378242 10549 60.4651
378242 624004 61.9048
378242 627377 60.4651
378242 640439 71.4286
378242 328442 71.7949
378242 646222 60.4651
378242 28142 66.6667
378242 66597 68.1818
378242 647372 63.4146
378242 691614 60
378242 700601 61.9048
378242 294109 63.4146
378242 603719 60.4651
378242 619101 71.1111
378242 660420 61.1111
378242 608712 76.1905
378242 14023 72.2222
378242 684041 60
378242 602908 63.4146
378242 646176 61.1111
378242 298812 69.7674
378242 625462 60.4651
378242 667068 61.5385
378242 342008 73.1707
378242 301197 63.4146
378242 657806 66.6667
378242 616256 65
378242 650800 76.1905
378242 622652 71.1111
378242 33610 75.5556
378242 681316 76.1905
378242 639840 65.2174
378242 641997 75.5556
378242 664276 66.6667
378242 194315 66.6667
378242 677514 65
378242 677513 65
378242 617395 61.9048
378242 628867 61.9048
378242 56501 71.4286
378242 679579 61.9048
378242 638702 65.1163
378242 71999 61.1111
378242 161621 68.2927
378242 124997 61.5385
378242 621888 63.4146
378242 652546 68.1818
378242 38468 61.9048
378242 255115 66.6667
378242 1163 61.5385
378242 677434 82.0513
378242 663780 63.6364
378242 664284 60.4651
378242 645038 60
378242 677507 60
378242 49210 74.4186
378242 4646 64.5161
378242 626954 63.4146
378242 630690 66.6667
378242 632952 65
378242 658464 60
378242 1168 61.5385
378242 650709 64.8649
378242 43871 63.4146
378242 669273 60
378242 81656 68.4211
378242 623991 63.4146
378242 127964 60.4651
378242 269613 85.7143
378242 644325 65
378242 2743 74.4186
378242 638641 60.4651
378242 646164 61.9048
378242 96788 61.1111
378242 382814 63.4146
378242 403681 70.2703
378242 7760 65
378242 160497 61.9048
378242 679577 60.4651
378242 658774 60.4651
378242 51867 61.5385
378242 677510 61.9048
378242 600388 65
378242 241173 63.1579
378242 625063 63.4146
378242 522408 61.9048
378242 625465 60.4651
378242 626947 64.8649
378242 229 71.1111
378242 59679 61.9048
378242 626539 70
378242 140665 65
378242 160588 63.1579
378242 654113 60.4651
378242 118993 66.6667
378242 453 70.2703
378242 120309 61.5385
378242 202965 68.4211
378242 623992 77.2727
378242 628999 65
378242 629009 60.4651
378242 697943 74.4186
378242 620248 63.1579
378242 670183 60.4651
378242 36283 61.9048
378242 20122 65.1163
378242 6957 68.4211
378242 650981 75
378242 625471 63.4146
378242 220327 66.6667
378242 633868 78.0488
378242 372360 65.1163
378242 622636 60.4651
378242 294110 63.4146
378242 641165 71.1111
378242 607167 60.4651
378242 49348 72.2222
378242 666530 65
378242 6746 62.5
378242 30798 60.4651
378242 634135 60.4651
378242 657562 65
378242 83398 63.4146
378242 142693 61.1111
378242 16634 61.9048
378242 629718 61.5385
378242 404000 74.4186
378242 51697 63.4146
378242 2253 62.8571
378242 169105 61.9048
378242 677555 65
378242 664853 60
378242 102318 63.4146
378242 66070 71.1111
378242 309708 66.6667
378242 645924 71.7949
378242 670181 82.0513
378242 685117 61.9048
378242 670149 65
378242 81669 60.4651
378242 650625 92.6829
378242 636993 75.5556
378242 658487 60.4651
378242 158037 82.9268
378242 64013 65
378242 630692 62.2222
378242 40450 61.9048
378242 97219 60.4651
378242 687618 73.1707
378242 650624 86.3636
378242 43026 68.1818
378242 365560 80.9524
378242 179790 66.6667
378242 656084 61.9048
378242 23380 70.2703
378242 7636 65
378242 102851 60.4651
378242 14549 61.9048
378242 43395 75
378242 628265 63.4146
378242 25952 60.4651
378242 55342 61.9048
378242 657817 61.9048
378242 672208 71.4286
378242 49494 77.2727
378242 96461 63.4146
378242 400230 64.8649
378242 9659 60
378242 660640 75
378242 625469 60.4651
378242 193521 63.1579
378242 625042 71.1111
378242 128160 63.4146
378242 43870 63.4146
378242 180 65
378242 633011 66.6667
378242 382815 60.4651
378242 656386 60.4651
378242 116539 82.9268
378242 33377 63.4146
378242 116523 65.1163
378242 635960 61.9048
378242 369774 60.4651
378242 1986 63.4146
378242 694105 60.4651
378242 677512 68.4211
378242 627435 66.6667
378242 2750 66.6667
378242 116363 60.4651
378242 47695 61.9048
378242 42903 61.1111
378242 136014 70
378242 644273 63.1579
378242 297577 69.7674
378242 650639 82.9268
378242 291305 61.9048
378242 691610 63.1579
378242 1126 81.0811
378242 677920 61.5385
378242 12463 60.4651
378242 309699 82.9268
378242 617368 61.5385
378242 209084 73.1707
378242 631315 63.4146
378242 164614 65
378242 680715 65
378242 74517 72.2222
378242 138305 63.1579
378242 642896 60
378242 658533 80
378242 666665 60.4651
378242 638640 61.9048
378242 73166 66.6667
378242 40484 81.8182
378242 624535 71.1111
378242 667850 61.9048
378242 202537 62.5
378242 672018 71.4286
378242 8512 61.9048
378242 111920 82.9268
378242 31976 63.4146
378242 649428 63.6364
378242 404827 63.1579
378242 160587 71.4286
378242 609696 72.7273
378242 654114 74.4186
378242 670182 82.9268
378242 342024 75.6757
378242 636095 68.1818
378242 665553 60.4651
378242 68955 60
378242 617409 60.4651
378242 651936 75.6757
378242 161601 63.4146
378242 34632 72.7273
378242 294731 60
378242 623636 61.9048
378242 650783 83.7209
378242 45164 71.4286
378242 656986 72.2222
378242 8774 60.4651
378242 697384 63.4146
378242 43285 70
378242 627226 65
378242 657803 60.4651
378242 629474 63.4146
378242 67800 68.5714
378242 637821 66.6667
378242 634293 60.4651
378242 191990 61.9048
378242 63862 60.4651
378242 670179 82.0513
378242 185355 66.6667
378242 650798 78.9474
378242 634151 62.8571
378242 63055 65
378242 20985 63.1579
378242 650616 74.4186
378242 633879 60.4651
378242 662187 61.9048
378242 627436 65
378242 73248 62.2222
378242 677516 61.9048
378242 29851 78.0488
378242 278461 60.4651
378242 624163 83.7209
378242 8120 60.4651
378242 668362 63.1579
378242 623832 60.4651
378242 231338 73.1707
378242 657836 60.4651
378242 696224 66.6667
378242 650610 61.9048
378242 657805 66.6667
378242 650611 60
378242 616811 60.4651
378242 174612 78.0488
378242 640230 68.1818
378242 684074 60.4651
378242 672960 65
378242 650634 87.8049
378242 624162 80
378242 670148 60.4651
378242 84552 76.1905
378242 629038 68.1818
378242 326651 60.4651
378242 633553 63.6364
378242 311941 80
378242 625186 84.4444
378242 39362 66.6667
378242 122640 85.7143
378242 683892 60.4651
378242 625464 63.4146
378242 174620 66.6667
378242 131312 62.8571
378242 295156 68.4211
378242 692011 60.4651
378242 646162 62.8571
378242 672798 63.4146
378242 660053 60.4651
378242 71320 63.4146
378242 63911 60.4651
378242 58895 61.9048
378242 26154 64.8649
378242 66479 66.6667
378242 677545 84.2105
378242 630076 78.2609
378242 693424 68.4211
378242 663576 63.6364
378242 638851 65
378242 109999 73.1707
378242 82166 75
378242 609819 61.5385
378242 301196 61.5385
378242 625064 74.4186
378242 667470 61.9048
378242 103998 66.6667
378242 86939 60
378242 41554 75.5556
378242 663927 60.4651
378242 662782 73.6842
378242 18255 66.6667
378242 409127 66.6667
378242 86080 74.4186
378242 624006 61.9048
378242 634163 63.4146
378242 627222 68.2927
378242 649096 60.4651
378242 642788 61.1111
378242 105373 65
378242 1026 63.1579
378242 10121 60.4651
378242 4867 71.1111
378242 58104 74.4186
378242 667276 76.1905
378242 609694 71.7949
378242 646166 66.6667
378242 521887 65
378242 1118 81.0811
378242 624151 65
378242 644932 61.9048
378242 55876 60.4651
378242 674195 61.9048
378242 648929 74.4186
378242 635820 63.6364
378242 348706 61.9048
378242 3235 62.8571
378242 632921 61.1111
378242 202930 63.1579
378242 3124 63.1579
378242 4771 60
378242 14787 61.1111
378242 603977 92.6829
378242 327982 70.2703
378242 616278 63.4146
378242 624051 65.2174
378242 60698 84.2105
378242 27116 64.8649
378242 633900 75.5556
378242 617633 61.9048
378242 2775 61.9048
378242 646159 71.4286
378242 609820 61.5385
378242 54128 72.7273
378242 631808 73.1707
378242 636326 63.4146
378242 672019 71.4286
378242 331770 61.9048
378242 646207 60.4651
378242 66688 61.9048
378242 285113 65
378242 649097 75.5556
378242 301199 63.4146
378242 157913 89.4737
378242 649092 71.4286
378242 627011 60
378242 699206 66.6667
378242 638603 64.8649
378242 609248 61.9048
378242 649427 63.6364
378242 615011 60.4651
378242 609695 74.4186
378242 193341 78.9474
378242 677917 60
378242 327445 76.9231
378242 81549 64.8649
378242 79707 66.6667
378242 2741 68.2927
378242 51337 61.5385
378242 650643 89.4737
378242 663914 61.9048
378242 655039 83.3333
378242 56470 60.4651
378242 75707 66.6667
378242 632918 61.9048
378242 140121 79.0698
378242 25397 60.4651
378242 627175 72.2222
378242 636086 63.6364
378242 665282 60.4651
378242 630691 60.4651
378242 131090 60.4651
378242 627066 68.2927
378242 3609 78.9474
378242 663935 65
378242 634241 63.4146
378242 404698 60
0 17
1 0
2 0
3 0
4 0
5 4
6 1
7 1
8 5
9 0
10 0
11 4
12 2
13 5
14 4
15 10
16 6
17 2
18 7
19 9
20 13
21 10
22 16
23 21
24 7
25 7
26 16
27 16
28 25
29 31
30 37
31 15
32 25
33 34
34 28
35 21
36 14
37 22
38 29
39 21
40 47
41 9
42 35
43 31
44 23
45 35
46 23
47 37
48 39
49 50
50 43
51 0
52 47
53 32
54 47
55 50
56 54
57 27
58 113
59 42
60 116
61 77
62 90
63 11
64 70
65 45
66 7
67 41
68 0
69 24
70 8
71 5
72 24
73 8
74 9
75 17
76 10
77 11
78 4
79 12
80 7
81 2
82 3
83 10
84 5
85 5
86 2
87 2
88 2
89 0
90 3
91 0
92 0
93 2
94 0
95 0
96 0
97 0
98 0
99 0
100 0
101 0
21
21300
