330
657840 646163 69.3878
657840 646222 66.6667
657840 10121 79.1667
657840 341865 85.7143
657840 145081 79.1667
657840 629009 75
657840 646166 68.1818
657840 311941 75.5556
657840 631958 70.8333
657840 294109 73.913
657840 632386 72
657840 636942 69.3878
657840 627383 76
657840 656386 95.8333
657840 295156 74.4186
657840 634241 73.913
657840 645978 80
657840 672960 66.6667
657840 32363 77.2727
657840 641831 76.5957
657840 677920 68.1818
657840 646204 88
657840 657811 72
657840 636473 80
657840 34551 69.3878
657840 651220 77.551
657840 630262 72
657840 627435 73.1707
657840 641635 66.6667
657840 660048 80
657840 81626 73.913
657840 400230 71.4286
657840 19984 78.2609
657840 625381 69.2308
657840 677516 68.0851
657840 63862 79.1667
657840 646203 88
657840 638174 73.4694
657840 636790 71.875
657840 408564 72
657840 43871 73.913
657840 2184 66.6667
657840 626954 86.9565
657840 644914 69.3878
657840 644325 84.4444
657840 638532 66.6667
657840 634304 72
657840 643044 71.1111
657840 673919 70.8333
657840 609248 72.3404
657840 625064 70.8333
657840 629645 69.3878
657840 650610 72.3404
657840 147110 77.551
657840 59679 72.3404
657840 625063 91.3043
657840 140665 88.8889
657840 58104 66.6667
657840 522408 72.3404
657840 645600 72
657840 648352 66.6667
657840 628867 80.8511
657840 633216 87.5
657840 666436 89.7959
657840 640331 75
657840 55666 68.1818
657840 186233 75
657840 124997 72.7273
657840 180 66.6667
657840 633890 81.6327
657840 625795 100
657840 28142 68.1818
657840 631630 77.551
657840 602908 78.2609
657840 37752 68
657840 625642 71.4286
657840 622663 66.6667
657840 4140 72
657840 656393 88
657840 697943 79.1667
657840 638129 72
657840 663576 73.4694
657840 641661 66.6667
657840 79707 68.1818
657840 638851 66.6667
657840 641654 69.4444
657840 215138 69.5652
657840 628265 86.9565
657840 27116 71.4286
657840 634135 70.8333
657840 140025 66.6667
657840 675282 69.4444
657840 628999 75.5556
657840 701652 66.6667
657840 617378 77.551
657840 30131 66.6667
657840 624006 68.0851
657840 617363 73.4694
657840 1026 74.4186
657840 698601 66.6667
657840 627377 66.6667
657840 666439 89.7959
657840 1986 73.913
657840 665553 79.1667
657840 621888 69.5652
657840 624349 69.3878
657840 670148 87.5
657840 679577 66.6667
657840 630689 73.1707
657840 623661 66.6667
657840 643729 80
657840 640191 68.0851
657840 631128 96
657840 688342 66.6667
657840 670150 73.913
657840 667276 68.0851
657840 16448 76.5957
657840 646207 87.5
657840 56357 90.566
657840 649422 69.3878
657840 12148 93.8776
657840 660421 69.3878
657840 647372 86.9565
657840 646165 69.3878
657840 625468 96
657840 626953 81.8182
657840 42443 68
657840 55876 70.8333
657840 55887 71.1111
657840 625465 87.5
657840 617395 68.0851
657840 96461 73.913
657840 34460 90.566
657840 97219 66.6667
657840 624005 68.0851
657840 56470 75
657840 700123 69.3878
657840 405084 80
657840 291559 75
657840 628996 96
657840 649429 68.0851
657840 670182 73.913
657840 658698 85.7143
657840 87081 72.3404
657840 679542 78.2609
657840 679579 72.3404
657840 650624 69.3878
657840 160497 72.3404
657840 131090 75
657840 632952 84.4444
657840 12045 87.5
657840 33592 76
657840 657807 100
657840 294110 78.2609
657840 636326 69.5652
657840 56426 75
657840 670183 79.1667
657840 659301 72
657840 625794 97.9592
657840 628979 77.551
657840 625464 86.9565
657840 154741 73.913
657840 627436 71.1111
657840 110344 68.1818
657840 623991 69.5652
657840 655263 66.6667
657840 631808 69.5652
657840 688039 90.1961
657840 670181 72.7273
657840 630691 66.6667
657840 638593 66.6667
657840 631315 78.2609
657840 609819 68.1818
657840 55619 79.1667
657840 33139 80
657840 624004 76.5957
657840 645098 67.6923
657840 625042 72
657840 656388 95.8333
657840 124081 89.7959
657840 369774 75
657840 640892 90.566
657840 697384 73.913
657840 657817 76.5957
657840 625144 75
657840 623635 69.3878
657840 102318 86.9565
657840 364202 69.5652
657840 612765 69.3878
657840 625471 86.9565
657840 601821 77.551
657840 649044 73.4694
657840 629243 67.6923
657840 20985 74.4186
657840 644433 77.551
657840 73166 72.7273
657840 645335 82.3529
657840 667470 85.1064
657840 662771 81.6327
657840 633221 85.7143
657840 99002 69.5652
657840 404000 66.6667
657840 657815 77.2727
657840 616278 78.2609
657840 634714 96
657840 634303 72
657840 657809 72
657840 625792 91.6667
657840 633220 87.5
657840 64013 71.1111
657840 25952 79.1667
657840 30798 83.3333
657840 637493 66.6667
657840 693427 75.5556
657840 656392 88
657840 630690 73.1707
657840 628244 98.0392
657840 122751 69.5652
657840 624003 69.3878
657840 624386 88
657840 663585 85.7143
657840 128160 69.5652
657840 602909 85.7143
657840 657843 80
657840 58895 68.0851
657840 1168 68.1818
657840 649441 69.3878
657840 634552 72
657840 58030 70.5882
657840 654114 70.8333
657840 16634 72.3404
657840 405968 68
657840 646210 92
657840 169105 68.0851
657840 656391 87.5
657840 633174 74.5098
657840 661128 80
657840 63911 83.3333
657840 665122 95.8333
657840 656390 88
657840 663936 69.3878
657840 174620 68.1818
657840 617629 70.8333
657840 98436 76.5957
657840 676419 67.5676
657840 4971 66.6667
657840 634293 66.6667
657840 657805 81.8182
657840 60275 72
657840 650034 91.6667
657840 284701 66.6667
657840 635968 71.1111
657840 638173 73.4694
657840 651330 69.3878
657840 52350 73.4694
657840 650981 80
657840 657812 72
657840 666530 75.5556
657840 36283 72.3404
657840 86080 79.1667
657840 636784 77.551
657840 650616 70.8333
657840 625462 91.6667
657840 657836 95.8333
657840 650609 69.3878
657840 371727 68.0851
657840 617409 70.8333
657840 649436 77.551
657840 647068 72
657840 625446 73.913
657840 609820 68.1818
657840 54833 77.551
657840 660640 66.6667
657840 625412 84
657840 278461 70.8333
657840 651324 69.3878
657840 634171 68
657840 644432 77.551
657840 617370 77.551
657840 125718 75.5556
657840 666728 73.913
657840 666432 85.7143
657840 1163 68.1818
657840 347504 75.5556
657840 8774 75
657840 677917 66.6667
657840 649428 73.4694
657840 102851 70.8333
657840 43870 73.913
657840 699339 66.6667
657840 638641 75
657840 25397 66.6667
657840 679825 75.4098
657840 640902 81.4815
657840 657562 66.6667
657840 649425 73.4694
657840 681679 70.4225
657840 56138 79.1667
657840 54855 72
657840 638534 68.4932
657840 26154 71.4286
657840 2738 70.8333
657840 665536 68.4932
657840 615011 66.6667
657840 600388 66.6667
657840 656400 88
657840 646001 69.3878
657840 640890 94.3396
657840 634306 72
657840 649427 73.4694
657840 666665 66.6667
657840 74380 98.0392
657840 83653 85.7143
657840 680715 66.6667
657840 644932 76.5957
657840 670179 72.7273
657840 118151 73.4694
657840 631956 79.1667
657840 659342 80
657840 80747 77.2727
657840 649424 81.6327
657840 656387 92
657840 622636 66.6667
657840 670180 72.7273
657840 645334 85.7143
657840 689210 93.8776
657840 654113 75
657840 645089 70.8333
657840 659274 79.1667
657840 657803 91.6667
0 17
1 0
2 0
3 0
4 0
5 0
6 1
7 0
8 0
9 6
10 6
11 6
12 2
13 4
14 13
15 10
16 0
17 4
18 9
19 8
20 9
21 10
22 16
23 14
24 12
25 19
26 15
27 17
28 19
29 14
30 25
31 18
32 29
33 26
34 42
35 47
36 21
37 36
38 28
39 26
40 60
41 23
42 45
43 25
44 29
45 37
46 31
47 27
48 48
49 52
50 44
51 6
52 40
53 43
54 43
55 41
56 61
57 33
58 33
59 35
60 70
61 37
62 29
63 37
64 63
65 11
66 53
67 38
68 7
69 23
70 32
71 15
72 28
73 14
74 26
75 16
76 9
77 6
78 15
79 6
80 22
81 1
82 6
83 1
84 3
85 2
86 9
87 6
88 14
89 1
90 3
91 4
92 7
93 0
94 2
95 1
96 8
97 0
98 1
99 2
100 0
101 2
18
21922
