716
622644 646707 73.4694
622644 646163 75
622644 638607 79.0698
622644 186053 85.1064
622644 38243 74.4186
622644 664551 76.1905
622644 67594 70.8333
622644 405288 74.4186
622644 677501 69.5652
622644 643483 68.2927
622644 10121 68.0851
622644 241173 76.1905
622644 3124 71.4286
622644 647646 67.6923
622644 646166 74.4186
622644 402579 73.913
622644 683370 71.4286
622644 624051 76
622644 87254 66.6667
622644 631958 68.0851
622644 1185 83.7209
622644 111180 69.7674
622644 526046 75
622644 294109 66.6667
622644 693218 72.7273
622644 326397 72.3404
622644 63599 70.8333
622644 639681 77.551
622644 12752 74.4186
622644 632386 73.4694
622644 25413 69.3878
622644 627383 77.551
622644 662765 70.8333
622644 355954 74.4186
622644 295156 71.4286
622644 372155 80
622644 10006 76.5957
622644 637519 91.3043
622644 79016 76.5957
622644 36603 69.7674
622644 372360 72.3404
622644 634241 71.1111
622644 624720 76.5957
622644 629119 77.551
622644 642604 87.5
622644 20579 78.2609
622644 638684 79.1667
622644 677510 69.5652
622644 672960 72.7273
622644 616256 72.7273
622644 58978 66.6667
622644 660165 79.1667
622644 690415 82.6087
622644 32363 69.7674
622644 641831 69.5652
622644 278175 81.8182
622644 105373 72.7273
622644 331770 69.5652
622644 677920 69.7674
622644 70896 68.0851
622644 657811 77.551
622644 655359 72.3404
622644 636473 77.551
622644 34551 66.6667
622644 651220 70.8333
622644 630262 69.3878
622644 686665 71.1111
622644 644297 74.4186
622644 13687 78.2609
622644 643495 66.6667
622644 627725 66.6667
622644 57696 68.1818
622644 66476 69.3878
622644 15130 80
622644 400230 73.1707
622644 630911 68.1818
622644 380271 66.6667
622644 641997 73.4694
622644 177950 68.0851
622644 634163 80
622644 72366 75
622644 47695 78.2609
622644 612049 76.6667
622644 76010 71.1111
622644 649649 73.0159
622644 625381 70.5882
622644 650911 73.4694
622644 680859 81.8182
622644 700601 73.913
622644 677516 73.913
622644 73198 70
622644 610185 73.913
622644 38252 76.1905
622644 667850 73.913
622644 29851 75.5556
622644 154880 75.5556
622644 646232 76.5957
622644 602890 72.7273
622644 30724 77.2727
622644 684792 78.2609
622644 68888 68.2927
622644 755 66.6667
622644 43871 75.5556
622644 2184 68.1818
622644 626954 71.1111
622644 644914 66.6667
622644 66597 75
622644 634151 66.6667
622644 45762 73.4694
622644 193517 85.7143
622644 57547 77.2727
622644 269161 69.5652
622644 616811 85.1064
622644 38709 69.7674
622644 638687 78.0488
622644 51337 74.4186
622644 634304 77.551
622644 76006 85.7143
622644 43026 79.1667
622644 625820 66.6667
622644 643044 72.7273
622644 673919 76.5957
622644 647527 66.6667
622644 161601 71.1111
622644 609248 69.5652
622644 163501 69.5652
622644 680828 72.3404
622644 676727 72.7273
622644 661471 79.1667
622644 634581 77.551
622644 629645 75
622644 147110 75
622644 667749 72.7273
622644 59679 78.2609
622644 140665 68.1818
622644 634617 72.3404
622644 691610 66.6667
622644 18256 70
622644 58104 68.0851
622644 661463 66.6667
622644 522408 78.2609
622644 645600 77.551
622644 691614 68.1818
622644 677507 68.1818
622644 625015 78.2609
622644 26542 72.7273
622644 627011 68.1818
622644 638640 78.2609
622644 64797 77.2727
622644 663780 70.8333
622644 662773 68.2927
622644 663915 79.1667
622644 65007 72.3404
622644 625159 73.913
622644 627082 72.3404
622644 103805 66.6667
622644 38256 66.6667
622644 124997 69.7674
622644 632918 82.6087
622644 59628 83.3333
622644 685783 86.9565
622644 83398 75.5556
622644 642896 72.7273
622644 639682 77.551
622644 180 68.1818
622644 87059 82.6087
622644 633890 66.6667
622644 674324 66.6667
622644 611783 73.4694
622644 627903 68.1818
622644 664284 76.5957
622644 624942 85.7143
622644 137470 76.5957
622644 658818 75
622644 631630 70.8333
622644 602908 66.6667
622644 37752 81.6327
622644 663620 72.3404
622644 329097 69.5652
622644 663952 70.8333
622644 648929 80.8511
622644 609067 84.2105
622644 54829 80
622644 364989 69.7674
622644 667249 71.1111
622644 679482 70
622644 365560 73.913
622644 690570 72.3404
622644 653051 71.1111
622644 659122 70.8333
622644 55342 73.913
622644 687813 68.5714
622644 75516 71.1111
622644 116805 71.1111
622644 70868 68.0851
622644 634775 76.5957
622644 79707 69.7674
622644 649096 80.8511
622644 685298 72.7273
622644 672441 84.4444
622644 647648 73.0159
622644 7760 77.2727
622644 638851 68.1818
622644 270751 76.5957
622644 617683 73.4694
622644 651217 83.3333
622644 659234 83.3333
622644 215132 75.5556
622644 658397 75
622644 690393 74.1935
622644 215138 71.1111
622644 628265 71.1111
622644 172262 73.913
622644 638702 76.5957
622644 140025 77.9661
622644 690569 66.6667
622644 667254 68.1818
622644 679275 71.1111
622644 628999 72.7273
622644 679283 66.6667
622644 646436 67.6923
622644 30131 76
622644 207835 73.913
622644 118993 70
622644 617363 79.1667
622644 664543 66.6667
622644 677514 77.2727
622644 632913 75
622644 1026 71.4286
622644 127964 76.5957
622644 674195 78.2609
622644 7528 76.5957
622644 680818 71.4286
622644 355936 66.6667
622644 130895 68.1818
622644 356359 69.7674
622644 678398 68.1818
622644 521887 77.2727
622644 338235 86.9565
622644 621888 75.5556
622644 663571 75
622644 626923 92
622644 370393 71.1111
622644 2765 66.6667
622644 125185 73.6842
622644 72089 83.3333
622644 295435 66.6667
622644 619147 77.551
622644 49210 72.3404
622644 55459 79.1667
622644 685117 78.2609
622644 686264 72.7273
622644 160451 80.8511
622644 677916 79.0698
622644 299385 80.8511
622644 635171 76.5957
622644 677506 71.4286
622644 617316 76.1905
622644 623661 68.1818
622644 640191 78.2609
622644 688342 72.7273
622644 667246 69.5652
622644 38074 68.1818
622644 16448 73.913
622644 649422 66.6667
622644 646437 67.6923
622644 136014 68.1818
622644 610998 84.2105
622644 660421 70.8333
622644 109884 78.2609
622644 658501 76.5957
622644 4436 68
622644 664269 77.2727
622644 68347 66.6667
622644 31539 70.8333
622644 646165 75
622644 68955 77.2727
622644 639767 68.9655
622644 626953 74.4186
622644 42443 73.4694
622644 626544 68.0851
622644 404698 72.7273
622644 686667 69.5652
622644 18894 68.4211
622644 667760 72.7273
622644 56338 69.5652
622644 615009 69.3878
622644 55887 77.2727
622644 624842 69.5652
622644 683715 75.5556
622644 677513 72.7273
622644 58979 71.4286
622644 641764 73.1707
622644 625813 70.8333
622644 13506 66.6667
622644 252044 66.6667
622644 2775 82.6087
622644 133865 71.1111
622644 643468 69.7674
622644 626433 68.1818
622644 643471 75.5556
622644 638686 88.8889
622644 163508 68.1818
622644 102619 66.6667
622644 677915 75
622644 634145 71.1111
622644 680519 77.2727
622644 96461 75.5556
622644 660227 70.8333
622644 3846 81.6327
622644 64800 73.4694
622644 611347 84.4444
622644 138305 66.6667
622644 97219 76.5957
622644 279497 75
622644 677555 72.7273
622644 56470 76.5957
622644 601362 77.551
622644 700123 66.6667
622644 291559 68.0851
622644 692226 71.7949
622644 644633 68.5714
622644 666115 66.6667
622644 87081 69.5652
622644 34765 80.8511
622644 679542 66.6667
622644 348706 73.913
622644 640230 70.8333
622644 662156 78.2609
622644 655264 82.6087
622644 663549 85.1064
622644 65987 66.6667
622644 58511 68.2927
622644 634219 72.3404
622644 128701 82.3529
622644 629718 69.7674
622644 617599 66.6667
622644 629474 71.1111
622644 634220 68.0851
622644 638636 80.9524
622644 131090 72.3404
622644 609818 77.551
622644 664941 67.6471
622644 21412 76.1905
622644 607167 72.3404
622644 113665 75.5556
622644 634156 72.7273
622644 639683 73.4694
622644 86939 72.7273
622644 6396 66.6667
622644 33592 73.4694
622644 158910 66.6667
622644 646444 70.7692
622644 617607 71.1111
622644 294110 66.6667
622644 658309 71.1111
622644 53183 69.3878
622644 81549 68.2927
622644 636326 75.5556
622644 100467 76.1905
622644 56426 68.0851
622644 680482 71.1111
622644 643469 72.3404
622644 676737 66.6667
622644 670183 72.3404
622644 33377 80
622644 611078 69.7674
622644 670248 82.6087
622644 667851 72.7273
622644 643485 68.2927
622644 645038 90.9091
622644 641763 73.913
622644 619072 74.1935
622644 29232 77.2727
622644 63055 77.2727
622644 622652 69.3878
622644 645037 86.3636
622644 229540 69.5652
622644 154741 66.6667
622644 627436 68.1818
622644 110344 69.7674
622644 655263 86.3636
622644 643480 68.2927
622644 285113 68.1818
622644 372154 74.4186
622644 634175 83.3333
622644 257830 76.5957
622644 116523 76.5957
622644 328442 69.7674
622644 690589 76.5957
622644 114022 80
622644 638593 76.5957
622644 51867 69.7674
622644 631315 66.6667
622644 694105 80.8511
622644 602670 73.0159
622644 680494 72.3404
622644 24711 75.5556
622644 41356 66.6667
622644 658980 73.913
622644 646645 85.7143
622644 4120 68.4211
622644 150952 73.913
622644 647645 67.6923
622644 749 68.0851
622644 84227 80
622644 369774 68.0851
622644 658787 70.7692
622644 697384 75.5556
622644 679281 69.7674
622644 681101 76.1905
622644 667247 78.2609
622644 646164 78.2609
622644 623635 70.8333
622644 658487 80.8511
622644 646159 69.5652
622644 650037 72.3404
622644 677512 66.6667
622644 660053 80.8511
622644 632917 77.2727
622644 252048 72.7273
622644 48911 75
622644 637434 75
622644 194296 68.4211
622644 690590 68.0851
622644 602880 75
622644 295302 66.6667
622644 364202 71.1111
622644 612765 79.1667
622644 637189 69.5652
622644 382319 77.2727
622644 634470 79.1667
622644 409962 68.0851
622644 664001 80.9524
622644 680857 71.4286
622644 657841 73.1707
622644 64118 66.6667
622644 193521 66.6667
622644 45914 70.8333
622644 667944 69.5652
622644 663589 72.3404
622644 601821 70.8333
622644 649044 66.6667
622644 661465 78.2609
622644 100649 74.4186
622644 70716 71.1111
622644 26245 74.4186
622644 639710 79.1667
622644 614939 66.6667
622644 631648 70.8333
622644 72288 73.4694
622644 644433 66.6667
622644 177951 71.1111
622644 639963 76.1905
622644 683892 76.5957
622644 645335 72
622644 55456 75
622644 643478 66.6667
622644 689418 68.1818
622644 662771 66.6667
622644 664977 88.8889
622644 657815 69.7674
622644 617628 66.6667
622644 611545 79.1667
622644 663921 71.4286
622644 616278 66.6667
622644 638603 68.2927
622644 619101 69.3878
622644 4926 66.6667
622644 56497 73.4694
622644 625027 83.7209
622644 634303 77.551
622644 286680 80
622644 672018 73.913
622644 382814 80
622644 657809 77.551
622644 625792 68.0851
622644 64013 72.7273
622644 38231 82.6087
622644 693427 68.1818
622644 657833 68.2927
622644 44675 71.1111
622644 79447 82.6087
622644 693424 66.6667
622644 634193 80
622644 67437 77.551
622644 659975 80.8511
622644 122751 75.5556
622644 40553 73.913
622644 63917 69.3878
622644 651218 83.3333
622644 4771 72.7273
622644 71320 71.1111
622644 116363 76.5957
622644 635960 69.5652
622644 128160 66.6667
622644 657843 77.551
622644 646439 67.6923
622644 58895 82.6087
622644 30723 72.7273
622644 102624 84.4444
622644 636086 70.8333
622644 628495 84.2105
622644 665667 73.1707
622644 649441 79.1667
622644 644273 66.6667
622644 10549 89.3617
622644 512913 78.2609
622644 42080 73.1707
622644 69587 83.3333
622644 643489 78.0488
622644 663914 78.2609
622644 16634 69.5652
622644 62597 73.913
622644 684038 69.5652
622644 43030 70.8333
622644 405968 77.551
622644 625648 73.8462
622644 625659 81.6327
622644 665282 80.8511
622644 169105 73.913
622644 677276 73.913
622644 695625 82.1429
622644 648928 80
622644 633174 76
622644 43395 68.1818
622644 67609 69.5652
622644 659185 71.1111
622644 75518 69.7674
622644 12463 76.5957
622644 382815 76.5957
622644 63911 68.0851
622644 133683 76.5957
622644 633868 71.1111
622644 36921 69.3878
622644 99331 69.7674
622644 622657 66.6667
622644 640645 66.6667
622644 603719 76.5957
622644 663936 75
622644 174620 74.4186
622644 617629 76.5957
622644 667940 69.5652
622644 636095 70.8333
622644 625421 89.3617
622644 670091 74.4186
622644 164614 77.2727
622644 684074 68.0851
622644 602889 71.1111
622644 167881 66.6667
622644 622145 70.8333
622644 345650 85.1064
622644 81669 72.3404
622644 626945 66.6667
622644 608710 78.2609
622644 625239 70.8333
622644 693097 66.6667
622644 97327 69.5652
622644 623648 66.6667
622644 643484 68.1818
622644 646168 72.3404
622644 658774 80.8511
622644 19911 69.5652
622644 284701 76.5957
622644 605469 71.1111
622644 635968 77.2727
622644 73819 81.8182
622644 626946 68.2927
622644 657812 77.551
622644 38255 73.4694
622644 666530 68.1818
622644 36283 69.5652
622644 38468 73.913
622644 651590 76.1905
622644 677504 73.913
622644 694951 72.7273
622644 641165 73.4694
622644 149965 68.1818
622644 119877 78.2609
622644 328820 75
622644 667849 78.2609
622644 627226 68.1818
622644 627066 66.6667
622644 371727 78.2609
622644 667941 73.913
622644 617409 85.1064
622644 149987 86.9565
622644 62009 87.5
622644 637006 70.8333
622644 56148 76.5957
622644 649436 66.6667
622644 647068 73.4694
622644 101655 71.1111
622644 672019 73.913
622644 664853 77.2727
622644 43798 66.6667
622644 629118 69.3878
622644 194315 69.5652
622644 660640 68.1818
622644 278461 76.5957
622644 620248 76.1905
622644 634171 81.6327
622644 635034 81.3559
622644 57598 71.4286
622644 690586 72.3404
622644 691613 68.1818
622644 696224 74.4186
622644 7636 77.2727
622644 694315 66.6667
622644 255115 73.913
622644 601307 75.5556
622644 57548 79.1667
622644 644432 66.6667
622644 681072 77.2727
622644 30152 71.4286
622644 209084 71.1111
622644 647334 66.6667
622644 99871 71.4286
622644 677503 73.913
622644 125718 72.7273
622644 344521 72.3404
622644 306735 68.1818
622644 668362 80.9524
622644 115006 66.6667
622644 339497 78.0488
622644 643470 80.8511
622644 626947 68.2927
622644 297577 85.1064
622644 666728 66.6667
622644 644871 75
622644 685303 82.6087
622644 347504 77.2727
622644 695218 73.913
622644 8774 68.0851
622644 677917 86.3636
622644 649690 68.1818
622644 18255 70
622644 629374 75
622644 637646 73.0159
622644 102851 76.5957
622644 698558 84.4444
622644 263770 72.7273
622644 266126 72.7273
622644 43870 75.5556
622644 629424 93.8776
622644 638641 72.3404
622644 60734 68.0851
622644 699206 73.913
622644 25397 76.5957
622644 658533 69.3878
622644 19055 66.6667
622644 56285 77.2727
622644 120309 69.7674
622644 640902 71.6981
622644 5553 68.1818
622644 41355 66.6667
622644 663935 77.2727
622644 81756 68.2927
622644 4935 77.551
622644 56138 72.3404
622644 56869 73.4694
622644 83516 73.913
622644 680466 68.1818
622644 45164 69.5652
622644 26154 73.1707
622644 663951 72.3404
622644 639840 80
622644 66069 69.3878
622644 74468 72.7273
622644 60549 68.0851
622644 615011 72.3404
622644 600388 77.2727
622644 5220 68.0851
622644 294868 69.5652
622644 674329 66.6667
622644 646001 70.8333
622644 643487 80.8511
622644 620753 87.2727
622644 623832 76.5957
622644 71439 75
622644 634306 77.551
622644 629494 69.5652
622644 142693 80
622644 646438 67.6923
622644 632227 68.2927
622644 256 66.6667
622644 675215 80
622644 680715 68.1818
622644 84552 69.5652
622644 43634 73.913
622644 163661 80.7018
622644 631956 76.5957
622644 683369 76.1905
622644 38248 79.0698
622644 639709 73.913
622644 72286 73.4694
622644 66688 86.9565
622644 8395 68.1818
622644 20121 72.3404
622644 98431 79.0698
622644 679449 66.6667
622644 344522 80.8511
622644 80747 69.7674
622644 131312 71.7949
622644 649424 70.8333
622644 635820 66.6667
622644 622636 72.3404
622644 102623 80
622644 405554 85.1064
622644 645334 66.6667
622644 51143 73.1707
622644 645089 85.1064
622644 644333 93.617
622644 371717 75.5556
622644 657803 68.0851
622644 193514 80
0 5
1 0
2 0
3 0
4 0
5 0
6 0
7 0
8 0
9 2
10 4
11 5
12 3
13 2
14 3
15 1
16 1
17 3
18 3
19 4
20 10
21 5
22 1
23 5
24 14
25 13
26 11
27 10
28 7
29 2
30 13
31 9
32 11
33 24
34 11
35 10
36 17
37 12
38 10
39 4
40 29
41 7
42 16
43 13
44 11
45 16
46 13
47 30
48 21
49 37
50 42
51 16
52 27
53 33
54 51
55 36
56 48
57 41
58 68
59 44
60 57
61 50
62 55
63 56
64 77
65 11
66 62
67 79
68 8
69 76
70 68
71 28
72 46
73 58
74 62
75 38
76 20
77 46
78 44
79 25
80 33
81 18
82 8
83 12
84 9
85 7
86 12
87 7
88 3
89 2
90 2
91 1
92 2
93 0
94 2
95 0
96 0
97 0
98 0
99 0
100 0
101 0
22
22003
