41
266126 326651 74.4186
266126 629424 75.5556
266126 60734 74.4186
266126 699206 71.4286
266126 19055 78.9474
266126 56285 80
266126 663935 75
266126 4935 75.5556
266126 682813 70.2703
266126 83516 80.9524
266126 680466 75
266126 639840 73.913
266126 60549 79.0698
266126 674329 78.9474
266126 643487 79.0698
266126 620753 66.6667
266126 142693 72.2222
266126 135284 68.4211
266126 674552 73.1707
266126 675215 78.0488
266126 622695 70.2703
266126 839 76.9231
266126 622694 71.7949
266126 57549 66.6667
266126 18621 79.0698
266126 38248 71.7949
266126 66688 85.7143
266126 60530 69.7674
266126 20121 69.7674
266126 60188 70.5882
266126 98431 71.7949
266126 679449 73.1707
266126 344522 88.3721
266126 690691 72.2222
266126 102623 73.1707
266126 405554 74.4186
266126 675279 69.7674
266126 51143 86.4865
266126 644333 69.7674
266126 371717 78.0488
266126 193514 83.3333
0 2
1 0
2 0
3 0
4 0
5 0
6 0
7 0
8 1
9 0
10 0
11 0
12 0
13 0
14 0
15 0
16 1
17 1
18 0
19 1
20 2
21 0
22 1
23 3
24 2
25 3
26 1
27 3
28 0
29 0
30 1
31 1
32 1
33 3
34 2
35 5
36 4
37 4
38 5
39 5
40 4
41 2
42 7
43 2
44 1
45 7
46 2
47 6
48 5
49 7
50 8
51 1
52 9
53 4
54 3
55 3
56 6
57 2
58 9
59 4
60 7
61 2
62 6
63 3
64 4
65 2
66 4
67 2
68 0
69 1
70 4
71 3
72 4
73 2
74 4
75 5
76 2
77 1
78 0
79 4
80 4
81 1
82 0
83 0
84 1
85 0
86 1
87 1
88 0
89 1
90 0
91 0
92 0
93 0
94 0
95 0
96 0
97 0
98 0
99 0
100 0
101 0
2
203
