37
637646 102851 74.1935
637646 43870 66.6667
637646 629424 71.875
637646 699339 79.0698
637646 638641 67.7419
637646 25397 67.7419
637646 679825 72
637646 650058 70.4545
637646 640902 67.6471
637646 8120 70.9677
637646 41355 70
637646 650211 75
637646 56138 67.7419
637646 638534 66.6667
637646 646441 74.4186
637646 294868 72.1311
637646 624987 72.1311
637646 620753 74.2857
637646 623832 70.9677
637646 71439 66.6667
637646 634306 78.125
637646 646438 90
637646 625109 70.9677
637646 73709 67.7419
637646 163661 88.8889
637646 118151 73.0159
637646 639709 68.8525
637646 660371 68.5185
637646 649424 69.8413
637646 682699 69.8113
637646 405554 67.7419
637646 654113 67.7419
637646 645089 70.9677
637646 644333 70.9677
637646 629273 66.6667
637646 664208 67.9245
637646 646443 74.4186
0 2
1 0
2 0
3 0
4 0
5 0
6 0
7 0
8 1
9 0
10 1
11 0
12 0
13 0
14 0
15 1
16 0
17 1
18 0
19 0
20 0
21 0
22 0
23 0
24 0
25 0
26 1
27 0
28 2
29 1
30 3
31 3
32 2
33 3
34 5
35 2
36 1
37 3
38 3
39 1
40 6
41 2
42 5
43 7
44 2
45 0
46 7
47 3
48 1
49 3
50 2
51 5
52 5
53 2
54 7
55 6
56 3
57 8
58 7
59 9
60 9
61 2
62 9
63 13
64 8
65 6
66 7
67 4
68 8
69 2
70 3
71 6
72 2
73 2
74 1
75 5
76 0
77 0
78 0
79 1
80 1
81 0
82 0
83 0
84 0
85 0
86 0
87 0
88 0
89 1
90 1
91 0
92 0
93 0
94 0
95 0
96 0
97 0
98 0
99 0
100 0
101 0
2
211
