6
670180 645334 69.7674
670180 689210 69.7674
670180 654113 71.4286
670180 645089 66.6667
670180 659274 66.6667
670180 657803 76.1905
0 1
1 0
2 0
3 0
4 0
5 0
6 0
7 0
8 0
9 0
10 0
11 1
12 0
13 0
14 0
15 0
16 0
17 0
18 0
19 0
20 0
21 1
22 1
23 0
24 1
25 0
26 0
27 1
28 0
29 0
30 0
31 0
32 0
33 0
34 1
35 1
36 0
37 0
38 1
39 1
40 2
41 0
42 0
43 0
44 0
45 1
46 0
47 0
48 0
49 1
50 1
51 0
52 0
53 0
54 0
55 0
56 0
57 0
58 1
59 1
60 0
61 1
62 0
63 1
64 0
65 0
66 0
67 2
68 0
69 0
70 2
71 0
72 1
73 0
74 0
75 0
76 0
77 1
78 0
79 0
80 0
81 0
82 0
83 0
84 0
85 0
86 0
87 0
88 0
89 0
90 0
91 0
92 0
93 0
94 0
95 0
96 0
97 0
98 0
99 0
100 0
101 0
0
0
