150
18255 409127 73.6842
18255 125185 66.6667
18255 86080 66.6667
18255 624006 68.4211
18255 636118 63.4146
18255 634163 81.0811
18255 627222 81.0811
18255 34551 65
18255 639683 78.0488
18255 649096 76.9231
18255 642604 75
18255 658818 70
18255 642788 62.5
18255 670237 62.8571
18255 105373 83.3333
18255 694315 86.4865
18255 1026 82.3529
18255 624331 63.4146
18255 646232 82.0513
18255 95102 63.1579
18255 10121 66.6667
18255 4867 73.1707
18255 58104 66.6667
18255 667276 68.4211
18255 636942 75
18255 625468 63.4146
18255 630262 73.1707
18255 662773 60.6061
18255 646166 85.7143
18255 681101 70.5882
18255 521887 88.8889
18255 648928 81.0811
18255 1118 60.6061
18255 644932 68.4211
18255 632917 61.1111
18255 617627 66.6667
18255 55876 66.6667
18255 611783 78.0488
18255 674195 84.2105
18255 647355 63.4146
18255 663549 71.7949
18255 648929 76.9231
18255 635820 80
18255 348706 78.9474
18255 202930 82.3529
18255 3124 82.3529
18255 160451 71.7949
18255 62009 80
18255 636929 78.9474
18255 4771 83.3333
18255 644333 66.6667
18255 295435 70.2703
18255 19984 86.4865
18255 603977 70.2703
18255 70868 71.7949
18255 327982 72.7273
18255 634220 66.6667
18255 616278 70.2703
18255 624051 76.1905
18255 634775 71.7949
18255 60698 64.7059
18255 27116 90.9091
18255 633900 63.4146
18255 79016 82.0513
18255 670091 68.5714
18255 617633 73.6842
18255 2775 84.2105
18255 646159 84.2105
18255 609820 80
18255 631808 70.2703
18255 619147 78.0488
18255 636326 81.0811
18255 672019 78.9474
18255 657843 78.0488
18255 331770 78.9474
18255 639767 64
18255 646207 66.6667
18255 617398 60
18255 264039 61.5385
18255 66688 78.9474
18255 285113 83.3333
18255 634581 78.0488
18255 34765 66.6667
18255 649097 78.0488
18255 680494 82.0513
18255 13009 73.6842
18255 157913 76.4706
18255 649092 73.6842
18255 147110 80
18255 627011 61.1111
18255 58580 63.1579
18255 634156 61.1111
18255 699206 68.4211
18255 636947 80
18255 638603 60.6061
18255 609248 68.4211
18255 87254 70.2703
18255 649427 80
18255 615011 82.0513
18255 638636 76.4706
18255 625239 80
18255 627367 76.9231
18255 685783 63.1579
18255 615299 75
18255 677917 77.7778
18255 291534 82.0513
18255 55459 60
18255 163501 63.1579
18255 624003 65
18255 327445 80
18255 58030 61.9048
18255 66069 78.0488
18255 634615 64.8649
18255 632913 75
18255 81549 66.6667
18255 644871 80
18255 79707 91.4286
18255 649424 80
18255 51337 68.5714
18255 650643 64.7059
18255 647527 70.9677
18255 663914 84.2105
18255 56470 82.0513
18255 632386 78.0488
18255 627370 81.0811
18255 75707 78.0488
18255 75518 62.8571
18255 632918 68.4211
18255 612049 61.5385
18255 140121 66.6667
18255 25397 82.0513
18255 41355 70.2703
18255 649044 65
18255 663947 76.9231
18255 25413 78.0488
18255 636086 80
18255 665282 76.9231
18255 26540 61.1111
18255 630691 66.6667
18255 131090 82.0513
18255 659301 63.4146
18255 627066 64.8649
18255 3609 70.5882
18255 617628 80
18255 653051 64.8649
18255 617406 80
18255 628979 65
18255 663935 83.3333
18255 634241 70.2703
18255 404698 83.3333
0 3
1 0
2 0
3 0
4 0
5 0
6 1
7 1
8 0
9 1
10 0
11 0
12 0
13 0
14 0
15 1
16 1
17 1
18 3
19 1
20 1
21 2
22 1
23 3
24 5
25 6
26 0
27 3
28 3
29 0
30 0
31 1
32 2
33 2
34 3
35 4
36 3
37 2
38 1
39 3
40 1
41 0
42 1
43 3
44 5
45 2
46 2
47 6
48 6
49 1
50 7
51 2
52 8
53 10
54 3
55 11
56 7
57 7
58 2
59 2
60 5
61 3
62 7
63 3
64 11
65 9
66 0
67 13
68 0
69 8
70 1
71 10
72 4
73 1
74 6
75 4
76 0
77 8
78 1
79 15
80 13
81 0
82 5
83 11
84 5
85 4
86 1
87 2
88 0
89 1
90 0
91 1
92 1
93 0
94 0
95 0
96 0
97 0
98 0
99 0
100 0
101 0
2
389
