42
86080 641165 66.6667
86080 636784 68.0851
86080 650616 73.913
86080 625462 82.6087
86080 657836 82.6087
86080 647068 66.6667
86080 672019 71.1111
86080 54833 76.5957
86080 194315 75.5556
86080 625412 79.1667
86080 69607 66.6667
86080 617370 76.5957
86080 666432 72.3404
86080 649428 76.5957
86080 174612 68.1818
86080 43870 68.1818
86080 638641 69.5652
86080 658533 66.6667
86080 650634 68.1818
86080 679825 67.7966
86080 624162 66.6667
86080 640902 73.0769
86080 649425 76.5957
86080 56138 73.913
86080 2738 73.913
86080 656400 79.1667
86080 640890 74.5098
86080 649427 76.5957
86080 650641 78.2609
86080 74380 77.551
86080 83653 80.8511
86080 84552 66.6667
86080 644932 66.6667
86080 670179 80.9524
86080 659342 70.8333
86080 649424 72.3404
86080 656387 79.1667
86080 670180 80.9524
86080 645334 80.8511
86080 689210 80.8511
86080 659274 82.6087
86080 657803 78.2609
0 5
1 0
2 0
3 0
4 0
5 1
6 0
7 1
8 0
9 0
10 1
11 3
12 1
13 0
14 0
15 0
16 1
17 0
18 2
19 1
20 3
21 2
22 6
23 3
24 4
25 5
26 3
27 5
28 8
29 5
30 3
31 8
32 9
33 6
34 2
35 11
36 8
37 8
38 8
39 5
40 14
41 4
42 8
43 10
44 4
45 6
46 8
47 7
48 17
49 13
50 12
51 0
52 11
53 7
54 2
55 9
56 7
57 12
58 5
59 7
60 11
61 13
62 4
63 4
64 9
65 0
66 5
67 7
68 1
69 4
70 1
71 1
72 1
73 2
74 4
75 1
76 1
77 5
78 1
79 2
80 3
81 5
82 0
83 3
84 0
85 0
86 0
87 0
88 0
89 0
90 0
91 0
92 0
93 0
94 0
95 0
96 0
97 0
98 0
99 0
100 0
101 0
4
724
