172
680466 102623 73.1707
680466 75516 92.6829
680466 686664 85.7143
680466 660053 79.0698
680466 71320 63.4146
680466 683722 61.1111
680466 686663 80.9524
680466 58895 71.4286
680466 26154 70.2703
680466 649441 68.1818
680466 59727 70.2703
680466 695218 66.6667
680466 25855 72.2222
680466 30723 80
680466 674349 61.1111
680466 680211 64.8649
680466 664269 75
680466 694951 80
680466 667749 80
680466 364989 61.5385
680466 63599 68.1818
680466 348404 72.7273
680466 71439 72.7273
680466 19911 71.4286
680466 339497 86.4865
680466 625027 76.9231
680466 690574 74.4186
680466 29232 85
680466 13687 76.1905
680466 680482 63.4146
680466 609819 66.6667
680466 613239 65.1163
680466 628495 64.1509
680466 103998 61.9048
680466 631634 72.2222
680466 86939 75
680466 18894 70.5882
680466 278175 80
680466 663927 74.4186
680466 187521 61.9048
680466 207835 71.4286
680466 409127 66.6667
680466 125185 82.3529
680466 626433 75
680466 634163 68.2927
680466 627222 68.2927
680466 675278 74.4186
680466 639683 62.2222
680466 649096 74.4186
680466 642604 72.7273
680466 684035 70
680466 658818 63.6364
680466 676712 65
680466 642788 61.1111
680466 670237 71.7949
680466 105373 60
680466 1026 68.4211
680466 627082 74.4186
680466 646232 60.4651
680466 95102 61.9048
680466 683725 62.8571
680466 662773 81.0811
680466 646166 66.6667
680466 681101 68.4211
680466 521887 70
680466 648928 63.4146
680466 666115 61.2903
680466 97327 80.9524
680466 632917 65
680466 667941 71.4286
680466 617627 70.9677
680466 611783 66.6667
680466 674195 66.6667
680466 663549 69.7674
680466 648929 65.1163
680466 48226 68.5714
680466 643484 70
680466 348706 61.9048
680466 282037 78.9474
680466 3124 63.1579
680466 160451 65.1163
680466 62009 68.1818
680466 4771 65
680466 14787 61.1111
680466 644333 74.4186
680466 295435 63.4146
680466 78998 61.5385
680466 58978 73.6842
680466 70868 74.4186
680466 634220 83.7209
680466 634775 79.0698
680466 82807 78.0488
680466 7887 77.7778
680466 683723 70
680466 60549 83.7209
680466 79016 65.1163
680466 670091 71.7949
680466 2775 61.9048
680466 609820 66.6667
680466 667524 65
680466 667246 76.1905
680466 643487 79.0698
680466 180816 66.6667
680466 619147 71.1111
680466 636326 63.4146
680466 657843 66.6667
680466 331770 61.9048
680466 622661 65.1163
680466 79006 80
680466 264039 65.1163
680466 66688 71.4286
680466 684038 71.4286
680466 34765 79.0698
680466 680494 65.1163
680466 56285 85
680466 100139 64.8649
680466 634156 80
680466 699206 76.1905
680466 65007 69.7674
680466 638603 70.2703
680466 87254 63.4146
680466 629716 63.1579
680466 23272 61.1111
680466 72982 62.8571
680466 638636 68.4211
680466 119877 71.4286
680466 685783 85.7143
680466 686667 76.1905
680466 637643 61.5385
680466 677917 75
680466 749 79.0698
680466 55459 72.7273
680466 163501 71.4286
680466 66069 62.2222
680466 634615 82.9268
680466 81549 70.2703
680466 644871 63.6364
680466 79707 66.6667
680466 65987 68.4211
680466 51337 61.5385
680466 647527 68.5714
680466 663914 61.9048
680466 626580 62.069
680466 57884 88.3721
680466 56470 65.1163
680466 632386 66.6667
680466 627370 63.4146
680466 75518 82.0513
680466 632918 66.6667
680466 612049 64.2857
680466 25397 65.1163
680466 41355 63.4146
680466 663947 74.4186
680466 270531 89.4737
680466 25413 71.1111
680466 665282 69.7674
680466 26540 60
680466 60188 82.3529
680466 602913 74.4186
680466 79008 69.7674
680466 131090 65.1163
680466 177951 82.9268
680466 625813 81.8182
680466 627066 63.4146
680466 641697 61.5385
680466 620336 70.2703
680466 679283 73.1707
680466 45956 64.7059
680466 653051 82.9268
680466 630639 68.4211
680466 663935 65
680466 404698 65
0 2
1 0
2 0
3 0
4 0
5 0
6 0
7 0
8 0
9 0
10 0
11 0
12 0
13 1
14 1
15 0
16 2
17 2
18 0
19 2
20 1
21 0
22 2
23 2
24 1
25 0
26 4
27 2
28 3
29 4
30 7
31 3
32 1
33 4
34 2
35 1
36 4
37 4
38 2
39 4
40 3
41 5
42 10
43 6
44 6
45 2
46 9
47 3
48 4
49 10
50 15
51 0
52 13
53 11
54 14
55 12
56 7
57 1
58 11
59 3
60 13
61 1
62 18
63 5
64 13
65 11
66 10
67 12
68 0
69 12
70 8
71 7
72 12
73 6
74 3
75 13
76 0
77 5
78 1
79 2
80 11
81 2
82 2
83 6
84 2
85 2
86 2
87 1
88 0
89 1
90 1
91 0
92 0
93 1
94 0
95 0
96 0
97 0
98 0
99 0
100 0
101 0
4
724
