30
77845 684041 78.9474
77845 409127 70
77845 667941 70
77845 101655 71.7949
77845 187538 66.6667
77845 528168 70.2703
77845 78998 70.2703
77845 690586 73.1707
77845 264039 68.2927
77845 99871 72.2222
77845 675585 76.9231
77845 677500 70
77845 297577 68.2927
77845 326651 78.0488
77845 635120 75
77845 658533 74.4186
77845 292603 70.2703
77845 19055 72.2222
77845 100141 81.0811
77845 639840 72.7273
77845 60549 68.2927
77845 674552 71.7949
77845 43285 78.9474
77845 687618 71.7949
77845 18621 73.1707
77845 60188 68.75
77845 3427 66.6667
77845 675279 68.2927
77845 51143 74.2857
77845 683722 76.4706
0 3
1 0
2 0
3 0
4 0
5 0
6 0
7 0
8 0
9 2
10 0
11 1
12 3
13 2
14 1
15 2
16 1
17 2
18 1
19 6
20 4
21 6
22 4
23 5
24 2
25 3
26 4
27 3
28 7
29 7
30 7
31 10
32 1
33 6
34 8
35 11
36 5
37 6
38 6
39 6
40 15
41 1
42 8
43 13
44 11
45 7
46 12
47 11
48 22
49 12
50 8
51 0
52 14
53 12
54 4
55 11
56 7
57 6
58 5
59 6
60 14
61 2
62 11
63 2
64 12
65 8
66 1
67 2
68 0
69 5
70 3
71 3
72 3
73 3
74 2
75 3
76 0
77 2
78 0
79 3
80 0
81 0
82 1
83 0
84 0
85 0
86 0
87 0
88 0
89 0
90 0
91 0
92 0
93 0
94 0
95 0
96 0
97 0
98 0
99 0
100 0
101 0
4
824
