234
672960 640890 75
672960 628996 80
672960 650634 63.4146
672960 625028 74.2857
672960 624162 75.5556
672960 670148 83.7209
672960 84552 76.1905
672960 651324 81.8182
672960 98431 66.6667
672960 664941 62.5
672960 154880 68.2927
672960 311941 85
672960 625186 75.5556
672960 39362 80
672960 637646 64.4068
672960 122640 71.4286
672960 661471 72.7273
672960 683892 79.0698
672960 83653 81.8182
672960 625464 87.8049
672960 135284 68.4211
672960 651735 62.2222
672960 174620 92.3077
672960 677915 72.2222
672960 131312 80
672960 56148 69.7674
672960 295156 84.2105
672960 638129 80
672960 677916 71.7949
672960 622644 72.7273
672960 669986 60
672960 656393 84.4444
672960 663952 68.1818
672960 632919 63.1579
672960 645124 61.5385
672960 646162 62.8571
672960 641530 63.4921
672960 102623 68.2927
672960 660053 65.1163
672960 71320 82.9268
672960 63911 93.0233
672960 58895 80.9524
672960 26154 81.0811
672960 649441 77.2727
672960 59727 64.8649
672960 66479 83.3333
672960 695218 71.4286
672960 640902 81.6327
672960 30723 60
672960 638174 81.8182
672960 664269 65
672960 694951 60
672960 663936 81.8182
672960 667749 60
672960 677545 68.4211
672960 636946 81.8182
672960 630076 78.2609
672960 63599 63.6364
672960 693424 73.6842
672960 71439 77.2727
672960 405084 80
672960 663576 81.8182
672960 339497 64.8649
672960 625027 66.6667
672960 645098 66.6667
672960 638851 75
672960 628102 80
672960 29232 60
672960 13687 66.6667
672960 109999 63.4146
672960 680482 73.1707
672960 666436 81.8182
672960 82166 65
672960 609819 82.0513
672960 613239 69.7674
672960 625064 83.7209
672960 628495 67.9245
672960 667470 85.7143
672960 103998 66.6667
672960 86939 75
672960 18894 76.4706
672960 41554 71.1111
672960 278175 70
672960 663927 60.4651
672960 691259 66.6667
672960 40725 63.4146
672960 662782 78.9474
672960 18255 83.3333
672960 700591 64.5161
672960 409127 61.9048
672960 624960 60.4651
672960 125185 64.7059
672960 86080 74.4186
672960 624006 85.7143
672960 636118 80
672960 634163 78.0488
672960 627222 68.2927
672960 34551 77.2727
672960 639683 88.8889
672960 649096 79.0698
672960 642604 77.2727
672960 642788 66.6667
672960 105373 90
672960 694315 78.0488
672960 1026 84.2105
672960 624331 66.6667
672960 646232 79.0698
672960 95102 66.6667
672960 10121 83.7209
672960 4867 80
672960 58104 79.0698
672960 667276 85.7143
672960 636942 90.9091
672960 625468 80
672960 630262 88.8889
672960 662773 64.8649
672960 646166 82.0513
672960 521887 85
672960 648928 68.2927
672960 666115 64.5161
672960 1118 64.8649
672960 644932 76.1905
672960 632917 60
672960 55876 83.7209
672960 611783 66.6667
672960 674195 85.7143
672960 647355 75.5556
672960 663549 69.7674
672960 648929 74.4186
672960 635820 68.1818
672960 348706 80.9524
672960 202930 78.9474
672960 3124 84.2105
672960 160451 65.1163
672960 62009 81.8182
672960 636929 85.7143
672960 4771 75
672960 644333 69.7674
672960 295435 73.1707
672960 19984 87.8049
672960 603977 73.1707
672960 70868 65.1163
672960 634220 60.4651
672960 616278 78.0488
672960 624051 73.913
672960 634775 69.7674
672960 60698 63.1579
672960 27116 91.8919
672960 633900 71.1111
672960 79016 74.4186
672960 617633 80.9524
672960 2775 80.9524
672960 646159 85.7143
672960 609820 82.0513
672960 295302 64.5161
672960 631808 73.1707
672960 619147 71.1111
672960 636326 92.6829
672960 672019 71.4286
672960 657843 84.4444
672960 331770 85.7143
672960 639767 74.0741
672960 646207 83.7209
672960 617398 63.6364
672960 66688 76.1905
672960 667950 62.2951
672960 285113 95
672960 634581 75.5556
672960 34765 65.1163
672960 649097 75.5556
672960 680494 83.7209
672960 13009 71.4286
672960 157913 68.4211
672960 649092 61.9048
672960 147110 90.9091
672960 58580 66.6667
672960 634156 60
672960 699206 66.6667
672960 636947 81.8182
672960 638603 64.8649
672960 609248 85.7143
672960 87254 73.1707
672960 649427 81.8182
672960 615011 93.0233
672960 638636 73.6842
672960 625239 72.7273
672960 668856 61.5385
672960 627367 65.1163
672960 685783 61.9048
672960 615299 81.8182
672960 677917 75
672960 291534 79.0698
672960 56357 75
672960 163501 61.9048
672960 624003 81.8182
672960 327445 71.7949
672960 58030 78.2609
672960 66069 88.8889
672960 634615 63.4146
672960 632913 68.1818
672960 81549 70.2703
672960 644871 81.8182
672960 79707 87.1795
672960 649424 90.9091
672960 681679 60.6061
672960 663914 80.9524
672960 56470 83.7209
672960 632386 84.4444
672960 627370 68.2927
672960 75707 75.5556
672960 75518 61.5385
672960 632918 66.6667
672960 612049 64.2857
672960 140121 69.7674
672960 25397 93.0233
672960 41355 73.1707
672960 649044 81.8182
672960 663947 69.7674
672960 25413 66.6667
672960 636086 77.2727
672960 665282 74.4186
672960 630691 69.7674
672960 131090 93.0233
672960 646438 62.2951
672960 659301 71.1111
672960 15193 63.4146
672960 627066 68.2927
672960 617628 81.8182
672960 653051 63.4146
672960 617406 81.8182
672960 628979 81.8182
672960 663935 75
672960 634241 78.0488
672960 404698 75
0 2
1 0
2 0
3 0
4 0
5 1
6 1
7 0
8 1
9 0
10 0
11 1
12 0
13 0
14 0
15 0
16 0
17 0
18 1
19 3
20 1
21 2
22 2
23 6
24 3
25 2
26 4
27 3
28 4
29 8
30 9
31 2
32 2
33 4
34 3
35 4
36 2
37 3
38 1
39 1
40 4
41 1
42 6
43 9
44 11
45 9
46 6
47 7
48 6
49 10
50 6
51 1
52 10
53 8
54 2
55 13
56 9
57 8
58 11
59 10
60 19
61 4
62 7
63 5
64 11
65 13
66 5
67 14
68 1
69 12
70 9
71 1
72 10
73 4
74 9
75 14
76 6
77 4
78 5
79 8
80 14
81 5
82 19
83 4
84 9
85 8
86 8
87 0
88 3
89 3
90 1
91 3
92 1
93 2
94 4
95 1
96 0
97 0
98 0
99 0
100 0
101 0
4
1091
