44
663415 661055 91.6667
663415 699499 77.1739
663415 649971 69.6296
663415 676419 67.7419
663415 694755 69.8413
663415 693097 70
663415 680416 79.7753
663415 665539 77.3333
663415 682692 90.3226
663415 654077 67.0886
663415 662426 82.8571
663415 693165 77.5956
663415 47761 66.3265
663415 45617 69.9454
663415 674897 75.3623
663415 675451 75.7576
663415 626496 66.2651
663415 641626 68.75
663415 661123 75.7576
663415 697445 72.6027
663415 380292 71.4286
663415 664737 75.7576
663415 623310 77.6119
663415 634748 74.2857
663415 663418 91.0256
663415 699339 72.1311
663415 650058 67.7419
663415 698553 71.6216
663415 681679 67.7686
663415 699329 73.6842
663415 9168 74.1259
663415 640323 82.9268
663415 665158 77.2727
663415 9617 66
663415 662427 87.6712
663415 79589 75
663415 648344 70.3125
663415 663417 93.75
663415 701201 88.3117
663415 660371 91.6667
663415 665356 85.1613
663415 7231 68.6047
663415 682699 87.3239
663415 664208 81.6901
0 2
1 0
2 0
3 0
4 0
5 1
6 0
7 2
8 0
9 2
10 0
11 2
12 3
13 0
14 0
15 2
16 1
17 0
18 5
19 6
20 2
21 4
22 8
23 7
24 10
25 5
26 7
27 15
28 12
29 5
30 10
31 14
32 12
33 19
34 17
35 15
36 27
37 14
38 29
39 26
40 21
41 14
42 14
43 24
44 10
45 21
46 11
47 20
48 7
49 9
50 7
51 3
52 2
53 5
54 3
55 3
56 6
57 0
58 2
59 4
60 5
61 1
62 0
63 3
64 7
65 3
66 7
67 2
68 4
69 2
70 4
71 1
72 2
73 2
74 1
75 3
76 4
77 0
78 5
79 0
80 1
81 0
82 1
83 2
84 0
85 0
86 1
87 0
88 2
89 1
90 0
91 1
92 3
93 0
94 1
95 0
96 0
97 0
98 0
99 0
100 0
101 0
9
1543
