148
665282 169105 66.6667
665282 103998 66.6667
665282 695625 83.6364
665282 648928 77.2727
665282 633174 77.551
665282 67609 66.6667
665282 75518 66.6667
665282 12463 73.913
665282 63911 73.913
665282 633868 81.8182
665282 36921 66.6667
665282 622657 77.2727
665282 663936 80.8511
665282 174620 80.9524
665282 617629 73.913
665282 667940 75.5556
665282 636095 68.0851
665282 625421 82.6087
665282 670091 76.1905
665282 164614 69.7674
665282 622659 68.1818
665282 602889 68.1818
665282 622145 68.0851
665282 345650 73.913
665282 608710 71.1111
665282 625239 68.0851
665282 657805 66.6667
665282 97327 66.6667
665282 643484 69.7674
665282 646168 69.5652
665282 658774 69.5652
665282 617633 66.6667
665282 284701 78.2609
665282 605469 68.1818
665282 635968 74.4186
665282 657812 79.1667
665282 38255 66.6667
665282 666530 69.7674
665282 630915 71.1111
665282 651590 73.1707
665282 658782 66.6667
665282 641165 70.8333
665282 149965 74.4186
665282 119877 66.6667
665282 667849 71.1111
665282 371727 75.5556
665282 667941 71.1111
665282 617409 78.2609
665282 149987 84.4444
665282 658779 69.7674
665282 62009 72.3404
665282 637006 72.3404
665282 56148 82.6087
665282 647068 75
665282 672019 75.5556
665282 664853 79.0698
665282 609820 66.6667
665282 43798 68.0851
665282 194315 71.1111
665282 278461 78.2609
665282 620248 73.1707
665282 634171 83.3333
665282 635034 75.8621
665282 690586 69.5652
665282 696224 66.6667
665282 7636 74.4186
665282 255115 71.1111
665282 601307 68.1818
665282 57548 76.5957
665282 681072 74.4186
665282 99871 68.2927
665282 344521 73.913
665282 668362 73.1707
665282 115006 72.7273
665282 339497 70
665282 643470 78.2609
665282 297577 78.2609
665282 685303 71.1111
665282 347504 74.4186
665282 695218 71.1111
665282 677917 83.7209
665282 649690 69.7674
665282 609816 71.7949
665282 629374 85.1064
665282 637646 67.7419
665282 102851 73.913
665282 698558 68.1818
665282 263770 69.7674
665282 266126 69.7674
665282 43870 77.2727
665282 629424 87.5
665282 638641 73.913
665282 60734 69.5652
665282 699206 66.6667
665282 25397 73.913
665282 56285 74.4186
665282 120309 76.1905
665282 640902 76.9231
665282 41355 68.1818
665282 663935 88.3721
665282 4935 75
665282 56138 78.2609
665282 56869 66.6667
665282 682813 70
665282 26154 75
665282 663951 78.2609
665282 639840 73.4694
665282 74468 79.0698
665282 600388 69.7674
665282 656400 70.8333
665282 674329 68.2927
665282 624987 66.6667
665282 646001 68.0851
665282 643487 73.913
665282 620753 74.0741
665282 623832 82.6087
665282 71439 80.8511
665282 634306 75
665282 629494 66.6667
665282 142693 76.9231
665282 675215 86.3636
665282 839 66.6667
665282 622694 66.6667
665282 84552 75.5556
665282 670179 66.6667
665282 163661 75
665282 683369 68.2927
665282 38248 71.4286
665282 639709 71.1111
665282 72286 66.6667
665282 66688 84.4444
665282 20121 69.5652
665282 98431 80.9524
665282 679449 81.8182
665282 344522 73.913
665282 31976 68.1818
665282 80747 71.4286
665282 131312 78.9474
665282 649424 72.3404
665282 102623 68.1818
665282 405554 78.2609
665282 645334 72.3404
665282 51143 70
665282 645089 78.2609
665282 644333 78.2609
665282 371717 72.7273
665282 659274 69.5652
665282 193514 71.7949
0 2
1 0
2 0
3 0
4 0
5 0
6 0
7 0
8 1
9 0
10 1
11 0
12 0
13 1
14 0
15 0
16 2
17 4
18 1
19 4
20 0
21 3
22 2
23 3
24 2
25 3
26 5
27 2
28 3
29 2
30 4
31 4
32 6
33 4
34 5
35 10
36 5
37 6
38 1
39 0
40 5
41 2
42 4
43 10
44 5
45 5
46 7
47 7
48 10
49 10
50 10
51 1
52 11
53 17
54 9
55 22
56 8
57 15
58 15
59 14
60 24
61 18
62 11
63 22
64 22
65 4
66 22
67 21
68 1
69 16
70 17
71 2
72 13
73 6
74 14
75 12
76 5
77 5
78 4
79 11
80 3
81 4
82 2
83 3
84 3
85 2
86 1
87 1
88 1
89 1
90 0
91 0
92 0
93 0
94 0
95 0
96 0
97 0
98 0
99 0
100 0
101 0
5
1569
