95
103998 659185 69.7674
103998 75518 68.2927
103998 382815 66.6667
103998 633868 69.7674
103998 220327 86.3636
103998 640645 69.7674
103998 139785 74.4186
103998 174620 68.2927
103998 617629 66.6667
103998 164614 66.6667
103998 378242 66.6667
103998 686466 66.6667
103998 167881 69.7674
103998 622145 69.5652
103998 345650 66.6667
103998 81669 66.6667
103998 608710 68.1818
103998 193502 68.1818
103998 613239 66.6667
103998 637821 78.0488
103998 658774 66.6667
103998 284701 66.6667
103998 635968 76.1905
103998 73819 66.6667
103998 666530 66.6667
103998 630915 68.1818
103998 651590 70
103998 641165 68.0851
103998 119877 68.1818
103998 627226 66.6667
103998 627066 69.7674
103998 371727 68.1818
103998 617409 66.6667
103998 56148 71.1111
103998 672019 72.7273
103998 664853 76.1905
103998 187538 69.7674
103998 609820 73.1707
103998 528168 68.2927
103998 194315 72.7273
103998 278461 71.1111
103998 620248 70
103998 634171 68.0851
103998 264039 66.6667
103998 691613 66.6667
103998 696224 68.2927
103998 255115 72.7273
103998 681072 66.6667
103998 668362 70
103998 339497 66.6667
103998 626947 66.6667
103998 297577 66.6667
103998 685303 68.1818
103998 56450 69.5652
103998 347504 71.4286
103998 677917 66.6667
103998 649690 71.4286
103998 609816 68.4211
103998 102851 66.6667
103998 174612 74.4186
103998 629424 68.0851
103998 10014 71.7949
103998 25397 66.6667
103998 120309 78.0488
103998 41355 69.7674
103998 663935 71.4286
103998 26154 76.9231
103998 2738 71.1111
103998 663951 75.5556
103998 74468 66.6667
103998 615011 66.6667
103998 600388 71.4286
103998 667068 68.2927
103998 624987 68.1818
103998 646001 69.5652
103998 623832 66.6667
103998 629494 81.8182
103998 664911 70
103998 60698 75
103998 675215 69.7674
103998 62660 71.1111
103998 84552 72.7273
103998 43634 68.1818
103998 667524 71.4286
103998 625109 66.6667
103998 631956 66.6667
103998 8395 66.6667
103998 20121 66.6667
103998 98431 68.2927
103998 80747 68.2927
103998 131312 70.2703
103998 622636 66.6667
103998 405554 71.1111
103998 645089 66.6667
103998 644333 66.6667
0 2
1 0
2 0
3 0
4 0
5 0
6 0
7 0
8 0
9 1
10 0
11 0
12 3
13 0
14 0
15 3
16 1
17 0
18 1
19 2
20 2
21 4
22 4
23 2
24 6
25 1
26 3
27 4
28 9
29 4
30 5
31 3
32 7
33 6
34 2
35 2
36 6
37 2
38 4
39 2
40 7
41 1
42 5
43 7
44 4
45 4
46 6
47 11
48 6
49 16
50 15
51 1
52 13
53 21
54 18
55 20
56 20
57 17
58 25
59 6
60 28
61 24
62 16
63 17
64 23
65 5
66 18
67 33
68 0
69 19
70 15
71 1
72 11
73 4
74 1
75 3
76 1
77 3
78 0
79 2
80 0
81 0
82 1
83 0
84 0
85 0
86 0
87 1
88 0
89 0
90 0
91 0
92 0
93 0
94 0
95 0
96 0
97 0
98 0
99 0
100 0
101 0
6
1549
