0
0 0
1 0
2 0
3 0
4 0
5 0
6 0
7 0
8 0
9 0
10 0
11 0
12 0
13 0
14 0
15 1
16 1
17 0
18 0
19 0
20 3
21 0
22 0
23 2
24 3
25 0
26 0
27 2
28 2
29 2
30 1
31 1
32 4
33 3
34 4
35 5
36 4
37 5
38 3
39 5
40 14
41 9
42 6
43 6
44 10
45 9
46 11
47 8
48 15
49 15
50 15
51 7
52 15
53 17
54 15
55 19
56 17
57 15
58 25
59 17
60 19
61 10
62 21
63 23
64 15
65 18
66 16
67 14
68 13
69 24
70 11
71 11
72 16
73 6
74 10
75 12
76 5
77 7
78 10
79 7
80 2
81 3
82 5
83 2
84 3
85 1
86 1
87 0
88 0
89 0
90 0
91 0
92 0
93 0
94 0
95 0
96 0
97 0
98 0
99 0
100 0
101 0
5
1440
