77
700282 662162 66.6667
700282 9168 81.9277
700282 671055 61.5385
700282 7231 76.9231
700282 673654 76.7241
700282 651015 62.7737
700282 670365 73.5484
700282 5015 75.3769
700282 662283 69.1667
700282 676419 61.2245
700282 641039 81.6754
700282 698554 70.3297
700282 9617 77.13
700282 662831 73.8636
700282 657733 61.5385
700282 665357 63.0303
700282 34934 82.4645
700282 70804 61.8182
700282 699349 65
700282 660373 65.0888
700282 47764 79.2627
700282 632484 75.9259
700282 647976 71.8894
700282 662830 64.5963
700282 58056 75.6757
700282 682699 63.0303
700282 654265 78.8462
700282 78748 78.5388
700282 626496 93.1217
700282 685583 69.8225
700282 65856 73.4884
700282 642654 72.2222
700282 665356 75.2809
700282 58058 75.4386
700282 662427 66.2722
700282 673653 78.0702
700282 697671 90.7216
700282 623310 75.1592
700282 668535 66.6667
700282 631567 76.7857
700282 636589 81.6667
700282 79589 70.1571
700282 700288 97.9798
700282 700357 78.0952
700282 665535 84.3931
700282 699497 72.2433
700282 318534 69.7143
700282 680411 82.9268
700282 698506 73.0159
700282 648540 76.2712
700282 694755 63.0872
700282 622229 74.5455
700282 34929 79.397
700282 673317 81.1321
700282 684694 60.8187
700282 632485 76.3636
700282 663417 73.224
700282 47770 73.0435
700282 664893 78.1395
700282 78743 76.6355
700282 78741 75.2381
700282 638583 76.7677
700282 641626 60.9272
700282 634555 68.4932
700282 638365 75
700282 680416 78.607
700282 642655 70.6422
700282 664892 79.6209
700282 701201 75.7062
700282 65849 74.8858
700282 639779 66.2722
700282 682700 65.1163
700282 647977 62.406
700282 34931 76.2791
700282 700290 98
700282 649971 75.9494
700282 645793 66.6667
0 5
1 0
2 1
3 0
4 7
5 0
6 6
7 3
8 4
9 4
10 6
11 20
12 13
13 11
14 23
15 16
16 18
17 15
18 16
19 17
20 14
21 23
22 24
23 21
24 22
25 14
26 12
27 30
28 16
29 16
30 21
31 6
32 22
33 7
34 13
35 9
36 9
37 9
38 4
39 9
40 10
41 6
42 14
43 1
44 6
45 8
46 1
47 3
48 2
49 0
50 0
51 0
52 2
53 1
54 3
55 1
56 2
57 0
58 1
59 1
60 4
61 2
62 4
63 2
64 3
65 2
66 2
67 5
68 0
69 1
70 3
71 3
72 1
73 2
74 6
75 3
76 9
77 8
78 1
79 6
80 3
81 0
82 4
83 2
84 0
85 1
86 0
87 0
88 0
89 0
90 0
91 1
92 0
93 0
94 1
95 0
96 0
97 0
98 2
99 0
100 0
101 0
12
2130
