166
44675 270531 66.6667
44675 79447 74.4186
44675 634193 71.4286
44675 636929 69.7674
44675 67437 86.9565
44675 659975 72.7273
44675 122751 66.6667
44675 40553 79.0698
44675 63917 82.6087
44675 651218 80
44675 4771 78.0488
44675 71320 76.1905
44675 681316 69.7674
44675 116363 72.7273
44675 635960 79.0698
44675 128160 66.6667
44675 58895 74.4186
44675 102624 85.7143
44675 636086 80
44675 309699 66.6667
44675 628495 66.6667
44675 665667 68.4211
44675 10549 81.8182
44675 42080 84.2105
44675 69587 66.6667
44675 663914 74.4186
44675 43030 80
44675 405968 73.913
44675 665282 72.7273
44675 169105 74.4186
44675 695625 75.4717
44675 648928 85.7143
44675 636924 69.7674
44675 67609 79.0698
44675 75518 75
44675 12463 86.3636
44675 382815 72.7273
44675 133683 68.1818
44675 633868 66.6667
44675 99331 80
44675 603719 72.7273
44675 139785 71.4286
44675 663936 66.6667
44675 174620 75
44675 149704 66.6667
44675 670091 75
44675 164614 82.9268
44675 602889 71.4286
44675 167881 80.9524
44675 4971 68.2927
44675 622145 66.6667
44675 692011 77.2727
44675 345650 77.2727
44675 81669 81.8182
44675 608710 79.0698
44675 625239 84.4444
44675 677545 66.6667
44675 284701 72.7273
44675 605469 80.9524
44675 635968 68.2927
44675 73819 73.1707
44675 52350 71.1111
44675 657812 69.5652
44675 77845 66.6667
44675 309708 76.4706
44675 38468 79.0698
44675 651590 71.7949
44675 641165 69.5652
44675 409127 74.4186
44675 627226 78.0488
44675 617409 68.1818
44675 149987 79.0698
44675 658779 68.2927
44675 62009 75.5556
44675 637006 80
44675 101655 71.4286
44675 636941 69.7674
44675 672019 74.4186
44675 664853 68.2927
44675 54833 66.6667
44675 43798 75.5556
44675 194315 74.4186
44675 660640 68.2927
44675 656987 85.7143
44675 278461 72.7273
44675 620248 71.7949
44675 634171 69.5652
44675 690586 72.7273
44675 264039 68.1818
44675 7636 82.9268
44675 694315 90.4762
44675 255115 83.7209
44675 601307 85.7143
44675 681072 73.1707
44675 209084 76.1905
44675 647334 66.6667
44675 617370 66.6667
44675 99871 92.3077
44675 125718 68.2927
44675 404827 71.7949
44675 668362 71.7949
44675 115006 71.4286
44675 643470 72.7273
44675 297577 72.7273
44675 644871 71.1111
44675 685303 74.4186
44675 347504 68.2927
44675 677917 68.2927
44675 18255 86.4865
44675 649428 66.6667
44675 609816 70.2703
44675 629374 71.1111
44675 698558 76.1905
44675 263770 73.1707
44675 266126 73.1707
44675 43870 66.6667
44675 629424 78.2609
44675 60734 90.9091
44675 158037 66.6667
44675 25397 77.2727
44675 658533 73.913
44675 19055 82.0513
44675 56285 68.2927
44675 120309 75
44675 5553 68.2927
44675 663935 73.1707
44675 4935 78.2609
44675 649425 66.6667
44675 56869 73.913
44675 45164 74.4186
44675 663951 72.7273
44675 639840 76.5957
44675 66069 78.2609
44675 74468 73.1707
44675 60549 68.1818
44675 615011 77.2727
44675 600388 78.0488
44675 646001 66.6667
44675 623832 68.1818
44675 71439 71.1111
44675 142693 70.2703
44675 649427 66.6667
44675 256 66.6667
44675 675215 80.9524
44675 839 85
44675 680715 68.2927
44675 57549 74.4186
44675 72286 78.2609
44675 66688 83.7209
44675 8395 82.9268
44675 20121 90.9091
44675 60188 68.5714
44675 679449 71.4286
44675 344522 72.7273
44675 31976 66.6667
44675 131312 72.2222
44675 649424 66.6667
44675 635820 75.5556
44675 364093 74.4186
44675 622636 72.7273
44675 102623 76.1905
44675 405554 81.8182
44675 51143 78.9474
44675 645089 72.7273
44675 644333 68.1818
44675 659274 68.1818
0 3
1 0
2 0
3 0
4 0
5 1
6 1
7 0
8 0
9 0
10 0
11 0
12 0
13 0
14 1
15 3
16 1
17 2
18 6
19 1
20 0
21 4
22 1
23 4
24 10
25 2
26 2
27 5
28 6
29 3
30 7
31 2
32 6
33 5
34 5
35 1
36 8
37 9
38 7
39 10
40 5
41 0
42 3
43 7
44 8
45 4
46 9
47 7
48 23
49 24
50 23
51 1
52 13
53 14
54 12
55 19
56 18
57 13
58 21
59 11
60 22
61 21
62 13
63 12
64 28
65 9
66 14
67 24
68 0
69 20
70 7
71 2
72 14
73 15
74 9
75 15
76 4
77 6
78 4
79 8
80 11
81 3
82 3
83 5
84 2
85 3
86 4
87 3
88 0
89 0
90 0
91 3
92 0
93 1
94 0
95 0
96 0
97 0
98 0
99 0
100 0
101 0
6
2171
