121
661186 631648 60.274
661186 671292 71.7391
661186 650061 86.8687
661186 697384 60
661186 691995 80
661186 637493 81.25
661186 625487 78.2609
661186 689210 60.274
661186 9168 71.7949
661186 43798 65.7534
661186 631630 60.274
661186 671055 70
661186 7231 67.1233
661186 651018 75.5906
661186 670365 79.2453
661186 648400 83.4951
661186 50848 85.7143
661186 5015 64
661186 676419 93.8776
661186 628244 64
661186 641039 64.7887
661186 29851 60
661186 698554 73.6842
661186 687813 61.0526
661186 662831 72.4409
661186 624231 69.7674
661186 657733 73.3333
661186 665357 75.8621
661186 657836 63.8889
661186 34934 60.4938
661186 70804 77.5862
661186 699349 88.2883
661186 660373 80
661186 627708 72.7273
661186 647019 82.9787
661186 662830 78.5714
661186 625483 78.2609
661186 666386 76.9231
661186 682699 72.4138
661186 640890 67.5325
661186 628996 62.1622
661186 648352 86.8687
661186 664941 60.2151
661186 694557 74
661186 626496 60
661186 39362 62.1622
661186 685583 66.6667
661186 83653 65.7534
661186 625464 60
661186 673997 75
661186 656393 64.8649
661186 645124 82.9787
661186 676949 78.2609
661186 665356 71.3178
661186 641530 73.913
661186 63911 63.8889
661186 662427 76.6667
661186 640902 69.2308
661186 641654 87.5
661186 697671 63.4483
661186 623310 77.7778
661186 638174 60.274
661186 636946 63.0137
661186 630076 61.3333
661186 405084 64.8649
661186 663576 65.7534
661186 645098 76.4045
661186 681170 75.7282
661186 625064 63.8889
661186 667470 61.9718
661186 668859 85.4167
661186 79589 67.6056
661186 691259 67.4157
661186 614939 72.1649
661186 636661 75.2688
661186 700591 70.3297
661186 86080 61.1111
661186 636118 67.5676
661186 665535 69.3548
661186 667276 61.9718
661186 318534 63.4921
661186 636942 63.0137
661186 625468 62.1622
661186 625482 78.2609
661186 666115 68.1319
661186 694755 92
661186 638581 75.2688
661186 34929 65.3333
661186 673317 60.1227
661186 684694 68.8525
661186 663417 68.6567
661186 19984 60
661186 624051 61.3333
661186 295302 70.3297
661186 78741 60.8696
661186 638583 65.7718
661186 639767 69.8795
661186 641626 92.1569
661186 667950 73.3333
661186 649097 62.1622
661186 638365 64.9007
661186 147110 63.0137
661186 680416 60.5263
661186 636947 63.0137
661186 649427 65.7534
661186 624575 79.5918
661186 615011 63.8889
661186 668856 82.9787
661186 701201 71.875
661186 56357 62.3377
661186 639779 76.6667
661186 649424 65.7534
661186 681679 90.5263
661186 697598 82
661186 682700 71.5447
661186 638521 77.0833
661186 633810 76.9231
661186 615985 77.0833
661186 649971 77.0642
661186 64057 81.6327
661186 617628 63.0137
0 3
1 0
2 0
3 2
4 1
5 0
6 0
7 0
8 0
9 0
10 2
11 1
12 2
13 0
14 0
15 2
16 1
17 0
18 0
19 0
20 7
21 1
22 4
23 2
24 1
25 7
26 2
27 0
28 5
29 8
30 10
31 7
32 8
33 6
34 21
35 19
36 9
37 21
38 19
39 27
40 16
41 11
42 19
43 13
44 16
45 14
46 26
47 15
48 29
49 10
50 24
51 6
52 15
53 23
54 10
55 18
56 16
57 16
58 11
59 10
60 13
61 9
62 6
63 5
64 13
65 4
66 7
67 1
68 5
69 3
70 5
71 2
72 5
73 4
74 5
75 1
76 5
77 5
78 5
79 5
80 4
81 0
82 3
83 3
84 1
85 0
86 2
87 2
88 1
89 1
90 0
91 1
92 1
93 1
94 1
95 0
96 0
97 0
98 0
99 0
100 0
101 0
9
2241
