172
650783 45164 75.5556
650783 656986 61.5385
650783 8774 73.913
650783 646001 68.0851
650783 697384 68.1818
650783 691995 65.625
650783 625487 60.6061
650783 689210 72.3404
650783 43285 65.1163
650783 627226 74.4186
650783 657803 73.913
650783 629474 63.6364
650783 43798 72.3404
650783 634293 65.2174
650783 631630 72.3404
650783 63862 65.2174
650783 670179 80.9524
650783 650798 73.1707
650783 63055 60.4651
650783 20985 78.0488
650783 650616 73.913
650783 633879 69.5652
650783 601362 62.5
650783 50848 61.5385
650783 666432 68.0851
650783 627436 74.4186
650783 73248 75
650783 628244 69.3878
650783 677516 71.1111
650783 29851 68.1818
650783 624163 86.9565
650783 663585 72.3404
650783 624231 66.6667
650783 609818 62.5
650783 657836 73.913
650783 651218 63.8298
650783 650610 62.2222
650783 657805 76.1905
650783 627708 64.5161
650783 647019 64.7059
650783 174612 68.1818
650783 625483 60.6061
650783 672960 74.4186
650783 640890 66.6667
650783 628996 70.8333
650783 648352 60.274
650783 650634 77.2727
650783 624162 83.3333
650783 670148 69.5652
650783 84552 66.6667
650783 311941 83.7209
650783 625186 87.5
650783 39362 83.3333
650783 122640 84.4444
650783 83653 72.3404
650783 625464 77.2727
650783 174620 66.6667
650783 295156 68.2927
650783 638129 70.8333
650783 656393 70.8333
650783 676949 60.6061
650783 63911 73.913
650783 66479 61.5385
650783 640902 65.3846
650783 638174 72.3404
650783 663936 68.0851
650783 677545 82.9268
650783 636946 72.3404
650783 630076 93.8776
650783 405084 70.8333
650783 663576 80.8511
650783 645098 60.3175
650783 638851 60.4651
650783 628102 70.8333
650783 666436 68.0851
650783 82166 60.4651
650783 625064 86.9565
650783 667470 75.5556
650783 668859 62.8571
650783 41554 91.6667
650783 691259 63.4921
650783 662782 73.1707
650783 18255 66.6667
650783 700591 61.5385
650783 409127 62.2222
650783 86080 91.3043
650783 624006 75.5556
650783 636118 70.8333
650783 627222 63.6364
650783 34551 63.8298
650783 639683 66.6667
650783 105373 65.1163
650783 694315 63.6364
650783 646232 69.5652
650783 10121 73.913
650783 4867 66.6667
650783 58104 78.2609
650783 667276 88.8889
650783 636942 72.3404
650783 625468 70.8333
650783 630262 66.6667
650783 609694 66.6667
650783 625482 60.6061
650783 521887 60.4651
650783 1118 70
650783 644932 66.6667
650783 55876 73.913
650783 674195 62.2222
650783 647355 62.5
650783 648929 65.2174
650783 635820 63.8298
650783 636929 75.5556
650783 19984 77.2727
650783 603977 86.3636
650783 327982 65
650783 616278 63.6364
650783 624051 77.551
650783 60698 68.2927
650783 27116 75
650783 633900 70.8333
650783 79016 60.8696
650783 2775 62.2222
650783 646159 75.5556
650783 54128 63.8298
650783 631808 68.1818
650783 636326 68.1818
650783 672019 71.1111
650783 657843 66.6667
650783 331770 62.2222
650783 646207 73.913
650783 667950 62.5
650783 285113 74.4186
650783 634581 62.5
650783 649097 87.5
650783 680494 69.5652
650783 157913 87.8049
650783 649092 66.6667
650783 147110 72.3404
650783 636947 72.3404
650783 609248 71.1111
650783 649427 80.8511
650783 615011 73.913
650783 609695 60.8696
650783 668856 64.7059
650783 193341 68.2927
650783 291534 65.2174
650783 56357 66.6667
650783 624003 72.3404
650783 327445 76.1905
650783 58030 65.3061
650783 66069 66.6667
650783 644871 63.8298
650783 79707 61.9048
650783 649424 72.3404
650783 650643 82.9268
650783 663914 62.2222
650783 655039 71.7949
650783 56470 60.8696
650783 632386 62.5
650783 638521 62.8571
650783 75707 75
650783 140121 69.5652
650783 25397 69.5652
650783 649044 72.3404
650783 636086 72.3404
650783 131090 69.5652
650783 64057 63.8889
650783 3609 73.1707
650783 617628 72.3404
650783 617406 72.3404
650783 628979 68.0851
650783 634241 63.6364
0 6
1 0
2 0
3 0
4 0
5 3
6 3
7 1
8 0
9 1
10 0
11 4
12 1
13 0
14 0
15 1
16 3
17 1
18 0
19 2
20 4
21 2
22 0
23 4
24 4
25 9
26 6
27 8
28 9
29 8
30 17
31 13
32 12
33 13
34 9
35 22
36 4
37 17
38 14
39 9
40 12
41 8
42 10
43 12
44 13
45 12
46 8
47 11
48 25
49 8
50 14
51 2
52 15
53 20
54 11
55 17
56 10
57 14
58 13
59 7
60 16
61 13
62 5
63 14
64 12
65 4
66 9
67 14
68 0
69 13
70 9
71 8
72 4
73 16
74 12
75 7
76 5
77 2
78 4
79 2
80 0
81 3
82 0
83 2
84 3
85 1
86 0
87 3
88 3
89 1
90 0
91 0
92 2
93 0
94 1
95 0
96 0
97 0
98 0
99 0
100 0
101 0
7
2204
