0
0 0
1 0
2 0
3 0
4 0
5 0
6 0
7 0
8 0
9 0
10 0
11 0
12 0
13 0
14 0
15 0
16 0
17 0
18 0
19 0
20 0
21 0
22 0
23 0
24 0
25 0
26 1
27 0
28 0
29 1
30 1
31 1
32 0
33 0
34 1
35 2
36 2
37 1
38 1
39 3
40 3
41 0
42 1
43 3
44 7
45 6
46 3
47 11
48 11
49 15
50 17
51 9
52 9
53 22
54 23
55 25
56 21
57 26
58 25
59 29
60 39
61 26
62 24
63 21
64 32
65 26
66 30
67 25
68 33
69 27
70 19
71 14
72 25
73 9
74 3
75 12
76 11
77 9
78 1
79 2
80 5
81 0
82 1
83 2
84 0
85 0
86 0
87 0
88 0
89 0
90 0
91 0
92 0
93 0
94 0
95 0
96 0
97 0
98 0
99 0
100 0
101 0
6
1856
