63
668537 700286 66.1538
668537 656199 85.7143
668537 700285 66.1538
668537 78738 75.969
668537 63689 62.069
668537 657782 71.4286
668537 700282 66.6667
668537 662162 84.375
668537 670886 87.7095
668537 7231 75.4864
668537 651018 65.5462
668537 673654 83.6735
668537 651015 92.2619
668537 5015 76.6284
668537 662283 90.0662
668537 641039 70.3557
668537 698554 66.3934
668537 9617 87.0175
668537 662831 63.8655
668537 34934 79.8535
668537 47764 85.3047
668537 632484 83.4532
668537 647976 83.871
668537 58056 84.507
668537 654265 67.4074
668537 78748 83.9858
668537 626496 67.7291
668537 65856 81.5884
668537 642654 84.1727
668537 665356 63.3333
668537 58058 86.8966
668537 670887 76.5363
668537 673653 83.4483
668537 697671 67.1875
668537 668535 99.375
668537 631567 86.7133
668537 636589 65.5629
668537 79589 72.7273
668537 700288 66.1538
668537 700357 66.1765
668537 699497 75.0769
668537 680411 71.9101
668537 648540 75.1678
668537 622229 85.1064
668537 34929 76.6284
668537 673317 81.7518
668537 632485 85.8156
668537 663417 62.0408
668537 47770 85.6164
668537 664893 76.5343
668537 78743 83.3333
668537 78741 81.6176
668537 638583 73.8462
668537 634555 80.427
668537 638365 77.0992
668537 680416 71.4829
668537 642655 81.4286
668537 664892 76.1905
668537 65849 85.4093
668537 647977 84.1463
668537 34931 83.7545
668537 700290 67.1756
668537 645793 97.5
0 3
1 0
2 0
3 1
4 2
5 0
6 0
7 1
8 0
9 2
10 2
11 8
12 4
13 8
14 16
15 6
16 16
17 13
18 31
19 28
20 43
21 53
22 43
23 41
24 68
25 63
26 56
27 37
28 19
29 0
30 2
31 1
32 1
33 1
34 0
35 2
36 3
37 2
38 3
39 7
40 4
41 4
42 10
43 3
44 5
45 4
46 3
47 3
48 2
49 3
50 2
51 3
52 3
53 1
54 2
55 2
56 3
57 2
58 2
59 4
60 2
61 0
62 0
63 2
64 2
65 0
66 2
67 6
68 4
69 0
70 0
71 1
72 3
73 1
74 1
75 0
76 4
77 5
78 1
79 0
80 1
81 1
82 4
83 0
84 7
85 4
86 6
87 2
88 2
89 0
90 0
91 1
92 0
93 1
94 0
95 0
96 0
97 0
98 1
99 0
100 1
101 0
20
2805
