434
12463 309699 63.6364
12463 617368 61.9048
12463 209084 81.8182
12463 631315 77.2727
12463 164614 83.7209
12463 659342 62.5
12463 695625 76.3636
12463 680715 69.7674
12463 625421 73.913
12463 683879 69.7674
12463 646165 76.5957
12463 138305 63.4146
12463 76699 72.2222
12463 642896 88.3721
12463 627368 69.5652
12463 647643 65.7143
12463 264045 65.2174
12463 658533 70.8333
12463 666665 65.2174
12463 656387 62.5
12463 638640 84.4444
12463 73166 76.1905
12463 624535 62.5
12463 667850 75.5556
12463 617316 73.1707
12463 672018 75.5556
12463 8512 66.6667
12463 636935 72.3404
12463 67476 88.8889
12463 53183 75
12463 658980 75.5556
12463 31976 72.7273
12463 649428 68.0851
12463 404827 73.1707
12463 679825 61.0169
12463 646441 65.7143
12463 602890 74.4186
12463 654114 65.2174
12463 670182 68.1818
12463 7528 78.2609
12463 84227 71.7949
12463 72288 83.3333
12463 342024 60
12463 31592 71.7949
12463 636095 68.0851
12463 665553 65.2174
12463 68955 74.4186
12463 659015 63.8889
12463 617409 82.6087
12463 100467 73.1707
12463 682813 70
12463 79447 84.4444
12463 631128 62.5
12463 161601 63.6364
12463 663620 82.6087
12463 636943 72.3404
12463 34632 72.3404
12463 82806 65.2174
12463 294731 65.1163
12463 631648 76.5957
12463 623636 66.6667
12463 663571 72.3404
12463 45164 75.5556
12463 326172 68.1818
12463 8774 65.2174
12463 684032 68.2927
12463 646001 76.5957
12463 697384 86.3636
12463 691995 62.5
12463 328820 66.6667
12463 193517 78.0488
12463 689210 63.8298
12463 43285 60.4651
12463 60734 91.3043
12463 627226 74.4186
12463 657803 65.2174
12463 629474 72.7273
12463 67800 63.1579
12463 136135 62.2222
12463 60530 60.8696
12463 667247 75.5556
12463 43798 72.3404
12463 634293 65.2174
12463 631630 72.3404
12463 191990 62.2222
12463 139785 72.7273
12463 63862 65.2174
12463 670179 71.4286
12463 637642 67.6471
12463 690590 73.913
12463 634151 63.1579
12463 63055 88.3721
12463 672441 81.8182
12463 141014 60
12463 643480 65
12463 20985 73.1707
12463 252044 68.2927
12463 650616 65.2174
12463 634614 68.2927
12463 633879 65.2174
12463 361456 68.2927
12463 601362 83.3333
12463 19055 78.0488
12463 666432 63.8298
12463 663915 80.8511
12463 57547 60.4651
12463 364202 77.2727
12463 662187 62.2222
12463 662156 66.6667
12463 627436 69.7674
12463 73248 83.3333
12463 628244 61.2245
12463 677516 75.5556
12463 647644 65.7143
12463 57548 63.8298
12463 30724 69.7674
12463 29851 81.8182
12463 644297 66.6667
12463 278461 86.9565
12463 624163 60.8696
12463 8120 65.2174
12463 690393 68.8525
12463 668362 78.0488
12463 663585 63.8298
12463 623832 86.9565
12463 687813 63.7681
12463 62857 63.1579
12463 609818 79.1667
12463 657836 65.2174
12463 113665 68.1818
12463 696224 71.4286
12463 651218 85.1064
12463 650610 66.6667
12463 657805 71.4286
12463 130895 69.7674
12463 686665 72.7273
12463 675215 86.3636
12463 38243 80.9524
12463 326397 78.2609
12463 263770 74.4186
12463 82804 68.1818
12463 15130 68.1818
12463 690586 69.5652
12463 616811 91.3043
12463 174612 63.6364
12463 640230 68.0851
12463 64800 75
12463 634470 85.1064
12463 632227 65
12463 647646 62.5
12463 684074 65.2174
12463 680708 60
12463 676172 73.913
12463 672960 79.0698
12463 628996 62.5
12463 69587 72.3404
12463 625028 78.9474
12463 670148 65.2174
12463 58511 65
12463 84552 75.5556
12463 651324 72.3404
12463 98431 76.1905
12463 664941 62.6866
12463 122381 75
12463 154880 81.8182
12463 311941 69.7674
12463 57598 63.4146
12463 625186 62.5
12463 641698 67.6471
12463 39362 75
12463 637646 64.5161
12463 122640 66.6667
12463 661471 80.8511
12463 683892 91.3043
12463 83653 63.8298
12463 55456 68.0851
12463 625464 68.1818
12463 135284 68.2927
12463 651735 62.5
12463 174620 85.7143
12463 38255 66.6667
12463 677915 71.7949
12463 131312 78.9474
12463 56148 78.2609
12463 295156 73.1707
12463 45410 60.6061
12463 638129 62.5
12463 677916 76.1905
12463 622644 76.5957
12463 669986 69.7674
12463 656393 66.6667
12463 663952 80.8511
12463 632919 63.4146
12463 602880 68.0851
12463 692011 78.2609
12463 646162 63.1579
12463 641530 63.6364
12463 680466 79.0698
12463 102623 81.8182
12463 75516 77.2727
12463 686664 66.6667
12463 660053 78.2609
12463 71320 81.8182
12463 63911 78.2609
12463 686663 66.6667
12463 58895 84.4444
12463 26154 75
12463 649441 76.5957
12463 59727 80
12463 66479 76.9231
12463 695218 71.1111
12463 640902 76.9231
12463 30723 69.7674
12463 638174 63.8298
12463 664269 69.7674
12463 694951 74.4186
12463 663936 80.8511
12463 667749 69.7674
12463 677545 63.4146
12463 636946 72.3404
12463 630076 65.3061
12463 364989 66.6667
12463 63599 76.5957
12463 693424 68.2927
12463 6396 63.8298
12463 71439 85.1064
12463 405084 70.8333
12463 19911 62.2222
12463 663576 68.0851
12463 339497 75
12463 625027 80.9524
12463 690574 69.5652
12463 638851 69.7674
12463 628102 75
12463 29232 74.4186
12463 13687 75.5556
12463 680482 86.3636
12463 666436 63.8298
12463 82166 60.4651
12463 609819 76.1905
12463 613239 69.5652
12463 625064 65.2174
12463 628495 75
12463 667470 66.6667
12463 103998 71.1111
12463 86939 88.3721
12463 18894 75.6757
12463 278175 79.0698
12463 663927 78.2609
12463 691259 66.6667
12463 662782 78.0488
12463 207835 71.1111
12463 18255 82.0513
12463 700591 64.6154
12463 409127 75.5556
12463 125185 75.6757
12463 624006 66.6667
12463 636118 62.5
12463 626433 60.4651
12463 634163 77.2727
12463 627222 86.3636
12463 675278 65.2174
12463 34551 63.8298
12463 639683 83.3333
12463 649096 91.3043
12463 642604 80.8511
12463 684035 60.4651
12463 658818 72.3404
12463 642788 61.5385
12463 670237 66.6667
12463 105373 79.0698
12463 694315 81.8182
12463 1026 78.0488
12463 624331 62.5
12463 627082 65.2174
12463 646232 82.6087
12463 95102 62.2222
12463 10121 65.2174
12463 4867 70.8333
12463 58104 65.2174
12463 667276 66.6667
12463 636942 72.3404
12463 625468 62.5
12463 630262 70.8333
12463 662773 70
12463 646166 80.9524
12463 681101 73.1707
12463 521887 88.3721
12463 648928 81.8182
12463 666115 67.6923
12463 1118 60
12463 97327 62.2222
12463 644932 66.6667
12463 632917 69.7674
12463 667941 66.6667
12463 617627 64.7059
12463 55876 65.2174
12463 611783 83.3333
12463 674195 84.4444
12463 647355 62.5
12463 663549 82.6087
12463 648929 82.6087
12463 635820 76.5957
12463 643484 60.4651
12463 348706 75.5556
12463 282037 68.2927
12463 202930 73.1707
12463 3124 78.0488
12463 160451 78.2609
12463 62009 85.1064
12463 636929 66.6667
12463 4771 79.0698
12463 644333 73.913
12463 295435 68.1818
12463 19984 72.7273
12463 603977 68.1818
12463 58978 68.2927
12463 70868 78.2609
12463 327982 65
12463 634220 82.6087
12463 616278 68.1818
12463 624051 73.4694
12463 634775 86.9565
12463 27116 75
12463 633900 62.5
12463 82807 72.7273
12463 683723 65.1163
12463 60549 78.2609
12463 79016 86.9565
12463 670091 71.4286
12463 617633 71.1111
12463 2775 84.4444
12463 646159 75.5556
12463 609820 76.1905
12463 295302 64.6154
12463 667246 62.2222
12463 643487 69.5652
12463 631808 68.1818
12463 619147 87.5
12463 636326 77.2727
12463 672019 75.5556
12463 657843 79.1667
12463 331770 75.5556
12463 639767 70.1754
12463 646207 65.2174
12463 622661 60.8696
12463 79006 69.7674
12463 264039 65.2174
12463 66688 88.8889
12463 285113 74.4186
12463 684038 66.6667
12463 634581 79.1667
12463 34765 78.2609
12463 649097 70.8333
12463 680494 86.9565
12463 13009 75.5556
12463 56285 74.4186
12463 157913 63.4146
12463 649092 66.6667
12463 147110 80.8511
12463 627011 60.4651
12463 58580 62.2222
12463 634156 79.0698
12463 699206 75.5556
12463 65007 65.2174
12463 636947 72.3404
12463 638603 60
12463 609248 66.6667
12463 87254 68.1818
12463 649427 68.0851
12463 615011 78.2609
12463 638636 78.0488
12463 625239 80.8511
12463 627367 69.5652
12463 119877 66.6667
12463 685783 80
12463 686667 71.1111
12463 615299 72.3404
12463 637643 67.6471
12463 677917 79.0698
12463 291534 69.5652
12463 749 69.5652
12463 55459 72.3404
12463 163501 66.6667
12463 624003 63.8298
12463 327445 66.6667
12463 58030 61.2245
12463 66069 83.3333
12463 634615 81.8182
12463 632913 76.5957
12463 81549 65
12463 644871 76.5957
12463 79707 90.4762
12463 649424 76.5957
12463 51337 66.6667
12463 647527 68.4211
12463 663914 84.4444
12463 57884 69.5652
12463 56470 78.2609
12463 632386 79.1667
12463 627370 81.8182
12463 75707 75
12463 75518 80.9524
12463 632918 75.5556
12463 612049 71.1864
12463 140121 65.2174
12463 25397 86.9565
12463 41355 68.1818
12463 649044 63.8298
12463 663947 86.9565
12463 270531 78.0488
12463 25413 87.5
12463 636086 76.5957
12463 665282 86.9565
12463 26540 60.4651
12463 60188 75.6757
12463 602913 69.5652
12463 79008 65.2174
12463 630691 65.2174
12463 131090 86.9565
12463 646438 62.5
12463 177951 63.6364
12463 659301 62.5
12463 625813 72.3404
12463 627066 63.6364
12463 641697 67.6471
12463 679283 63.6364
12463 617628 76.5957
12463 653051 81.8182
12463 617406 68.0851
12463 628979 63.8298
12463 663935 83.7209
12463 634241 68.1818
12463 404698 79.0698
0 3
1 0
2 0
3 0
4 0
5 0
6 0
7 0
8 1
9 0
10 1
11 0
12 0
13 0
14 0
15 1
16 0
17 2
18 1
19 2
20 4
21 0
22 1
23 4
24 4
25 9
26 4
27 4
28 3
29 2
30 3
31 4
32 8
33 11
34 9
35 2
36 2
37 8
38 6
39 2
40 9
41 2
42 7
43 8
44 6
45 7
46 7
47 4
48 10
49 8
50 11
51 1
52 16
53 11
54 10
55 21
56 11
57 22
58 12
59 14
60 23
61 12
62 5
63 26
64 30
65 9
66 33
67 27
68 5
69 31
70 25
71 6
72 13
73 22
74 12
75 18
76 19
77 20
78 5
79 23
80 14
81 11
82 11
83 7
84 8
85 6
86 5
87 13
88 2
89 6
90 0
91 1
92 4
93 0
94 0
95 0
96 0
97 0
98 0
99 0
100 0
101 0
8
3123
