293
650609 686466 63.6364
650609 644273 76.1905
650609 646910 65.7534
650609 291305 78.2609
650609 639709 60.8696
650609 636784 66.6667
650609 647068 65.3061
650609 677920 74.4186
650609 148519 63.1579
650609 12463 63.8298
650609 309699 66.6667
650609 617368 65.1163
650609 209084 71.1111
650609 631315 71.1111
650609 659342 65.3061
650609 695625 64.2857
650609 680715 77.2727
650609 625421 63.8298
650609 646165 70.8333
650609 138305 85.7143
650609 616232 80.8511
650609 647643 67.6056
650609 666665 72.3404
650609 656387 65.3061
650609 638640 65.2174
650609 73166 65.1163
650609 40484 62.5
650609 624535 89.7959
650609 617316 71.4286
650609 8512 91.3043
650609 53183 65.3061
650609 658980 65.2174
650609 31976 62.2222
650609 404827 61.9048
650609 160587 73.913
650609 679825 66.6667
650609 646441 64.7887
650609 654114 68.0851
650609 670182 71.1111
650609 84227 60
650609 72288 65.3061
650609 636095 75
650609 665553 72.3404
650609 68955 77.2727
650609 659015 65.7534
650609 617409 80.8511
650609 631128 73.4694
650609 636943 70.8333
650609 34632 62.5
650609 294731 72.7273
650609 631648 66.6667
650609 623636 86.9565
650609 663571 83.3333
650609 45164 73.913
650609 326172 62.2222
650609 8774 80.8511
650609 646001 66.6667
650609 697384 71.1111
650609 637493 61.9718
650609 689210 75
650609 627226 68.1818
650609 657803 76.5957
650609 629474 84.4444
650609 136135 78.2609
650609 667247 69.5652
650609 634293 68.0851
650609 631630 75
650609 191990 73.913
650609 63862 93.617
650609 670179 69.7674
650609 637642 69.5652
650609 634151 76.9231
650609 676713 77.2727
650609 63055 63.6364
650609 672441 66.6667
650609 624961 76.5957
650609 20985 66.6667
650609 650616 85.1064
650609 633879 89.3617
650609 6365 66.6667
650609 601362 65.3061
650609 666432 87.5
650609 663915 66.6667
650609 364202 80
650609 662187 91.3043
650609 627436 81.8182
650609 628244 72
650609 677516 73.913
650609 647644 67.6056
650609 57548 66.6667
650609 30724 63.6364
650609 29851 62.2222
650609 644297 69.7674
650609 650608 60
650609 278461 76.5957
650609 624163 63.8298
650609 693434 93.3333
650609 8120 97.8723
650609 690393 67.7419
650609 668362 71.4286
650609 663585 87.5
650609 623832 68.0851
650609 687813 68.5714
650609 231338 71.1111
650609 657836 68.0851
650609 696224 65.1163
650609 651218 75
650609 650610 95.6522
650609 657805 74.4186
650609 650611 72.7273
650609 629037 91.3043
650609 38243 65.1163
650609 174612 71.1111
650609 640230 75
650609 634470 75
650609 632227 68.2927
650609 647646 73.8462
650609 672960 72.7273
650609 640890 69.2308
650609 628996 73.4694
650609 650634 66.6667
650609 624162 61.2245
650609 670148 85.1064
650609 628296 85.7143
650609 84552 69.5652
650609 629038 66.6667
650609 651324 83.3333
650609 98431 60.4651
650609 664941 70.5882
650609 311941 72.7273
650609 57598 66.6667
650609 625186 73.4694
650609 641698 69.5652
650609 637646 76.1905
650609 661471 66.6667
650609 683892 68.0851
650609 118613 75.5556
650609 625464 71.1111
650609 651735 81.6327
650609 174620 69.7674
650609 38255 73.4694
650609 677915 65
650609 131312 61.5385
650609 56148 72.3404
650609 295156 80.9524
650609 638129 77.551
650609 677916 65.1163
650609 622644 66.6667
650609 656393 61.2245
650609 663952 66.6667
650609 602880 75
650609 71320 71.1111
650609 63911 68.0851
650609 58895 73.913
650609 26154 73.1707
650609 649441 83.3333
650609 66479 65
650609 695218 78.2609
650609 640902 60.3774
650609 30723 63.6364
650609 638174 66.6667
650609 664269 68.1818
650609 663936 62.5
650609 677545 61.9048
650609 693424 85.7143
650609 71439 66.6667
650609 174655 66.6667
650609 645098 62.5
650609 638851 90.9091
650609 29232 63.6364
650609 13687 73.913
650609 109999 71.1111
650609 666436 83.3333
650609 82166 68.1818
650609 609819 74.4186
650609 613239 80.8511
650609 301196 74.4186
650609 625064 68.0851
650609 628495 73.6842
650609 667470 69.5652
650609 631634 65
650609 278175 63.6364
650609 614939 63.8889
650609 40725 93.3333
650609 662782 61.9048
650609 18255 65
650609 624960 76.5957
650609 624006 69.5652
650609 636118 65.3061
650609 634163 80
650609 34551 95.8333
650609 639683 65.3061
650609 649096 63.8298
650609 642604 75
650609 676712 77.2727
650609 147625 65
650609 642788 80
650609 105373 72.7273
650609 1026 76.1905
650609 624331 65.3061
650609 627082 68.0851
650609 95102 86.9565
650609 10121 80.8511
650609 4867 69.3878
650609 58104 80.8511
650609 667276 69.5652
650609 636942 70.8333
650609 625468 73.4694
650609 23609 88.8889
650609 630262 77.551
650609 662773 63.4146
650609 646166 69.7674
650609 521887 72.7273
650609 666115 60.6061
650609 1118 63.4146
650609 644932 78.2609
650609 55876 85.1064
650609 674195 69.5652
650609 647355 89.7959
650609 348706 73.913
650609 202930 61.9048
650609 3124 71.4286
650609 62009 70.8333
650609 636929 60.8696
650609 4771 63.6364
650609 644333 68.0851
650609 295435 84.4444
650609 19984 62.2222
650609 603977 66.6667
650609 616278 93.3333
650609 60698 61.9048
650609 27116 68.2927
650609 633900 85.7143
650609 617633 65.2174
650609 2775 65.2174
650609 646159 65.2174
650609 609820 74.4186
650609 54128 79.1667
650609 631808 84.4444
650609 619147 61.2245
650609 636326 80
650609 657843 77.551
650609 294107 82.9268
650609 331770 78.2609
650609 646207 76.5957
650609 617398 91.6667
650609 66688 60.8696
650609 285113 68.1818
650609 301199 75.5556
650609 157913 61.9048
650609 147110 66.6667
650609 58580 78.2609
650609 699206 60.8696
650609 609248 78.2609
650609 87254 75.5556
650609 624575 65.7534
650609 615011 68.0851
650609 615299 66.6667
650609 637643 69.5652
650609 677917 68.1818
650609 56357 76.9231
650609 163501 65.2174
650609 624003 83.3333
650609 58030 96
650609 66069 65.3061
650609 81549 63.4146
650609 644871 83.3333
650609 79707 69.7674
650609 649424 66.6667
650609 2741 71.1111
650609 697598 61.3333
650609 663914 65.2174
650609 57884 63.8298
650609 56470 85.1064
650609 632386 81.6327
650609 638521 61.9718
650609 612049 70
650609 140121 76.5957
650609 25397 68.0851
650609 41355 84.4444
650609 649044 87.5
650609 630691 80.8511
650609 131090 68.0851
650609 646438 73.8462
650609 659301 97.9592
650609 15193 88.8889
650609 615985 67.6056
650609 627066 71.1111
650609 641697 69.5652
650609 620336 73.1707
650609 628979 91.6667
650609 634241 93.3333
650609 404698 63.6364
0 7
1 0
2 0
3 0
4 0
5 0
6 1
7 0
8 0
9 0
10 2
11 2
12 2
13 0
14 3
15 3
16 1
17 1
18 1
19 0
20 5
21 2
22 5
23 6
24 3
25 9
26 5
27 6
28 7
29 13
30 17
31 6
32 14
33 6
34 8
35 16
36 8
37 9
38 10
39 17
40 16
41 2
42 16
43 13
44 6
45 8
46 8
47 12
48 10
49 16
50 13
51 8
52 21
53 13
54 20
55 14
56 17
57 11
58 22
59 17
60 28
61 7
62 13
63 8
64 18
65 7
66 25
67 23
68 4
69 20
70 18
71 5
72 15
73 9
74 17
75 13
76 3
77 11
78 7
79 7
80 5
81 8
82 3
83 1
84 6
85 4
86 8
87 2
88 3
89 2
90 3
91 1
92 5
93 0
94 5
95 0
96 3
97 0
98 2
99 0
100 0
101 0
7
3343
