89
694553 665358 71.875
694553 667948 84.4037
694553 668856 73.5849
694553 60342 69.6296
694553 667950 76.4706
694553 676509 73.0769
694553 638581 66.6667
694553 627708 74
694553 614939 73.3945
694553 640266 78.2609
694553 641530 67.3077
694553 671283 71.4286
694553 639476 77.8761
694553 675187 75.4717
694553 50850 74
694553 633031 70
694553 651018 77.6978
694553 657732 70.7692
694553 20625 71.3043
694553 637493 74.0741
694553 346230 81.4159
694553 661186 85.4545
694553 660373 74.2424
694553 668859 75.9259
694553 645542 66.0194
694553 70804 79.6875
694553 637653 66.6667
694553 659923 71.875
694553 661122 72.8814
694553 638582 71.3376
694553 668532 77.1429
694553 648400 81.7391
694553 670881 67.5497
694553 663415 67.6471
694553 636661 66.6667
694553 661055 70.7692
694553 649971 71.0744
694553 676419 81.8182
694553 694755 80.3571
694553 693097 75.4717
694553 645129 72.2222
694553 667951 78.8462
694553 665539 69.1176
694553 682692 69.5035
694553 654077 80.5556
694553 662426 73.0159
694553 45617 67.4556
694553 674897 70.9677
694553 108408 79.2079
694553 675451 72.8814
694553 641626 78.9474
694553 661123 71.1864
694553 618121 71.4286
694553 625487 71.1538
694553 645540 75.9259
694553 697445 72.7273
694553 380292 83.9286
694553 664737 72.8814
694553 623310 68.3333
694553 625482 71.1538
694553 682328 73.5849
694553 634748 69.5652
694553 663418 70.4225
694553 699339 77.7778
694553 679825 72.1649
694553 650058 76.3636
694553 633810 67.9612
694553 698553 89.5522
694553 681679 82.243
694553 638534 75.2294
694553 699329 80.6723
694553 665536 84.4037
694553 9168 68.2171
694553 629267 70
694553 665158 72.8814
694553 662427 69.697
694553 79589 70.1299
694553 648344 80.7018
694553 663417 69.863
694553 701201 72.8571
694553 641660 69.8113
694553 660371 70.7692
694553 665356 69.5035
694553 7231 68.3544
694553 5015 66.6667
694553 682699 76.5625
694553 629273 70
694553 664208 76.5625
694553 624231 71.4286
0 2
1 0
2 0
3 0
4 0
5 1
6 3
7 1
8 1
9 0
10 0
11 0
12 1
13 0
14 1
15 4
16 1
17 0
18 2
19 2
20 3
21 2
22 5
23 3
24 7
25 7
26 7
27 4
28 9
29 10
30 9
31 9
32 11
33 15
34 16
35 26
36 20
37 20
38 20
39 30
40 35
41 27
42 35
43 28
44 30
45 27
46 28
47 22
48 13
49 29
50 25
51 9
52 29
53 18
54 16
55 22
56 12
57 11
58 3
59 9
60 6
61 2
62 5
63 7
64 1
65 4
66 1
67 5
68 5
69 3
70 11
71 6
72 11
73 8
74 7
75 2
76 5
77 4
78 4
79 3
80 2
81 4
82 3
83 1
84 1
85 2
86 1
87 0
88 0
89 0
90 1
91 0
92 0
93 0
94 0
95 0
96 0
97 0
98 0
99 0
100 0
101 0
12
3428
