364
664551 36603 81.0811
664551 634616 64.8649
664551 9659 78.9474
664551 193521 77.7778
664551 668523 68.4211
664551 56338 70
664551 372155 92.3077
664551 692226 66.6667
664551 229540 75
664551 43870 66.6667
664551 690415 80
664551 686465 66.6667
664551 53376 68.5714
664551 26346 75
664551 33377 82.0513
664551 646645 79.0698
664551 121770 63.1579
664551 116523 87.8049
664551 635960 65
664551 609067 70.5882
664551 643467 72.7273
664551 690578 73.1707
664551 694105 68.2927
664551 677512 61.1111
664551 47695 65
664551 4436 77.2727
664551 136014 68.4211
664551 72089 71.4286
664551 675585 76.9231
664551 158910 76.9231
664551 686466 63.1579
664551 615123 83.7209
664551 297577 78.0488
664551 685298 84.2105
664551 691610 72.2222
664551 611347 87.1795
664551 639709 70
664551 103776 61.5385
664551 625015 75
664551 681072 78.9474
664551 647068 60.4651
664551 68888 85.7143
664551 622659 76.9231
664551 622695 74.2857
664551 12463 73.1707
664551 209084 61.5385
664551 164614 78.9474
664551 695625 72
664551 130085 70
664551 625421 82.9268
664551 683879 73.6842
664551 74517 64.7059
664551 76699 83.871
664551 642896 78.9474
664551 627368 63.4146
664551 264045 73.1707
664551 658533 69.7674
664551 638640 75
664551 667850 75
664551 617316 66.6667
664551 643493 68.5714
664551 672018 75
664551 671880 68.2927
664551 636935 61.9048
664551 67476 80
664551 658980 80
664551 404827 61.1111
664551 38074 73.6842
664551 150501 68.5714
664551 674552 76.9231
664551 602890 84.2105
664551 7528 87.8049
664551 84227 70.5882
664551 72288 60.4651
664551 342024 62.8571
664551 31592 76.4706
664551 68955 63.1579
664551 617409 63.4146
664551 100467 77.7778
664551 682813 68.5714
664551 79447 90
664551 161601 61.5385
664551 663620 82.9268
664551 637039 60
664551 82806 68.2927
664551 663571 61.9048
664551 326172 66.6667
664551 643478 72.2222
664551 646001 61.9048
664551 697384 66.6667
664551 328820 64.7059
664551 193517 88.8889
664551 43285 73.6842
664551 60734 73.1707
664551 67800 60.6061
664551 60530 73.1707
664551 667247 75
664551 624856 70.5882
664551 43798 61.9048
664551 225122 73.1707
664551 139785 66.6667
664551 690590 87.8049
664551 63055 73.6842
664551 672441 76.9231
664551 141014 68.5714
664551 643480 91.4286
664551 20985 61.1111
664551 252044 66.6667
664551 634614 61.1111
664551 361456 77.7778
664551 601362 69.7674
664551 19055 83.3333
664551 663915 71.4286
664551 57547 73.6842
664551 364202 61.5385
664551 662156 80
664551 73248 69.7674
664551 57548 76.1905
664551 30724 73.6842
664551 755 82.0513
664551 29851 66.6667
664551 644297 64.8649
664551 278461 63.4146
664551 45463 62.069
664551 690393 64.2857
664551 668362 66.6667
664551 623832 73.1707
664551 62857 72.7273
664551 609818 79.0698
664551 113665 92.3077
664551 696224 64.8649
664551 671881 66.6667
664551 651218 66.6667
664551 130895 68.4211
664551 686665 66.6667
664551 675215 87.1795
664551 664970 66.6667
664551 38243 70.2703
664551 326397 73.1707
664551 263770 84.2105
664551 685799 78.0488
664551 82804 87.1795
664551 15130 87.1795
664551 690586 87.8049
664551 616811 82.9268
664551 64800 83.7209
664551 634470 66.6667
664551 632227 62.8571
664551 684074 68.2927
664551 666386 60
664551 680708 74.2857
664551 3110 60
664551 676172 82.9268
664551 69587 85.7143
664551 625028 72.7273
664551 58511 80
664551 84552 60
664551 326651 78.0488
664551 633553 61.9048
664551 680831 83.3333
664551 98431 75.6757
664551 122381 74.2857
664551 154880 87.1795
664551 57598 61.1111
664551 39362 60.4651
664551 122640 60
664551 661471 71.4286
664551 683892 78.0488
664551 55456 76.1905
664551 135284 61.1111
664551 174620 64.8649
664551 38255 65.1163
664551 677915 64.7059
664551 131312 72.7273
664551 56148 73.1707
664551 752 78.0488
664551 45410 64.2857
664551 677916 70.2703
664551 622644 80.9524
664551 669986 63.1579
664551 663952 71.4286
664551 632919 61.1111
664551 602880 71.4286
664551 8151 61.5385
664551 692011 78.0488
664551 646162 66.6667
664551 680466 68.4211
664551 102623 76.9231
664551 75516 76.9231
664551 686664 65
664551 660053 78.0488
664551 71320 61.5385
664551 683722 70.5882
664551 58895 65
664551 26154 62.8571
664551 649441 61.9048
664551 59727 91.4286
664551 66479 64.7059
664551 695218 60
664551 640902 63.8298
664551 30723 73.6842
664551 664269 68.4211
664551 694951 68.4211
664551 663936 71.4286
664551 762 66.6667
664551 667749 73.6842
664551 636946 61.9048
664551 7967 76.9231
664551 364989 81.0811
664551 63599 66.6667
664551 6396 85.7143
664551 71439 80.9524
664551 405084 65.1163
664551 19911 60
664551 339497 74.2857
664551 625027 91.8919
664551 40593 66.6667
664551 690574 82.9268
664551 628102 74.4186
664551 29232 68.4211
664551 13687 70
664551 680482 82.0513
664551 628495 70.5882
664551 103998 65
664551 86939 78.9474
664551 18894 68.75
664551 113444 61.5385
664551 278175 78.9474
664551 663927 78.0488
664551 691259 62.069
664551 187521 60
664551 662782 66.6667
664551 207835 90
664551 18255 70.5882
664551 700591 60
664551 409127 80
664551 125185 75
664551 634163 61.5385
664551 627222 76.9231
664551 675278 73.1707
664551 639683 60.4651
664551 649096 78.0488
664551 642604 71.4286
664551 684035 68.4211
664551 658818 85.7143
664551 670237 91.8919
664551 694315 66.6667
664551 1026 61.1111
664551 627082 68.2927
664551 646232 73.1707
664551 683725 72.7273
664551 49512 68.2927
664551 662773 62.8571
664551 646166 64.8649
664551 681101 100
664551 521887 68.4211
664551 648928 92.3077
664551 666115 60
664551 97327 75
664551 632917 84.2105
664551 667941 80
664551 617627 75.8621
664551 611783 79.0698
664551 674195 65
664551 663549 87.8049
664551 648929 73.1707
664551 635820 66.6667
664551 48226 60.6061
664551 643484 73.6842
664551 282037 72.2222
664551 202930 61.1111
664551 3124 61.1111
664551 160451 87.8049
664551 62009 71.4286
664551 4771 68.4211
664551 644333 78.0488
664551 19984 61.5385
664551 78998 64.8649
664551 58978 72.2222
664551 70868 78.0488
664551 327982 68.5714
664551 634220 73.1707
664551 624051 72.7273
664551 634775 78.0488
664551 27116 62.8571
664551 82807 87.1795
664551 683723 73.6842
664551 60549 78.0488
664551 79016 82.9268
664551 670091 97.2973
664551 2775 75
664551 646159 60
664551 295302 60
664551 667246 70
664551 643487 82.9268
664551 180816 70.2703
664551 619147 74.4186
664551 672019 75
664551 657843 60.4651
664551 622661 78.0488
664551 79006 68.4211
664551 264039 78.0488
664551 66688 85
664551 684038 80
664551 634581 79.0698
664551 34765 87.8049
664551 649097 60.4651
664551 680494 73.1707
664551 13009 65
664551 56285 78.9474
664551 100139 62.8571
664551 649092 65
664551 147110 66.6667
664551 627011 84.2105
664551 634156 78.9474
664551 699206 70
664551 65007 78.0488
664551 636947 61.9048
664551 638636 77.7778
664551 625239 80.9524
664551 627367 63.4146
664551 119877 70
664551 685783 85
664551 686667 75
664551 677917 73.6842
664551 749 73.1707
664551 55459 85.7143
664551 163501 60
664551 66069 60.4651
664551 634615 71.7949
664551 632913 76.1905
664551 79707 70.2703
664551 65987 83.3333
664551 51337 86.4865
664551 647527 78.7879
664551 663914 75
664551 632386 60.4651
664551 627370 76.9231
664551 75707 60.4651
664551 75518 75.6757
664551 632918 85
664551 612049 66.6667
664551 25397 63.4146
664551 663947 73.1707
664551 270531 66.6667
664551 25413 74.4186
664551 636086 66.6667
664551 665282 87.8049
664551 633810 60
664551 26540 73.6842
664551 60188 68.75
664551 602913 78.0488
664551 79008 73.1707
664551 131090 63.4146
664551 1895 68.75
664551 177951 71.7949
664551 625813 71.4286
664551 192626 68.5714
664551 3609 66.6667
664551 617628 66.6667
664551 653051 71.7949
664551 630639 72.2222
664551 663935 78.9474
664551 404698 68.4211
0 7
1 0
2 0
3 0
4 0
5 0
6 1
7 1
8 2
9 0
10 1
11 2
12 1
13 0
14 2
15 3
16 8
17 6
18 1
19 2
20 3
21 10
22 4
23 1
24 13
25 5
26 8
27 9
28 6
29 2
30 5
31 6
32 4
33 5
34 3
35 1
36 7
37 7
38 6
39 7
40 17
41 7
42 29
43 25
44 35
45 21
46 7
47 26
48 16
49 8
50 18
51 0
52 15
53 19
54 5
55 23
56 9
57 14
58 25
59 13
60 24
61 11
62 27
63 8
64 11
65 20
66 2
67 28
68 0
69 28
70 10
71 10
72 13
73 11
74 29
75 20
76 3
77 14
78 5
79 27
80 12
81 3
82 2
83 10
84 6
85 8
86 5
87 1
88 14
89 1
90 2
91 0
92 4
93 3
94 0
95 0
96 0
97 0
98 1
99 0
100 0
101 1
10
4114
