5
671159 637039 66.6667
671159 664970 60
671159 762 60
671159 671154 81.25
671159 624331 60
0 5
1 0
2 0
3 0
4 0
5 0
6 2
7 2
8 5
9 4
10 9
11 8
12 20
13 23
14 11
15 9
16 7
17 8
18 8
19 7
20 14
21 4
22 10
23 10
24 9
25 13
26 3
27 4
28 8
29 13
30 10
31 7
32 13
33 15
34 12
35 50
36 51
37 69
38 46
39 50
40 63
41 0
42 32
43 54
44 39
45 33
46 23
47 15
48 19
49 15
50 16
51 0
52 10
53 5
54 5
55 5
56 2
57 0
58 1
59 4
60 4
61 0
62 0
63 0
64 0
65 0
66 0
67 1
68 0
69 0
70 0
71 0
72 0
73 0
74 0
75 0
76 0
77 0
78 0
79 0
80 0
81 0
82 1
83 0
84 0
85 0
86 0
87 0
88 0
89 0
90 0
91 0
92 0
93 0
94 0
95 0
96 0
97 0
98 0
99 0
100 0
101 0
9
4468
