150
122681 625794 66.6667
122681 622652 69.5652
122681 628979 66.6667
122681 625464 71.4286
122681 154741 66.6667
122681 269613 69.7674
122681 627436 68.2927
122681 631808 71.4286
122681 285113 68.2927
122681 670181 85
122681 659144 69.7674
122681 631315 66.6667
122681 55619 68.1818
122681 624004 69.7674
122681 625042 78.2609
122681 627706 73.0769
122681 656388 68.1818
122681 124081 66.6667
122681 369774 68.1818
122681 697384 71.4286
122681 657817 69.7674
122681 623635 66.6667
122681 116539 85.7143
122681 102318 71.4286
122681 54128 75.5556
122681 624163 90.9091
122681 651936 68.4211
122681 625471 71.4286
122681 601821 66.6667
122681 20985 71.7949
122681 644433 66.6667
122681 73166 70
122681 667470 69.7674
122681 662771 66.6667
122681 633221 66.6667
122681 99002 85.7143
122681 404000 77.2727
122681 657815 70
122681 616278 71.4286
122681 619101 69.5652
122681 672018 74.4186
122681 633900 73.913
122681 625792 68.1818
122681 633220 68.1818
122681 64013 68.2927
122681 25952 68.1818
122681 30798 68.1818
122681 693427 68.2927
122681 650642 73.1707
122681 603977 76.1905
122681 630690 70.2703
122681 122751 66.6667
122681 63917 69.5652
122681 23380 68.4211
122681 681316 69.7674
122681 663585 66.6667
122681 128160 66.6667
122681 602909 66.6667
122681 327445 75
122681 309699 76.1905
122681 9076 73.1707
122681 634552 82.6087
122681 654114 81.8182
122681 663914 69.7674
122681 72272 69.7674
122681 63911 68.1818
122681 633868 76.1905
122681 624535 69.5652
122681 665122 68.1818
122681 220327 69.7674
122681 640645 66.6667
122681 109825 66.6667
122681 663936 66.6667
122681 174620 70
122681 636095 66.6667
122681 378242 87.8049
122681 4971 68.2927
122681 622145 71.1111
122681 657805 75
122681 677545 76.9231
122681 3609 66.6667
122681 650034 68.1818
122681 623992 75.5556
122681 650786 66.6667
122681 638173 66.6667
122681 651330 66.6667
122681 52350 66.6667
122681 650981 78.0488
122681 666530 68.2927
122681 86080 77.2727
122681 641165 73.913
122681 636784 66.6667
122681 650616 81.8182
122681 625462 68.1818
122681 657836 68.1818
122681 627226 68.2927
122681 627066 66.6667
122681 650609 66.6667
122681 658779 68.2927
122681 625446 71.4286
122681 672019 74.4186
122681 194315 74.4186
122681 660640 68.2927
122681 651324 66.6667
122681 241113 72.7273
122681 69607 69.7674
122681 644432 66.6667
122681 125718 68.2927
122681 634249 71.1111
122681 666728 71.4286
122681 666432 66.6667
122681 347504 68.2927
122681 649428 66.6667
122681 342008 71.4286
122681 102851 68.1818
122681 174612 80.9524
122681 43870 71.4286
122681 638641 68.1818
122681 158037 80.9524
122681 25397 68.1818
122681 658533 69.5652
122681 650634 76.1905
122681 624162 86.9565
122681 657562 68.2927
122681 649425 66.6667
122681 56138 68.1818
122681 45164 69.7674
122681 2738 81.8182
122681 74468 68.2927
122681 600388 68.2927
122681 655039 70.2703
122681 646001 66.6667
122681 649427 66.6667
122681 650641 77.2727
122681 60698 76.9231
122681 290504 68.5714
122681 62660 68.1818
122681 84552 74.4186
122681 644932 69.7674
122681 670179 85
122681 631956 68.1818
122681 31976 66.6667
122681 80747 70
122681 649424 66.6667
122681 689429 66.6667
122681 670180 85
122681 645334 66.6667
122681 689210 66.6667
122681 654113 68.1818
122681 657803 68.1818
0 9
1 0
2 0
3 0
4 0
5 2
6 1
7 1
8 2
9 0
10 1
11 1
12 0
13 2
14 2
15 3
16 0
17 6
18 2
19 2
20 4
21 3
22 5
23 8
24 5
25 8
26 10
27 6
28 14
29 11
30 10
31 8
32 23
33 13
34 22
35 16
36 8
37 13
38 20
39 16
40 30
41 11
42 15
43 12
44 11
45 16
46 15
47 22
48 25
49 27
50 28
51 1
52 20
53 24
54 13
55 32
56 24
57 14
58 34
59 6
60 29
61 15
62 15
63 20
64 31
65 10
66 36
67 38
68 0
69 37
70 21
71 2
72 13
73 1
74 5
75 6
76 2
77 6
78 3
79 2
80 0
81 2
82 3
83 1
84 0
85 3
86 2
87 1
88 1
89 0
90 0
91 1
92 0
93 0
94 0
95 0
96 0
97 0
98 0
99 0
100 0
101 0
10
4929
