122
676737 611078 75
676737 29232 68.2927
676737 645037 68.2927
676737 653050 68.1818
676737 110344 75
676737 655263 73.1707
676737 629502 75
676737 630691 72.7273
676737 114022 70.2703
676737 638593 68.1818
676737 609819 70
676737 24711 71.4286
676737 41356 71.4286
676737 84227 75.6757
676737 676713 68.2927
676737 191990 74.4186
676737 667247 74.4186
676737 48911 75.6757
676737 602880 66.6667
676737 364202 76.1905
676737 612765 66.6667
676737 634470 66.6667
676737 664001 71.7949
676737 657841 68.4211
676737 627073 66.6667
676737 664977 66.6667
676737 611545 71.1111
676737 663921 66.6667
676737 382814 66.6667
676737 627074 66.6667
676737 64013 68.2927
676737 377717 78.9474
676737 657833 68.4211
676737 634193 66.6667
676737 122751 66.6667
676737 4771 68.2927
676737 71320 66.6667
676737 116363 68.1818
676737 58895 69.7674
676737 30723 68.2927
676737 102624 66.6667
676737 660837 68.1818
676737 649441 71.1111
676737 69587 66.6667
676737 632919 76.9231
676737 659185 66.6667
676737 382815 68.1818
676737 640645 66.6667
676737 603719 72.7273
676737 617629 72.7273
676737 636095 71.1111
676737 625421 68.1818
676737 675008 76.1905
676737 651739 69.5652
676737 345650 68.1818
676737 626945 71.4286
676737 613239 72.7273
676737 623648 66.6667
676737 646168 72.7273
676737 635968 68.2927
676737 73819 68.2927
676737 626946 73.6842
676737 646162 66.6667
676737 630915 69.7674
676737 651590 66.6667
676737 694951 68.2927
676737 630692 69.5652
676737 667849 69.7674
676737 627066 71.4286
676737 676712 68.2927
676737 371727 69.7674
676737 617409 68.1818
676737 62009 66.6667
676737 56148 68.1818
676737 664853 73.1707
676737 609820 70
676737 278461 68.1818
676737 624331 69.5652
676737 620248 71.7949
676737 57598 71.7949
676737 691613 73.1707
676737 696224 75
676737 57548 66.6667
676737 30152 76.9231
676737 209084 66.6667
676737 668362 76.9231
676737 339497 73.6842
676737 626947 68.4211
676737 620336 68.4211
676737 685303 69.7674
676737 347504 68.2927
676737 695218 74.4186
676737 677917 73.1707
676737 649690 78.0488
676737 102851 68.1818
676737 698558 71.4286
676737 43870 66.6667
676737 631634 70.2703
676737 5553 73.1707
676737 41355 71.4286
676737 650211 69.5652
676737 26154 73.6842
676737 667068 70
676737 5220 72.7273
676737 627080 75.5556
676737 294868 69.7674
676737 624987 74.4186
676737 634306 69.5652
676737 142693 70.2703
676737 666665 81.8182
676737 632227 73.6842
676737 256 75.5556
676737 43634 69.7674
676737 625109 72.7273
676737 362133 66.6667
676737 683369 76.9231
676737 38248 70
676737 131312 72.2222
676737 689429 66.6667
676737 102623 66.6667
676737 645089 68.1818
676737 644333 68.1818
0 3
1 0
2 0
3 0
4 0
5 0
6 5
7 0
8 0
9 1
10 0
11 1
12 0
13 0
14 0
15 2
16 2
17 4
18 2
19 3
20 10
21 7
22 13
23 11
24 6
25 6
26 3
27 4
28 3
29 7
30 12
31 6
32 6
33 4
34 11
35 8
36 12
37 18
38 13
39 7
40 13
41 16
42 10
43 14
44 15
45 13
46 19
47 26
48 36
49 24
50 30
51 0
52 30
53 32
54 35
55 31
56 22
57 27
58 62
59 12
60 40
61 30
62 28
63 7
64 43
65 19
66 17
67 25
68 0
69 28
70 16
71 3
72 12
73 8
74 9
75 8
76 4
77 6
78 0
79 2
80 0
81 0
82 1
83 0
84 0
85 0
86 0
87 0
88 0
89 0
90 0
91 0
92 0
93 0
94 0
95 0
96 0
97 0
98 0
99 0
100 0
101 0
10
5154
