8
1037 908 60.4167
1037 693 67.4419
1037 551 60.241
1037 469 60.5263
1037 374 62.6263
1037 297 60
1037 293 64.5161
1037 213 61.1765
0 0
1 0
2 0
3 0
4 0
5 0
6 0
7 0
8 0
9 0
10 0
11 0
12 0
13 0
14 0
15 0
16 1
17 11
18 3
19 3
20 12
21 9
22 6
23 10
24 12
25 11
26 21
27 16
28 25
29 17
30 28
31 36
32 17
33 32
34 35
35 26
36 32
37 40
38 24
39 38
40 61
41 32
42 39
43 34
44 43
45 34
46 46
47 42
48 42
49 37
50 30
51 13
52 24
53 22
54 17
55 15
56 6
57 7
58 10
59 2
60 8
61 3
62 1
63 1
64 0
65 1
66 0
67 0
68 1
69 0
70 0
71 0
72 0
73 0
74 0
75 0
76 0
77 0
78 0
79 0
80 0
81 0
82 0
83 0
84 0
85 0
86 0
87 0
88 0
89 0
90 0
91 0
92 0
93 0
94 0
95 0
96 0
97 0
98 0
99 0
100 0
101 0
4
1408
