38
1074 1017 62.1359
1074 943 63.6364
1074 894 63.8655
1074 874 63.7168
1074 836 64.2202
1074 809 60.177
1074 778 64.7619
1074 771 63.8655
1074 729 61.5385
1074 723 71.3043
1074 673 60
1074 649 60.9524
1074 630 62.069
1074 621 64.1509
1074 586 61.1111
1074 577 62.1849
1074 532 60
1074 518 63.7931
1074 510 60.5505
1074 501 60.6557
1074 495 62.1849
1074 427 60.6742
1074 420 61.5385
1074 361 62.8571
1074 333 62.3853
1074 277 60
1074 263 62.7119
1074 257 60
1074 225 68.2927
1074 210 60.5042
1074 209 63.0631
1074 187 60
1074 160 62.5
1074 144 61.9469
1074 103 60.5505
1074 97 68.8525
1074 37 61.1111
1074 11 66.6667
0 0
1 0
2 0
3 0
4 0
5 0
6 0
7 0
8 0
9 0
10 0
11 0
12 0
13 0
14 1
15 0
16 0
17 3
18 1
19 2
20 5
21 1
22 11
23 12
24 10
25 29
26 10
27 13
28 25
29 11
30 22
31 40
32 25
33 29
34 27
35 28
36 41
37 18
38 42
39 27
40 33
41 25
42 37
43 29
44 39
45 26
46 33
47 38
48 46
49 30
50 65
51 23
52 31
53 34
54 19
55 23
56 22
57 17
58 9
59 11
60 17
61 7
62 5
63 8
64 6
65 3
66 0
67 1
68 0
69 2
70 0
71 0
72 1
73 0
74 0
75 0
76 0
77 0
78 0
79 0
80 0
81 0
82 0
83 0
84 0
85 0
86 0
87 0
88 0
89 0
90 0
91 0
92 0
93 0
94 0
95 0
96 0
97 0
98 0
99 0
100 0
101 0
4
1521
