3
1060 787 66.6667
1060 698 61.1111
1060 88 60.4651
0 0
1 0
2 0
3 0
4 0
5 0
6 1
7 3
8 0
9 1
10 3
11 9
12 13
13 10
14 10
15 10
16 17
17 14
18 33
19 30
20 44
21 21
22 57
23 55
24 60
25 64
26 45
27 43
28 48
29 50
30 48
31 39
32 61
33 37
34 24
35 31
36 34
37 22
38 14
39 14
40 18
41 12
42 10
43 10
44 11
45 9
46 4
47 2
48 4
49 2
50 3
51 0
52 1
53 0
54 0
55 2
56 1
57 2
58 0
59 0
60 0
61 1
62 1
63 0
64 0
65 0
66 0
67 1
68 0
69 0
70 0
71 0
72 0
73 0
74 0
75 0
76 0
77 0
78 0
79 0
80 0
81 0
82 0
83 0
84 0
85 0
86 0
87 0
88 0
89 0
90 0
91 0
92 0
93 0
94 0
95 0
96 0
97 0
98 0
99 0
100 0
101 0
2
1479
