2
1009 956 72.7273
1009 247 60
0 0
1 0
2 0
3 0
4 0
5 1
6 1
7 4
8 0
9 0
10 0
11 7
12 8
13 17
14 6
15 15
16 17
17 18
18 22
19 42
20 40
21 36
22 31
23 47
24 62
25 69
26 52
27 33
28 47
29 38
30 51
31 43
32 62
33 42
34 23
35 25
36 28
37 22
38 21
39 12
40 17
41 2
42 5
43 6
44 5
45 1
46 5
47 2
48 9
49 4
50 3
51 1
52 1
53 0
54 0
55 0
56 1
57 1
58 1
59 0
60 1
61 0
62 0
63 0
64 0
65 0
66 0
67 0
68 0
69 0
70 0
71 0
72 0
73 1
74 0
75 0
76 0
77 0
78 0
79 0
80 0
81 0
82 0
83 0
84 0
85 0
86 0
87 0
88 0
89 0
90 0
91 0
92 0
93 0
94 0
95 0
96 0
97 0
98 0
99 0
100 0
101 0
2
1314
