24
1064 985 61.0169
1064 971 60.5042
1064 935 64.4628
1064 922 63.8655
1064 851 61.8182
1064 821 62.5
1064 619 60
1064 552 63.8298
1064 510 61.1111
1064 505 60.5505
1064 495 61.0169
1064 466 60.5505
1064 465 65.5172
1064 423 62.5
1064 386 60.1942
1064 289 62.1359
1064 278 60.6742
1064 191 60
1064 182 62.8099
1064 169 60.5505
1064 81 63.6364
1064 71 62.6087
1064 65 63.3663
1064 19 64.4068
0 0
1 0
2 0
3 0
4 0
5 0
6 0
7 0
8 0
9 0
10 0
11 0
12 0
13 0
14 0
15 0
16 0
17 1
18 1
19 0
20 7
21 2
22 4
23 4
24 8
25 13
26 12
27 5
28 30
29 21
30 9
31 35
32 27
33 24
34 31
35 19
36 41
37 30
38 38
39 35
40 37
41 20
42 32
43 39
44 35
45 36
46 41
47 34
48 44
49 44
50 54
51 30
52 30
53 30
54 29
55 23
56 27
57 18
58 23
59 8
60 10
61 6
62 4
63 5
64 4
65 2
66 1
67 0
68 0
69 0
70 0
71 0
72 0
73 0
74 0
75 0
76 0
77 0
78 0
79 0
80 0
81 0
82 0
83 0
84 0
85 0
86 0
87 0
88 0
89 0
90 0
91 0
92 0
93 0
94 0
95 0
96 0
97 0
98 0
99 0
100 0
101 0
4
1492
