6
1032 911 63.0137
1032 898 65.8537
1032 874 60
1032 863 61.1111
1032 820 64
1032 613 60.6061
0 0
1 0
2 0
3 0
4 0
5 0
6 0
7 0
8 0
9 0
10 0
11 0
12 1
13 0
14 0
15 0
16 4
17 4
18 6
19 6
20 11
21 12
22 5
23 10
24 26
25 16
26 10
27 24
28 27
29 24
30 34
31 29
32 36
33 45
34 36
35 41
36 56
37 56
38 44
39 39
40 56
41 27
42 46
43 46
44 37
45 41
46 36
47 23
48 30
49 12
50 19
51 7
52 15
53 10
54 6
55 6
56 4
57 1
58 0
59 1
60 1
61 1
62 1
63 0
64 2
65 0
66 1
67 0
68 0
69 0
70 0
71 0
72 0
73 0
74 0
75 0
76 0
77 0
78 0
79 0
80 0
81 0
82 0
83 0
84 0
85 0
86 0
87 0
88 0
89 0
90 0
91 0
92 0
93 0
94 0
95 0
96 0
97 0
98 0
99 0
100 0
101 0
3
1390
