0
0 0
1 0
2 0
3 0
4 0
5 0
6 0
7 0
8 0
9 0
10 0
11 0
12 0
13 0
14 0
15 0
16 0
17 1
18 1
19 0
20 6
21 1
22 2
23 10
24 5
25 12
26 10
27 6
28 22
29 27
30 12
31 32
32 29
33 18
34 32
35 28
36 32
37 32
38 18
39 39
40 41
41 18
42 47
43 31
44 33
45 39
46 38
47 33
48 38
49 47
50 42
51 25
52 33
53 36
54 27
55 28
56 23
57 18
58 9
59 11
60 10
61 3
62 2
63 3
64 1
65 1
66 0
67 1
68 0
69 0
70 0
71 0
72 0
73 0
74 0
75 0
76 0
77 0
78 0
79 0
80 0
81 0
82 0
83 0
84 0
85 0
86 0
87 0
88 0
89 0
90 0
91 0
92 0
93 0
94 0
95 0
96 0
97 0
98 0
99 0
100 0
101 0
4
1333
