0
0 0
1 0
2 0
3 0
4 0
5 0
6 0
7 0
8 2
9 0
10 0
11 0
12 5
13 0
14 1
15 1
16 7
17 10
18 6
19 8
20 19
21 23
22 10
23 11
24 19
25 38
26 29
27 25
28 29
29 21
30 61
31 25
32 41
33 44
34 59
35 41
36 59
37 58
38 49
39 45
40 50
41 24
42 48
43 32
44 29
45 37
46 31
47 23
48 26
49 8
50 12
51 8
52 10
53 4
54 3
55 3
56 2
57 1
58 1
59 0
60 2
61 0
62 3
63 0
64 0
65 0
66 1
67 0
68 0
69 0
70 0
71 0
72 0
73 0
74 0
75 0
76 0
77 0
78 0
79 0
80 0
81 0
82 0
83 0
84 0
85 0
86 0
87 0
88 0
89 0
90 0
91 0
92 0
93 0
94 0
95 0
96 0
97 0
98 0
99 0
100 0
101 0
3
1626
