30
1184 1173 60.8696
1184 1080 61.5385
1184 1074 61.9469
1184 1028 61.157
1184 982 61.1111
1184 975 60.5042
1184 951 66.0377
1184 922 61.157
1184 744 60.6061
1184 679 60.1942
1184 621 61.6822
1184 615 61.0169
1184 583 64.9573
1184 577 61.6667
1184 532 61.157
1184 510 60
1184 416 60.9524
1184 409 62.069
1184 401 64.2202
1184 361 60.3774
1184 324 66.6667
1184 318 61.157
1184 263 60.5042
1184 225 67.7419
1184 208 62.8571
1184 191 60.7143
1184 147 62
1184 132 60.1626
1184 46 61.2903
1184 11 66.055
0 0
1 0
2 0
3 0
4 0
5 0
6 0
7 0
8 0
9 0
10 0
11 0
12 0
13 0
14 0
15 0
16 0
17 1
18 0
19 6
20 0
21 0
22 12
23 6
24 4
25 27
26 5
27 20
28 26
29 20
30 32
31 27
32 25
33 32
34 17
35 33
36 36
37 26
38 49
39 22
40 51
41 28
42 32
43 32
44 35
45 29
46 28
47 41
48 69
49 42
50 63
51 34
52 39
53 33
54 39
55 31
56 31
57 32
58 13
59 16
60 10
61 9
62 12
63 2
64 0
65 2
66 0
67 3
68 1
69 0
70 0
71 0
72 0
73 0
74 0
75 0
76 0
77 0
78 0
79 0
80 0
81 0
82 0
83 0
84 0
85 0
86 0
87 0
88 0
89 0
90 0
91 0
92 0
93 0
94 0
95 0
96 0
97 0
98 0
99 0
100 0
101 0
5
1896
