0
0 0
1 0
2 0
3 0
4 0
5 0
6 0
7 0
8 0
9 0
10 0
11 0
12 0
13 0
14 2
15 1
16 0
17 0
18 3
19 3
20 11
21 7
22 18
23 5
24 14
25 28
26 14
27 16
28 17
29 31
30 26
31 22
32 34
33 38
34 34
35 43
36 47
37 29
38 48
39 62
40 64
41 41
42 54
43 48
44 61
45 58
46 41
47 42
48 35
49 21
50 35
51 17
52 23
53 15
54 16
55 13
56 6
57 4
58 4
59 2
60 3
61 3
62 1
63 0
64 1
65 0
66 0
67 0
68 0
69 0
70 0
71 0
72 0
73 0
74 0
75 0
76 0
77 0
78 0
79 0
80 0
81 0
82 0
83 0
84 0
85 0
86 0
87 0
88 0
89 0
90 0
91 0
92 0
93 0
94 0
95 0
96 0
97 0
98 0
99 0
100 0
101 0
4
1819
