0
0 0
1 0
2 0
3 0
4 0
5 0
6 0
7 0
8 0
9 0
10 0
11 0
12 0
13 0
14 1
15 0
16 0
17 4
18 2
19 2
20 17
21 9
22 8
23 21
24 22
25 9
26 21
27 29
28 22
29 28
30 28
31 19
32 22
33 42
34 35
35 33
36 50
37 50
38 33
39 49
40 41
41 31
42 52
43 42
44 45
45 42
46 49
47 49
48 51
49 34
50 51
51 15
52 37
53 14
54 13
55 13
56 16
57 6
58 4
59 8
60 7
61 8
62 8
63 1
64 1
65 1
66 0
67 0
68 0
69 0
70 0
71 0
72 0
73 0
74 0
75 0
76 0
77 0
78 0
79 0
80 0
81 0
82 0
83 0
84 0
85 0
86 0
87 0
88 0
89 0
90 0
91 0
92 0
93 0
94 0
95 0
96 0
97 0
98 0
99 0
100 0
101 0
4
1943
