39
1185 1173 60.3448
1185 1155 67.2727
1185 1124 60.5042
1185 1044 60.7843
1185 1028 63.9344
1185 996 63.4146
1185 990 60.7143
1185 985 62.8099
1185 971 63.9344
1185 958 63.4146
1185 935 66.129
1185 933 60.3774
1185 928 72.7273
1185 871 61.2903
1185 840 65
1185 816 61.7886
1185 794 60.8
1185 757 60.7143
1185 749 65.3846
1185 665 61.9469
1185 664 61.3861
1185 661 64.8148
1185 606 66
1185 534 62.9032
1185 528 61.9469
1185 506 61.8182
1185 504 60.1942
1185 489 61.1111
1185 440 61.8182
1185 404 64.9123
1185 336 60.177
1185 335 60
1185 265 60.9524
1185 237 62.069
1185 168 61.2613
1185 133 61.2903
1185 33 62.069
1185 19 61.157
1185 9 62.2951
0 0
1 0
2 0
3 0
4 0
5 0
6 0
7 0
8 0
9 0
10 0
11 0
12 0
13 0
14 0
15 0
16 2
17 2
18 0
19 1
20 3
21 7
22 10
23 4
24 20
25 19
26 13
27 18
28 24
29 27
30 32
31 21
32 23
33 46
34 19
35 47
36 27
37 34
38 43
39 25
40 47
41 22
42 34
43 25
44 50
45 43
46 38
47 35
48 43
49 47
50 40
51 36
52 31
53 37
54 34
55 27
56 27
57 19
58 19
59 7
60 18
61 10
62 11
63 5
64 4
65 3
66 2
67 1
68 1
69 0
70 0
71 0
72 0
73 1
74 0
75 0
76 0
77 0
78 0
79 0
80 0
81 0
82 0
83 0
84 0
85 0
86 0
87 0
88 0
89 0
90 0
91 0
92 0
93 0
94 0
95 0
96 0
97 0
98 0
99 0
100 0
101 0
5
1901
