0
0 0
1 0
2 0
3 0
4 0
5 0
6 0
7 0
8 0
9 0
10 0
11 0
12 1
13 0
14 0
15 6
16 8
17 1
18 4
19 6
20 11
21 6
22 12
23 13
24 15
25 10
26 24
27 30
28 24
29 24
30 39
31 49
32 51
33 37
34 50
35 56
36 36
37 52
38 74
39 46
40 70
41 49
42 52
43 44
44 57
45 30
46 47
47 28
48 34
49 27
50 23
51 17
52 18
53 15
54 16
55 8
56 5
57 7
58 2
59 1
60 4
61 0
62 2
63 0
64 0
65 0
66 0
67 0
68 0
69 0
70 0
71 0
72 0
73 0
74 0
75 0
76 0
77 0
78 0
79 0
80 0
81 0
82 0
83 0
84 0
85 0
86 0
87 0
88 0
89 0
90 0
91 0
92 0
93 0
94 0
95 0
96 0
97 0
98 0
99 0
100 0
101 0
4
2109
