11
1223 1149 63.2653
1223 1134 60.7843
1223 1112 69.9029
1223 868 60.3448
1223 864 60.1942
1223 781 63.6364
1223 537 64.2202
1223 512 64.1509
1223 304 60
1223 132 61.5385
1223 118 60
0 0
1 0
2 0
3 0
4 0
5 0
6 0
7 0
8 0
9 0
10 0
11 0
12 0
13 0
14 0
15 2
16 0
17 0
18 9
19 1
20 5
21 8
22 2
23 4
24 19
25 18
26 5
27 30
28 24
29 28
30 27
31 17
32 31
33 41
34 28
35 44
36 36
37 34
38 41
39 27
40 57
41 27
42 40
43 50
44 53
45 35
46 51
47 54
48 54
49 43
50 59
51 25
52 35
53 25
54 30
55 28
56 22
57 14
58 13
59 8
60 9
61 3
62 1
63 0
64 2
65 2
66 0
67 0
68 0
69 0
70 1
71 0
72 0
73 0
74 0
75 0
76 0
77 0
78 0
79 0
80 0
81 0
82 0
83 0
84 0
85 0
86 0
87 0
88 0
89 0
90 0
91 0
92 0
93 0
94 0
95 0
96 0
97 0
98 0
99 0
100 0
101 0
5
2041
