0
0 0
1 0
2 0
3 0
4 0
5 0
6 0
7 0
8 0
9 0
10 0
11 0
12 0
13 0
14 1
15 0
16 5
17 1
18 1
19 15
20 3
21 12
22 13
23 9
24 30
25 19
26 20
27 25
28 24
29 35
30 38
31 22
32 38
33 32
34 25
35 53
36 27
37 58
38 38
39 38
40 45
41 30
42 37
43 37
44 48
45 48
46 54
47 44
48 44
49 47
50 59
51 29
52 30
53 42
54 42
55 24
56 32
57 22
58 20
59 15
60 17
61 5
62 9
63 7
64 2
65 2
66 3
67 4
68 2
69 3
70 0
71 0
72 0
73 0
74 0
75 0
76 0
77 0
78 0
79 0
80 0
81 0
82 0
83 0
84 0
85 0
86 0
87 0
88 0
89 0
90 0
91 0
92 0
93 0
94 0
95 0
96 0
97 0
98 0
99 0
100 0
101 0
6
2672
