1
1310 901 60
0 0
1 0
2 0
3 0
4 0
5 1
6 0
7 0
8 0
9 5
10 2
11 0
12 1
13 2
14 13
15 5
16 5
17 8
18 18
19 19
20 18
21 13
22 38
23 36
24 48
25 46
26 24
27 50
28 58
29 40
30 53
31 45
32 63
33 59
34 49
35 49
36 58
37 60
38 49
39 43
40 68
41 21
42 42
43 33
44 34
45 28
46 22
47 15
48 17
49 11
50 14
51 5
52 4
53 4
54 5
55 1
56 3
57 2
58 0
59 0
60 2
61 0
62 0
63 0
64 0
65 0
66 0
67 0
68 0
69 0
70 0
71 0
72 0
73 0
74 0
75 0
76 0
77 0
78 0
79 0
80 0
81 0
82 0
83 0
84 0
85 0
86 0
87 0
88 0
89 0
90 0
91 0
92 0
93 0
94 0
95 0
96 0
97 0
98 0
99 0
100 0
101 0
4
2366
