2
1382 1176 60.4651
1382 12 62.7451
0 0
1 0
2 0
3 0
4 0
5 1
6 1
7 0
8 0
9 4
10 7
11 8
12 2
13 2
14 16
15 16
16 21
17 5
18 27
19 29
20 43
21 20
22 44
23 32
24 44
25 61
26 52
27 46
28 64
29 49
30 79
31 57
32 90
33 70
34 33
35 66
36 55
37 60
38 27
39 31
40 56
41 19
42 25
43 24
44 23
45 10
46 14
47 7
48 10
49 2
50 8
51 2
52 4
53 2
54 2
55 1
56 2
57 3
58 1
59 1
60 1
61 1
62 0
63 1
64 0
65 0
66 0
67 0
68 0
69 0
70 0
71 0
72 0
73 0
74 0
75 0
76 0
77 0
78 0
79 0
80 0
81 0
82 0
83 0
84 0
85 0
86 0
87 0
88 0
89 0
90 0
91 0
92 0
93 0
94 0
95 0
96 0
97 0
98 0
99 0
100 0
101 0
3
2653
