5
1358 859 61.0169
1358 440 61.3636
1358 357 60.241
1358 311 61.8182
1358 106 60.274
0 0
1 0
2 0
3 0
4 0
5 0
6 0
7 0
8 1
9 0
10 0
11 1
12 3
13 1
14 1
15 7
16 6
17 5
18 11
19 15
20 19
21 14
22 22
23 30
24 35
25 24
26 30
27 41
28 28
29 47
30 37
31 41
32 46
33 40
34 59
35 56
36 38
37 64
38 78
39 51
40 57
41 46
42 50
43 39
44 40
45 48
46 36
47 24
48 29
49 27
50 22
51 15
52 18
53 10
54 10
55 9
56 8
57 6
58 6
59 1
60 0
61 2
62 3
63 0
64 0
65 0
66 0
67 0
68 0
69 0
70 0
71 0
72 0
73 0
74 0
75 0
76 0
77 0
78 0
79 0
80 0
81 0
82 0
83 0
84 0
85 0
86 0
87 0
88 0
89 0
90 0
91 0
92 0
93 0
94 0
95 0
96 0
97 0
98 0
99 0
100 0
101 0
4
2555
