26
1315 1298 61.8557
1315 1270 63.0631
1315 1201 67.2897
1315 1147 60.5505
1315 1136 60.7843
1315 1117 61.1111
1315 1085 64.8649
1315 1028 60.3448
1315 861 60.7843
1315 856 65.9341
1315 792 60
1315 778 61.3861
1315 744 63.8298
1315 718 60.177
1315 690 65.9091
1315 663 60.3774
1315 594 61.3861
1315 489 68.6275
1315 268 67.2414
1315 265 62.6263
1315 237 63.6364
1315 159 62.069
1315 134 60.7843
1315 77 62.069
1315 46 62.1849
1315 3 62.5
0 0
1 0
2 0
3 0
4 0
5 0
6 0
7 0
8 0
9 0
10 0
11 0
12 0
13 0
14 0
15 0
16 0
17 0
18 4
19 2
20 6
21 9
22 6
23 15
24 28
25 7
26 20
27 27
28 17
29 30
30 32
31 23
32 38
33 30
34 29
35 47
36 43
37 36
38 52
39 30
40 60
41 30
42 39
43 45
44 58
45 47
46 61
47 40
48 56
49 36
50 48
51 44
52 41
53 36
54 32
55 30
56 13
57 11
58 15
59 9
60 7
61 7
62 4
63 5
64 3
65 1
66 2
67 0
68 2
69 1
70 0
71 0
72 0
73 0
74 0
75 0
76 0
77 0
78 0
79 0
80 0
81 0
82 0
83 0
84 0
85 0
86 0
87 0
88 0
89 0
90 0
91 0
92 0
93 0
94 0
95 0
96 0
97 0
98 0
99 0
100 0
101 0
5
2386
