0
0 0
1 0
2 0
3 0
4 0
5 0
6 0
7 0
8 0
9 0
10 3
11 1
12 0
13 2
14 6
15 11
16 12
17 6
18 17
19 14
20 38
21 16
22 23
23 27
24 38
25 54
26 41
27 50
28 48
29 45
30 73
31 54
32 64
33 71
34 59
35 89
36 76
37 54
38 54
39 58
40 62
41 14
42 45
43 28
44 25
45 26
46 18
47 13
48 16
49 8
50 6
51 5
52 2
53 2
54 2
55 1
56 0
57 1
58 3
59 0
60 0
61 0
62 1
63 0
64 1
65 0
66 0
67 0
68 0
69 0
70 0
71 0
72 0
73 0
74 0
75 0
76 0
77 0
78 0
79 0
80 0
81 0
82 0
83 0
84 0
85 0
86 0
87 0
88 0
89 0
90 0
91 0
92 0
93 0
94 0
95 0
96 0
97 0
98 0
99 0
100 0
101 0
4
2663
