0
0 0
1 0
2 0
3 0
4 0
5 2
6 2
7 0
8 0
9 1
10 8
11 7
12 6
13 4
14 14
15 17
16 30
17 8
18 23
19 14
20 43
21 21
22 39
23 48
24 40
25 59
26 61
27 62
28 64
29 50
30 72
31 50
32 82
33 69
34 56
35 59
36 47
37 56
38 40
39 28
40 72
41 9
42 24
43 21
44 25
45 19
46 14
47 9
48 10
49 5
50 7
51 4
52 3
53 4
54 1
55 1
56 0
57 2
58 1
59 1
60 0
61 1
62 0
63 0
64 0
65 0
66 0
67 0
68 0
69 0
70 0
71 0
72 0
73 0
74 0
75 0
76 0
77 0
78 0
79 0
80 0
81 0
82 0
83 0
84 0
85 0
86 0
87 0
88 0
89 0
90 0
91 0
92 0
93 0
94 0
95 0
96 0
97 0
98 0
99 0
100 0
101 0
3
2811
