3
1597 1382 62.2222
1597 248 65
1597 42 60.3774
0 0
1 0
2 0
3 0
4 0
5 0
6 0
7 0
8 0
9 0
10 3
11 2
12 0
13 4
14 11
15 10
16 15
17 3
18 17
19 13
20 33
21 23
22 38
23 36
24 45
25 77
26 45
27 59
28 57
29 56
30 90
31 67
32 107
33 66
34 52
35 98
36 71
37 59
38 55
39 64
40 68
41 23
42 40
43 39
44 32
45 19
46 13
47 18
48 15
49 6
50 10
51 5
52 9
53 4
54 3
55 5
56 1
57 4
58 2
59 1
60 0
61 1
62 0
63 1
64 0
65 1
66 0
67 0
68 0
69 0
70 0
71 0
72 0
73 0
74 0
75 0
76 0
77 0
78 0
79 0
80 0
81 0
82 0
83 0
84 0
85 0
86 0
87 0
88 0
89 0
90 0
91 0
92 0
93 0
94 0
95 0
96 0
97 0
98 0
99 0
100 0
101 0
4
3669
