0
0 0
1 0
2 0
3 0
4 0
5 0
6 0
7 0
8 0
9 0
10 0
11 0
12 2
13 0
14 0
15 1
16 8
17 4
18 9
19 9
20 18
21 11
22 12
23 16
24 39
25 29
26 21
27 30
28 38
29 40
30 32
31 37
32 57
33 68
34 44
35 63
36 75
37 48
38 69
39 86
40 78
41 47
42 72
43 67
44 60
45 43
46 50
47 41
48 30
49 34
50 28
51 12
52 18
53 12
54 12
55 9
56 4
57 4
58 3
59 4
60 3
61 1
62 1
63 0
64 2
65 0
66 1
67 0
68 0
69 0
70 0
71 0
72 0
73 0
74 0
75 0
76 0
77 0
78 0
79 0
80 0
81 0
82 0
83 0
84 0
85 0
86 0
87 0
88 0
89 0
90 0
91 0
92 0
93 0
94 0
95 0
96 0
97 0
98 0
99 0
100 0
101 0
5
3207
