33
1542 1494 61.1111
1542 1390 63.5514
1542 1386 60.7143
1542 1371 62.7119
1542 1317 72.0721
1542 1302 64.2202
1542 1290 65.5172
1542 1263 60.3774
1542 1147 61.8182
1542 1054 60.6061
1542 1020 62.1359
1542 1018 60.2151
1542 935 60.5042
1542 931 63.8298
1542 930 64.7619
1542 907 62.8571
1542 882 62.8571
1542 836 64.1509
1542 821 60
1542 816 61.0169
1542 626 61.3861
1542 615 61.4035
1542 594 60.7843
1542 592 60
1542 568 68.9076
1542 556 62.5
1542 532 68.3761
1542 500 61.3636
1542 486 68.0412
1542 479 60
1542 465 61.4035
1542 338 63.7168
1542 287 63.7931
0 0
1 0
2 0
3 0
4 0
5 0
6 0
7 0
8 0
9 0
10 0
11 0
12 0
13 0
14 0
15 2
16 0
17 1
18 2
19 5
20 19
21 11
22 6
23 23
24 18
25 14
26 19
27 27
28 30
29 46
30 22
31 22
32 44
33 35
34 32
35 72
36 30
37 49
38 49
39 37
40 66
41 40
42 70
43 39
44 57
45 60
46 53
47 47
48 50
49 50
50 60
51 33
52 55
53 39
54 41
55 38
56 25
57 22
58 17
59 20
60 14
61 6
62 7
63 5
64 4
65 3
66 1
67 0
68 0
69 3
70 0
71 0
72 0
73 1
74 0
75 0
76 0
77 0
78 0
79 0
80 0
81 0
82 0
83 0
84 0
85 0
86 0
87 0
88 0
89 0
90 0
91 0
92 0
93 0
94 0
95 0
96 0
97 0
98 0
99 0
100 0
101 0
6
3390
