0
0 0
1 0
2 0
3 0
4 0
5 0
6 0
7 0
8 0
9 0
10 0
11 0
12 0
13 0
14 0
15 0
16 2
17 0
18 0
19 7
20 4
21 5
22 15
23 10
24 9
25 31
26 16
27 24
28 24
29 56
30 32
31 41
32 33
33 28
34 42
35 40
36 38
37 54
38 36
39 49
40 80
41 35
42 63
43 53
44 82
45 62
46 71
47 49
48 63
49 52
50 67
51 37
52 38
53 32
54 26
55 28
56 18
57 15
58 14
59 8
60 7
61 9
62 1
63 4
64 2
65 1
66 2
67 0
68 1
69 0
70 1
71 0
72 0
73 0
74 0
75 0
76 0
77 0
78 0
79 0
80 0
81 0
82 0
83 0
84 0
85 0
86 0
87 0
88 0
89 0
90 0
91 0
92 0
93 0
94 0
95 0
96 0
97 0
98 0
99 0
100 0
101 0
6
3273
