3
1555 1037 68.4211
1555 1007 61.1111
1555 81 61.3636
0 0
1 0
2 0
3 0
4 0
5 0
6 0
7 0
8 0
9 0
10 0
11 1
12 6
13 2
14 0
15 10
16 17
17 10
18 6
19 10
20 26
21 22
22 26
23 18
24 34
25 39
26 19
27 35
28 40
29 49
30 52
31 42
32 54
33 92
34 63
35 54
36 73
37 53
38 67
39 60
40 100
41 38
42 63
43 46
44 55
45 38
46 41
47 33
48 37
49 22
50 31
51 12
52 9
53 12
54 8
55 11
56 5
57 1
58 4
59 2
60 3
61 0
62 2
63 0
64 0
65 0
66 0
67 0
68 0
69 1
70 0
71 0
72 0
73 0
74 0
75 0
76 0
77 0
78 0
79 0
80 0
81 0
82 0
83 0
84 0
85 0
86 0
87 0
88 0
89 0
90 0
91 0
92 0
93 0
94 0
95 0
96 0
97 0
98 0
99 0
100 0
101 0
5
3455
