0
0 0
1 0
2 0
3 0
4 0
5 0
6 0
7 0
8 0
9 0
10 0
11 0
12 0
13 0
14 0
15 0
16 0
17 3
18 0
19 1
20 11
21 4
22 6
23 21
24 17
25 14
26 22
27 41
28 32
29 26
30 44
31 29
32 47
33 52
34 43
35 44
36 50
37 61
38 44
39 75
40 60
41 41
42 80
43 59
44 77
45 80
46 66
47 57
48 65
49 65
50 56
51 30
52 45
53 35
54 32
55 14
56 16
57 17
58 10
59 1
60 5
61 3
62 5
63 4
64 1
65 1
66 0
67 0
68 0
69 0
70 0
71 0
72 0
73 0
74 0
75 0
76 0
77 0
78 0
79 0
80 0
81 0
82 0
83 0
84 0
85 0
86 0
87 0
88 0
89 0
90 0
91 0
92 0
93 0
94 0
95 0
96 0
97 0
98 0
99 0
100 0
101 0
6
3750
