0
0 0
1 0
2 0
3 0
4 0
5 0
6 0
7 0
8 0
9 0
10 0
11 0
12 0
13 0
14 1
15 1
16 3
17 10
18 3
19 8
20 18
21 7
22 11
23 23
24 19
25 21
26 26
27 39
28 26
29 39
30 52
31 43
32 29
33 70
34 28
35 57
36 64
37 58
38 58
39 73
40 60
41 40
42 66
43 51
44 54
45 66
46 57
47 53
48 63
49 58
50 56
51 23
52 37
53 29
54 26
55 19
56 18
57 13
58 9
59 8
60 4
61 8
62 7
63 2
64 2
65 0
66 2
67 0
68 0
69 0
70 0
71 0
72 1
73 0
74 0
75 0
76 0
77 0
78 0
79 0
80 0
81 0
82 0
83 0
84 0
85 0
86 0
87 0
88 0
89 0
90 0
91 0
92 0
93 0
94 0
95 0
96 0
97 0
98 0
99 0
100 0
101 0
6
3786
