0
0 0
1 0
2 0
3 0
4 0
5 0
6 0
7 0
8 0
9 0
10 0
11 0
12 0
13 0
14 0
15 2
16 3
17 0
18 8
19 11
20 6
21 7
22 21
23 16
24 30
25 50
26 15
27 34
28 45
29 25
30 31
31 49
32 40
33 28
34 53
35 43
36 51
37 62
38 40
39 56
40 67
41 44
42 61
43 52
44 68
45 62
46 67
47 49
48 59
49 59
50 65
51 29
52 43
53 27
54 28
55 28
56 19
57 15
58 10
59 6
60 10
61 7
62 3
63 4
64 3
65 0
66 3
67 0
68 0
69 0
70 2
71 0
72 0
73 0
74 0
75 0
76 0
77 0
78 0
79 0
80 0
81 0
82 0
83 0
84 0
85 0
86 0
87 0
88 0
89 0
90 0
91 0
92 0
93 0
94 0
95 0
96 0
97 0
98 0
99 0
100 0
101 0
6
3772
