18
1624 1400 60.6061
1624 1380 64.2857
1624 1308 61.0526
1624 1212 60.1942
1624 1185 61.5385
1624 1183 60.7843
1624 1136 66.6667
1624 1080 60.3774
1624 1049 64.3678
1624 1001 64.3678
1624 985 62.3853
1624 794 65.4867
1624 664 67.4157
1624 404 62.7451
1624 265 60.2151
1624 205 63.5294
1624 183 60.1942
1624 41 61.5385
0 0
1 0
2 0
3 0
4 0
5 0
6 0
7 0
8 0
9 0
10 0
11 0
12 0
13 2
14 1
15 0
16 6
17 1
18 3
19 11
20 16
21 12
22 21
23 16
24 18
25 22
26 28
27 29
28 25
29 50
30 46
31 36
32 51
33 54
34 25
35 56
36 60
37 43
38 65
39 39
40 67
41 47
42 77
43 56
44 72
45 69
46 66
47 47
48 46
49 49
50 46
51 30
52 51
53 28
54 30
55 25
56 21
57 11
58 18
59 6
60 7
61 6
62 3
63 2
64 1
65 3
66 1
67 1
68 1
69 0
70 0
71 0
72 0
73 0
74 0
75 0
76 0
77 0
78 0
79 0
80 0
81 0
82 0
83 0
84 0
85 0
86 0
87 0
88 0
89 0
90 0
91 0
92 0
93 0
94 0
95 0
96 0
97 0
98 0
99 0
100 0
101 0
6
3804
