1
1794 1022 60.6061
0 0
1 0
2 0
3 0
4 0
5 0
6 0
7 6
8 0
9 1
10 7
11 13
12 15
13 37
14 25
15 18
16 30
17 42
18 55
19 74
20 77
21 54
22 98
23 74
24 88
25 119
26 78
27 84
28 92
29 75
30 92
31 66
32 63
33 61
34 58
35 38
36 40
37 31
38 39
39 19
40 25
41 9
42 26
43 16
44 10
45 5
46 7
47 8
48 2
49 5
50 3
51 0
52 1
53 2
54 3
55 0
56 0
57 1
58 0
59 0
60 0
61 1
62 0
63 0
64 0
65 0
66 0
67 0
68 0
69 0
70 0
71 0
72 0
73 0
74 0
75 0
76 0
77 0
78 0
79 0
80 0
81 0
82 0
83 0
84 0
85 0
86 0
87 0
88 0
89 0
90 0
91 0
92 0
93 0
94 0
95 0
96 0
97 0
98 0
99 0
100 0
101 0
4
4703
