0
0 0
1 0
2 0
3 0
4 0
5 0
6 0
7 0
8 0
9 0
10 0
11 0
12 0
13 0
14 0
15 0
16 0
17 5
18 2
19 2
20 16
21 5
22 7
23 25
24 24
25 18
26 30
27 16
28 31
29 49
30 30
31 60
32 41
33 35
34 44
35 64
36 42
37 52
38 38
39 60
40 78
41 48
42 52
43 45
44 57
45 60
46 60
47 56
48 56
49 54
50 68
51 48
52 55
53 54
54 44
55 35
56 35
57 26
58 11
59 20
60 9
61 10
62 14
63 4
64 0
65 2
66 0
67 5
68 0
69 1
70 0
71 0
72 0
73 1
74 0
75 0
76 0
77 0
78 0
79 0
80 0
81 0
82 0
83 0
84 0
85 0
86 0
87 0
88 0
89 0
90 0
91 0
92 0
93 0
94 0
95 0
96 0
97 0
98 0
99 0
100 0
101 0
7
4227
