66
1736 1726 64.9573
1736 1720 60.1626
1736 1617 63.1579
1736 1577 62.7119
1736 1575 62.0155
1736 1569 62.0155
1736 1542 61.0169
1736 1537 60
1736 1476 62.4
1736 1397 63.2479
1736 1386 66.129
1736 1371 61.5385
1736 1342 61.7886
1736 1341 60.4651
1736 1317 66.6667
1736 1290 68.75
1736 1257 62.6087
1736 1151 60.8696
1736 1088 67.2131
1736 1028 60.4651
1736 997 60
1736 989 61.157
1736 982 60.3448
1736 973 63.7931
1736 963 65.1163
1736 959 65
1736 930 71.7949
1736 914 64.5161
1736 908 61.0169
1736 816 60
1736 797 60
1736 777 66.087
1736 757 65.5462
1736 687 62.7119
1736 657 60
1736 626 61.9469
1736 623 60
1736 615 65.0794
1736 614 60.9375
1736 573 75.3846
1736 568 68.7023
1736 564 61.9469
1736 556 64.5161
1736 532 62.0155
1736 483 64.3478
1736 468 66.087
1736 465 60.3175
1736 409 62.9032
1736 396 62.2951
1736 360 63.5659
1736 331 68.7023
1736 318 65.1163
1736 302 63.7931
1736 288 62.2642
1736 287 62.5
1736 225 65.1515
1736 210 65.625
1736 203 65.625
1736 202 60.6557
1736 182 64.1221
1736 159 60.4651
1736 133 62.5954
1736 128 62.7451
1736 103 61.0169
1736 77 60.4651
1736 14 62.7119
0 0
1 0
2 0
3 0
4 0
5 0
6 0
7 0
8 0
9 0
10 0
11 0
12 0
13 0
14 0
15 0
16 0
17 0
18 4
19 0
20 22
21 0
22 19
23 15
24 8
25 30
26 18
27 36
28 34
29 46
30 38
31 29
32 48
33 49
34 23
35 58
36 41
37 57
38 36
39 65
40 45
41 50
42 54
43 50
44 47
45 55
46 50
47 42
48 52
49 41
50 76
51 40
52 68
53 56
54 52
55 57
56 43
57 29
58 33
59 26
60 33
61 10
62 8
63 14
64 5
65 6
66 7
67 4
68 1
69 3
70 0
71 0
72 1
73 0
74 0
75 0
76 1
77 0
78 0
79 0
80 0
81 0
82 0
83 0
84 0
85 0
86 0
87 0
88 0
89 0
90 0
91 0
92 0
93 0
94 0
95 0
96 0
97 0
98 0
99 0
100 0
101 0
8
4397
