0
0 0
1 0
2 0
3 0
4 0
5 0
6 0
7 0
8 0
9 1
10 0
11 0
12 2
13 6
14 5
15 1
16 8
17 8
18 21
19 7
20 14
21 13
22 27
23 39
24 36
25 30
26 41
27 46
28 46
29 46
30 57
31 60
32 79
33 61
34 66
35 89
36 89
37 78
38 98
39 62
40 79
41 43
42 72
43 51
44 66
45 54
46 46
47 24
48 30
49 31
50 23
51 3
52 15
53 7
54 7
55 7
56 6
57 4
58 5
59 2
60 0
61 0
62 0
63 0
64 0
65 0
66 0
67 0
68 0
69 0
70 1
71 0
72 0
73 0
74 0
75 0
76 0
77 0
78 0
79 0
80 0
81 0
82 0
83 0
84 0
85 0
86 0
87 0
88 0
89 0
90 0
91 0
92 0
93 0
94 0
95 0
96 0
97 0
98 0
99 0
100 0
101 0
5
4270
