0
0 0
1 0
2 0
3 0
4 0
5 0
6 0
7 0
8 2
9 0
10 0
11 0
12 4
13 9
14 1
15 6
16 11
17 10
18 6
19 9
20 25
21 22
22 32
23 21
24 36
25 53
26 30
27 37
28 45
29 35
30 66
31 55
32 69
33 87
34 81
35 56
36 74
37 84
38 90
39 69
40 96
41 53
42 72
43 57
44 65
45 60
46 43
47 32
48 40
49 18
50 30
51 12
52 15
53 14
54 11
55 4
56 3
57 7
58 3
59 2
60 1
61 0
62 0
63 1
64 1
65 0
66 0
67 0
68 0
69 0
70 0
71 0
72 0
73 0
74 0
75 0
76 0
77 0
78 0
79 0
80 0
81 0
82 0
83 0
84 0
85 0
86 0
87 0
88 0
89 0
90 0
91 0
92 0
93 0
94 0
95 0
96 0
97 0
98 0
99 0
100 0
101 0
6
4551
