0
0 0
1 0
2 0
3 0
4 0
5 0
6 0
7 0
8 0
9 0
10 0
11 0
12 4
13 0
14 3
15 4
16 7
17 4
18 6
19 23
20 19
21 9
22 14
23 28
24 33
25 25
26 38
27 40
28 42
29 44
30 57
31 64
32 72
33 58
34 78
35 82
36 64
37 60
38 81
39 55
40 96
41 66
42 83
43 73
44 76
45 73
46 76
47 56
48 49
49 35
50 36
51 13
52 27
53 16
54 26
55 11
56 10
57 7
58 9
59 3
60 3
61 0
62 0
63 2
64 0
65 0
66 1
67 0
68 0
69 0
70 0
71 0
72 0
73 0
74 0
75 0
76 0
77 0
78 0
79 0
80 0
81 0
82 0
83 0
84 0
85 0
86 0
87 0
88 0
89 0
90 0
91 0
92 0
93 0
94 0
95 0
96 0
97 0
98 0
99 0
100 0
101 0
6
5103
