55
1872 1853 60.8
1872 1838 61.8182
1872 1709 62.1849
1872 1651 60.7143
1872 1568 61.9469
1872 1552 61.9048
1872 1546 63.2653
1872 1521 65.0407
1872 1505 65.3061
1872 1489 61.2613
1872 1417 64.8649
1872 1415 60.3774
1872 1401 62.9921
1872 1377 63.2479
1872 1367 60.177
1872 1343 61.2903
1872 1305 60.2151
1872 1294 61.6822
1872 1189 62.6087
1872 1117 62.069
1872 1079 61.8182
1872 962 62.6263
1872 935 60.3175
1872 893 60.177
1872 874 63.2479
1872 871 61.9048
1872 861 60
1872 843 61.0169
1872 823 63.7168
1872 778 60.5505
1872 729 69.4215
1872 723 65.5462
1872 701 63.6364
1872 673 61.4035
1872 649 64.2202
1872 603 60.3448
1872 557 60.7143
1872 534 61.9048
1872 510 61.9469
1872 506 64.2857
1872 501 61.9048
1872 420 64.4628
1872 333 60.177
1872 318 61.2903
1872 241 62
1872 234 60.6557
1872 220 65.4545
1872 181 61.4035
1872 160 60.3448
1872 135 60
1872 103 63.7168
1872 79 61.0169
1872 59 60.6557
1872 5 60.177
1872 3 60
0 0
1 0
2 0
3 0
4 0
5 0
6 0
7 0
8 0
9 0
10 0
11 0
12 0
13 0
14 0
15 0
16 0
17 0
18 2
19 2
20 0
21 8
22 16
23 10
24 26
25 14
26 37
27 29
28 22
29 46
30 36
31 34
32 77
33 38
34 48
35 53
36 52
37 57
38 44
39 67
40 63
41 62
42 40
43 52
44 79
45 57
46 65
47 49
48 59
49 63
50 78
51 46
52 42
53 51
54 66
55 44
56 59
57 37
58 34
59 36
60 19
61 15
62 17
63 5
64 6
65 4
66 4
67 0
68 0
69 0
70 1
71 0
72 0
73 0
74 0
75 0
76 0
77 0
78 0
79 0
80 0
81 0
82 0
83 0
84 0
85 0
86 0
87 0
88 0
89 0
90 0
91 0
92 0
93 0
94 0
95 0
96 0
97 0
98 0
99 0
100 0
101 0
8
5166
