34
1870 1829 62.6087
1870 1816 61.5385
1870 1729 60
1870 1720 61.1111
1870 1655 63.2653
1870 1620 65.2632
1870 1614 63.5294
1870 1568 60.1942
1870 1411 63.0435
1870 1390 61.5385
1870 1341 63.1579
1870 1263 60.1942
1870 1196 61.7021
1870 1147 65.4206
1870 1124 61.2613
1870 1070 61.2245
1870 1050 61.7021
1870 996 62.6087
1870 990 61.5385
1870 907 62.7451
1870 670 67.8899
1870 667 61.7021
1870 593 65.2174
1870 588 60.6742
1870 478 60.3774
1870 338 61.8182
1870 274 62
1870 226 60.7843
1870 199 62.8571
1870 183 65.4206
1870 132 60.3448
1870 94 60
1870 81 60.9524
1870 68 60.2151
0 0
1 0
2 0
3 0
4 0
5 0
6 0
7 0
8 0
9 0
10 0
11 0
12 1
13 0
14 1
15 3
16 4
17 3
18 11
19 11
20 15
21 18
22 16
23 9
24 37
25 39
26 20
27 44
28 36
29 45
30 43
31 52
32 37
33 64
34 53
35 48
36 66
37 68
38 45
39 65
40 75
41 57
42 68
43 59
44 80
45 67
46 72
47 62
48 63
49 64
50 68
51 33
52 47
53 32
54 36
55 33
56 21
57 18
58 12
59 6
60 10
61 8
62 11
63 4
64 4
65 0
66 4
67 0
68 1
69 0
70 0
71 0
72 0
73 0
74 0
75 0
76 0
77 0
78 0
79 0
80 0
81 0
82 0
83 0
84 0
85 0
86 0
87 0
88 0
89 0
90 0
91 0
92 0
93 0
94 0
95 0
96 0
97 0
98 0
99 0
100 0
101 0
7
5152
