2
1822 929 64.1509
1822 708 61.5385
0 0
1 0
2 0
3 0
4 0
5 0
6 0
7 0
8 0
9 0
10 0
11 0
12 5
13 0
14 0
15 0
16 15
17 7
18 6
19 7
20 29
21 13
22 14
23 16
24 40
25 44
26 27
27 34
28 37
29 54
30 46
31 54
32 64
33 87
34 65
35 51
36 84
37 82
38 76
39 57
40 109
41 54
42 81
43 71
44 83
45 61
46 78
47 48
48 54
49 36
50 40
51 16
52 26
53 12
54 11
55 10
56 4
57 6
58 1
59 1
60 3
61 0
62 1
63 0
64 0
65 1
66 0
67 0
68 0
69 0
70 0
71 0
72 0
73 0
74 0
75 0
76 0
77 0
78 0
79 0
80 0
81 0
82 0
83 0
84 0
85 0
86 0
87 0
88 0
89 0
90 0
91 0
92 0
93 0
94 0
95 0
96 0
97 0
98 0
99 0
100 0
101 0
6
4864
