0
0 0
1 0
2 0
3 0
4 0
5 0
6 0
7 0
8 0
9 0
10 0
11 0
12 0
13 0
14 0
15 0
16 0
17 2
18 0
19 4
20 4
21 0
22 23
23 10
24 16
25 32
26 15
27 27
28 51
29 37
30 46
31 47
32 42
33 76
34 39
35 71
36 52
37 47
38 69
39 42
40 91
41 40
42 61
43 60
44 46
45 82
46 69
47 67
48 64
49 69
50 83
51 51
52 62
53 52
54 53
55 52
56 41
57 40
58 30
59 23
60 35
61 7
62 17
63 8
64 8
65 7
66 4
67 3
68 1
69 1
70 0
71 0
72 0
73 0
74 0
75 0
76 0
77 0
78 0
79 0
80 0
81 0
82 0
83 0
84 0
85 0
86 0
87 0
88 0
89 0
90 0
91 0
92 0
93 0
94 0
95 0
96 0
97 0
98 0
99 0
100 0
101 0
9
5839
