11
1924 1553 60
1924 1489 61.5385
1924 1400 60.2151
1924 1175 62.069
1924 1159 62.1622
1924 783 61.9048
1924 576 61.7284
1924 166 63.1579
1924 135 60
1924 102 60.2151
1924 71 62
0 0
1 0
2 0
3 0
4 0
5 0
6 0
7 0
8 0
9 0
10 0
11 0
12 0
13 0
14 1
15 4
16 1
17 2
18 6
19 7
20 8
21 13
22 24
23 14
24 22
25 48
26 28
27 26
28 35
29 55
30 47
31 42
32 65
33 67
34 49
35 72
36 71
37 60
38 67
39 90
40 92
41 61
42 89
43 60
44 83
45 76
46 69
47 75
48 70
49 58
50 68
51 34
52 39
53 27
54 25
55 14
56 15
57 13
58 9
59 9
60 4
61 2
62 4
63 2
64 1
65 0
66 0
67 0
68 0
69 0
70 0
71 0
72 0
73 0
74 0
75 0
76 0
77 0
78 0
79 0
80 0
81 0
82 0
83 0
84 0
85 0
86 0
87 0
88 0
89 0
90 0
91 0
92 0
93 0
94 0
95 0
96 0
97 0
98 0
99 0
100 0
101 0
6
5494
