0
0 0
1 0
2 0
3 0
4 0
5 0
6 0
7 0
8 0
9 0
10 0
11 0
12 8
13 1
14 1
15 8
16 13
17 8
18 16
19 19
20 38
21 14
22 19
23 39
24 44
25 43
26 33
27 55
28 49
29 44
30 59
31 54
32 79
33 61
34 61
35 80
36 78
37 64
38 84
39 81
40 98
41 61
42 85
43 65
44 78
45 69
46 52
47 35
48 47
49 42
50 39
51 13
52 24
53 20
54 17
55 9
56 8
57 9
58 13
59 4
60 2
61 1
62 4
63 1
64 1
65 0
66 0
67 0
68 0
69 0
70 0
71 0
72 0
73 0
74 0
75 0
76 0
77 0
78 0
79 0
80 0
81 0
82 0
83 0
84 0
85 0
86 0
87 0
88 0
89 0
90 0
91 0
92 0
93 0
94 0
95 0
96 0
97 0
98 0
99 0
100 0
101 0
6
5659
