0
0 0
1 0
2 0
3 0
4 0
5 0
6 0
7 0
8 0
9 0
10 0
11 0
12 0
13 0
14 0
15 0
16 1
17 0
18 3
19 12
20 4
21 15
22 22
23 8
24 19
25 31
26 13
27 26
28 44
29 44
30 50
31 68
32 47
33 47
34 64
35 46
36 59
37 68
38 55
39 64
40 53
41 53
42 84
43 61
44 72
45 68
46 68
47 79
48 72
49 67
50 78
51 29
52 50
53 48
54 45
55 40
56 30
57 26
58 18
59 16
60 12
61 8
62 9
63 5
64 4
65 2
66 1
67 1
68 0
69 0
70 0
71 1
72 0
73 0
74 0
75 0
76 0
77 0
78 0
79 0
80 0
81 0
82 0
83 0
84 0
85 0
86 0
87 0
88 0
89 0
90 0
91 0
92 0
93 0
94 0
95 0
96 0
97 0
98 0
99 0
100 0
101 0
7
5407
