3
1953 1662 64.7887
1953 1281 61.8182
1953 953 63.1579
0 0
1 0
2 0
3 0
4 0
5 0
6 0
7 0
8 0
9 1
10 0
11 0
12 0
13 6
14 9
15 2
16 14
17 8
18 20
19 10
20 23
21 21
22 41
23 37
24 34
25 46
26 45
27 74
28 44
29 45
30 82
31 65
32 82
33 75
34 77
35 93
36 110
37 78
38 92
39 97
40 89
41 57
42 62
43 56
44 51
45 60
46 54
47 37
48 34
49 27
50 31
51 10
52 13
53 7
54 5
55 7
56 3
57 4
58 4
59 3
60 4
61 0
62 1
63 0
64 1
65 1
66 0
67 0
68 0
69 0
70 0
71 0
72 0
73 0
74 0
75 0
76 0
77 0
78 0
79 0
80 0
81 0
82 0
83 0
84 0
85 0
86 0
87 0
88 0
89 0
90 0
91 0
92 0
93 0
94 0
95 0
96 0
97 0
98 0
99 0
100 0
101 0
6
5673
