0
0 0
1 0
2 0
3 0
4 0
5 0
6 0
7 0
8 0
9 0
10 0
11 0
12 0
13 2
14 4
15 0
16 2
17 6
18 24
19 6
20 9
21 18
22 22
23 32
24 29
25 35
26 42
27 68
28 43
29 52
30 65
31 84
32 92
33 64
34 87
35 85
36 117
37 70
38 88
39 112
40 107
41 60
42 98
43 66
44 67
45 74
46 73
47 42
48 29
49 39
50 39
51 16
52 24
53 11
54 8
55 13
56 5
57 5
58 2
59 5
60 1
61 2
62 2
63 0
64 0
65 0
66 0
67 0
68 0
69 0
70 0
71 0
72 0
73 0
74 0
75 0
76 0
77 0
78 0
79 0
80 0
81 0
82 0
83 0
84 0
85 0
86 1
87 0
88 0
89 0
90 0
91 0
92 0
93 0
94 0
95 0
96 0
97 0
98 0
99 0
100 0
101 0
6
6276
