1
2025 1141 64.2857
0 1
1 0
2 0
3 0
4 0
5 0
6 0
7 0
8 1
9 1
10 0
11 0
12 0
13 4
14 6
15 11
16 21
17 17
18 31
19 41
20 82
21 75
22 134
23 148
24 184
25 195
26 118
27 108
28 131
29 86
30 113
31 91
32 103
33 53
34 45
35 31
36 32
37 13
38 44
39 24
40 20
41 0
42 12
43 16
44 5
45 7
46 5
47 5
48 5
49 1
50 1
51 0
52 0
53 0
54 0
55 0
56 2
57 0
58 0
59 0
60 0
61 0
62 0
63 0
64 0
65 1
66 0
67 0
68 0
69 0
70 0
71 0
72 0
73 0
74 0
75 0
76 0
77 0
78 0
79 0
80 0
81 0
82 0
83 0
84 0
85 0
86 0
87 0
88 0
89 0
90 0
91 0
92 0
93 0
94 0
95 0
96 0
97 0
98 0
99 0
100 0
101 0
1
6126
