7
2020 1959 60.3175
2020 1771 66.6667
2020 1382 89.7959
2020 637 60
2020 448 62.7451
2020 395 60.7143
2020 12 64.2857
0 0
1 0
2 0
3 0
4 0
5 2
6 0
7 0
8 4
9 7
10 11
11 2
12 9
13 11
14 28
15 11
16 23
17 21
18 39
19 34
20 43
21 36
22 44
23 46
24 78
25 48
26 45
27 81
28 79
29 77
30 104
31 75
32 82
33 99
34 64
35 76
36 81
37 69
38 57
39 60
40 98
41 55
42 51
43 42
44 29
45 28
46 31
47 23
48 28
49 16
50 24
51 7
52 5
53 6
54 2
55 10
56 4
57 0
58 3
59 3
60 2
61 2
62 0
63 1
64 0
65 1
66 0
67 1
68 0
69 0
70 0
71 0
72 0
73 0
74 0
75 0
76 0
77 0
78 0
79 0
80 0
81 0
82 0
83 0
84 0
85 0
86 0
87 0
88 0
89 0
90 1
91 0
92 0
93 0
94 0
95 0
96 0
97 0
98 0
99 0
100 0
101 0
5
6099
