4
2044 1015 60.6061
2044 834 86.1111
2044 490 61.0169
2044 109 60
0 0
1 0
2 0
3 0
4 0
5 0
6 0
7 0
8 0
9 0
10 0
11 0
12 0
13 0
14 0
15 0
16 0
17 5
18 2
19 5
20 13
21 11
22 19
23 10
24 16
25 35
26 30
27 29
28 46
29 39
30 81
31 78
32 56
33 89
34 105
35 86
36 58
37 97
38 113
39 96
40 126
41 84
42 93
43 93
44 85
45 85
46 61
47 64
48 56
49 41
50 49
51 10
52 20
53 16
54 11
55 8
56 10
57 2
58 5
59 1
60 1
61 1
62 1
63 0
64 0
65 0
66 0
67 0
68 0
69 0
70 0
71 0
72 0
73 0
74 0
75 0
76 0
77 0
78 0
79 0
80 0
81 0
82 0
83 0
84 0
85 0
86 0
87 1
88 0
89 0
90 0
91 0
92 0
93 0
94 0
95 0
96 0
97 0
98 0
99 0
100 0
101 0
6
6257
