4
2019 1789 64.2857
2019 1593 62.069
2019 1275 70.5882
2019 161 62.069
0 0
1 0
2 0
3 0
4 0
5 0
6 0
7 2
8 0
9 0
10 0
11 0
12 3
13 7
14 12
15 15
16 9
17 20
18 40
19 40
20 99
21 49
22 87
23 126
24 113
25 137
26 99
27 146
28 129
29 112
30 146
31 69
32 84
33 74
34 63
35 75
36 51
37 19
38 20
39 26
40 42
41 1
42 20
43 16
44 9
45 8
46 11
47 7
48 5
49 9
50 6
51 0
52 2
53 1
54 1
55 0
56 2
57 0
58 1
59 0
60 1
61 0
62 0
63 2
64 0
65 1
66 0
67 0
68 0
69 0
70 0
71 1
72 0
73 0
74 0
75 0
76 0
77 0
78 0
79 0
80 0
81 0
82 0
83 0
84 0
85 0
86 0
87 0
88 0
89 0
90 0
91 0
92 0
93 0
94 0
95 0
96 0
97 0
98 0
99 0
100 0
101 0
4
6094
