1
2119 266 100
0 0
1 0
2 0
3 0
4 0
5 0
6 6
7 3
8 1
9 5
10 10
11 11
12 28
13 17
14 14
15 38
16 40
17 37
18 76
19 58
20 89
21 56
22 97
23 89
24 112
25 125
26 64
27 93
28 119
29 76
30 118
31 92
32 92
33 63
34 64
35 67
36 69
37 42
38 32
39 32
40 43
41 8
42 19
43 20
44 17
45 14
46 9
47 6
48 11
49 7
50 11
51 1
52 2
53 3
54 1
55 3
56 1
57 0
58 0
59 2
60 1
61 0
62 0
63 1
64 0
65 0
66 0
67 1
68 0
69 1
70 0
71 0
72 0
73 0
74 0
75 0
76 0
77 0
78 0
79 0
80 0
81 0
82 0
83 0
84 0
85 0
86 0
87 0
88 0
89 0
90 0
91 0
92 0
93 0
94 0
95 0
96 0
97 0
98 0
99 0
100 0
101 1
5
6747
