16
2113 1763 62.8571
2113 1515 60.241
2113 1504 64.5833
2113 1364 61.9718
2113 1261 61.3636
2113 1233 64.5161
2113 1185 62
2113 1155 89.3617
2113 928 61.7021
2113 749 61.3636
2113 735 60.6742
2113 662 64.9351
2113 661 60.8696
2113 404 65.3061
2113 249 65.3061
2113 187 60.3774
0 0
1 0
2 0
3 0
4 0
5 0
6 0
7 0
8 0
9 0
10 0
11 0
12 0
13 0
14 0
15 0
16 0
17 4
18 2
19 1
20 7
21 13
22 9
23 16
24 31
25 30
26 16
27 30
28 47
29 36
30 50
31 34
32 80
33 41
34 76
35 57
36 49
37 80
38 97
39 75
40 127
41 58
42 92
43 96
44 101
45 93
46 88
47 62
48 85
49 57
50 75
51 34
52 56
53 46
54 45
55 26
56 22
57 14
58 15
59 11
60 12
61 4
62 5
63 1
64 0
65 3
66 2
67 0
68 0
69 0
70 0
71 0
72 0
73 0
74 0
75 0
76 0
77 0
78 0
79 0
80 0
81 0
82 0
83 0
84 0
85 0
86 0
87 0
88 0
89 0
90 1
91 0
92 0
93 0
94 0
95 0
96 0
97 0
98 0
99 0
100 0
101 0
8
6720
