3
282 170 62.3377
282 79 60.4167
282 27 63.2911
0 0
1 0
2 0
3 0
4 0
5 0
6 0
7 0
8 0
9 0
10 0
11 0
12 0
13 0
14 0
15 1
16 1
17 0
18 1
19 2
20 1
21 4
22 4
23 2
24 4
25 5
26 11
27 6
28 4
29 8
30 10
31 8
32 7
33 13
34 8
35 6
36 12
37 5
38 8
39 10
40 21
41 8
42 18
43 10
44 10
45 10
46 7
47 9
48 7
49 8
50 3
51 5
52 5
53 3
54 4
55 4
56 2
57 2
58 0
59 1
60 0
61 1
62 0
63 1
64 1
65 0
66 0
67 0
68 0
69 0
70 0
71 0
72 0
73 0
74 0
75 0
76 0
77 0
78 0
79 0
80 0
81 0
82 0
83 0
84 0
85 0
86 0
87 0
88 0
89 0
90 0
91 0
92 0
93 0
94 0
95 0
96 0
97 0
98 0
99 0
100 0
101 0
0
21
