0
0 0
1 0
2 0
3 0
4 0
5 1
6 0
7 0
8 0
9 1
10 1
11 2
12 1
13 1
14 0
15 3
16 7
17 10
18 1
19 4
20 15
21 16
22 12
23 17
24 14
25 11
26 14
27 21
28 30
29 15
30 15
31 17
32 22
33 21
34 17
35 23
36 16
37 20
38 10
39 14
40 13
41 9
42 8
43 4
44 6
45 4
46 5
47 4
48 2
49 2
50 2
51 1
52 3
53 0
54 0
55 3
56 0
57 1
58 1
59 0
60 2
61 0
62 0
63 0
64 0
65 0
66 0
67 0
68 0
69 0
70 0
71 0
72 0
73 0
74 0
75 0
76 0
77 0
78 0
79 0
80 0
81 0
82 0
83 0
84 0
85 0
86 0
87 0
88 0
89 0
90 0
91 0
92 0
93 0
94 0
95 0
96 0
97 0
98 0
99 0
100 0
101 0
1
155
