2
485 473 64.3678
485 153 60.274
0 0
1 0
2 0
3 0
4 0
5 0
6 0
7 0
8 0
9 0
10 0
11 1
12 0
13 0
14 1
15 4
16 0
17 1
18 3
19 2
20 4
21 4
22 6
23 5
24 8
25 12
26 11
27 8
28 14
29 16
30 21
31 9
32 21
33 12
34 17
35 19
36 21
37 13
38 15
39 19
40 20
41 16
42 23
43 19
44 22
45 15
46 19
47 11
48 12
49 9
50 12
51 11
52 5
53 9
54 4
55 2
56 2
57 0
58 3
59 0
60 1
61 1
62 0
63 0
64 0
65 1
66 0
67 0
68 0
69 0
70 0
71 0
72 0
73 0
74 0
75 0
76 0
77 0
78 0
79 0
80 0
81 0
82 0
83 0
84 0
85 0
86 0
87 0
88 0
89 0
90 0
91 0
92 0
93 0
94 0
95 0
96 0
97 0
98 0
99 0
100 0
101 0
1
203
