0
0 0
1 0
2 0
3 0
4 0
5 1
6 0
7 0
8 0
9 1
10 2
11 1
12 0
13 3
14 3
15 8
16 3
17 3
18 6
19 5
20 15
21 9
22 12
23 13
24 26
25 30
26 10
27 19
28 20
29 24
30 20
31 23
32 19
33 19
34 14
35 29
36 20
37 13
38 19
39 14
40 25
41 3
42 11
43 8
44 8
45 7
46 5
47 3
48 4
49 1
50 4
51 0
52 2
53 1
54 2
55 0
56 0
57 0
58 1
59 0
60 0
61 1
62 1
63 0
64 0
65 0
66 0
67 0
68 0
69 0
70 0
71 0
72 0
73 0
74 0
75 0
76 0
77 0
78 0
79 0
80 0
81 0
82 0
83 0
84 0
85 0
86 0
87 0
88 0
89 0
90 0
91 0
92 0
93 0
94 0
95 0
96 0
97 0
98 0
99 0
100 0
101 0
1
215
