7
535 472 61.3861
535 447 63.7168
535 380 67.4157
535 330 60.9756
535 135 60.6061
535 59 61.2613
535 46 60.3448
0 0
1 0
2 0
3 0
4 0
5 0
6 0
7 0
8 0
9 0
10 0
11 0
12 0
13 0
14 0
15 1
16 1
17 2
18 1
19 1
20 1
21 7
22 8
23 1
24 8
25 17
26 6
27 9
28 9
29 17
30 12
31 16
32 7
33 13
34 18
35 16
36 14
37 26
38 18
39 16
40 18
41 8
42 25
43 20
44 22
45 21
46 15
47 19
48 17
49 7
50 17
51 11
52 21
53 13
54 13
55 10
56 7
57 9
58 3
59 3
60 3
61 3
62 2
63 0
64 1
65 0
66 0
67 0
68 1
69 0
70 0
71 0
72 0
73 0
74 0
75 0
76 0
77 0
78 0
79 0
80 0
81 0
82 0
83 0
84 0
85 0
86 0
87 0
88 0
89 0
90 0
91 0
92 0
93 0
94 0
95 0
96 0
97 0
98 0
99 0
100 0
101 0
2
271
