0
0 0
1 0
2 0
3 0
4 0
5 0
6 0
7 0
8 0
9 0
10 0
11 0
12 0
13 0
14 1
15 1
16 0
17 3
18 5
19 1
20 2
21 2
22 7
23 6
24 4
25 16
26 1
27 6
28 13
29 20
30 15
31 7
32 18
33 17
34 17
35 25
36 15
37 14
38 26
39 27
40 16
41 15
42 20
43 19
44 27
45 23
46 24
47 19
48 28
49 18
50 16
51 12
52 8
53 14
54 9
55 6
56 5
57 3
58 2
59 1
60 5
61 1
62 1
63 1
64 1
65 1
66 0
67 0
68 0
69 0
70 0
71 0
72 0
73 0
74 0
75 0
76 0
77 0
78 0
79 0
80 0
81 0
82 0
83 0
84 0
85 0
86 0
87 0
88 0
89 0
90 0
91 0
92 0
93 0
94 0
95 0
96 0
97 0
98 0
99 0
100 0
101 0
1
319
