0
0 0
1 0
2 0
3 0
4 0
5 0
6 1
7 0
8 0
9 0
10 1
11 3
12 5
13 2
14 7
15 10
16 4
17 16
18 5
19 5
20 14
21 9
22 20
23 22
24 28
25 26
26 22
27 30
28 31
29 26
30 32
31 29
32 31
33 29
34 23
35 22
36 19
37 11
38 24
39 12
40 7
41 4
42 10
43 9
44 11
45 7
46 4
47 2
48 1
49 0
50 2
51 0
52 0
53 0
54 0
55 1
56 0
57 0
58 1
59 0
60 1
61 0
62 0
63 0
64 0
65 0
66 0
67 0
68 0
69 0
70 0
71 0
72 0
73 0
74 0
75 0
76 0
77 0
78 0
79 0
80 0
81 0
82 0
83 0
84 0
85 0
86 0
87 0
88 0
89 0
90 0
91 0
92 0
93 0
94 0
95 0
96 0
97 0
98 0
99 0
100 0
101 0
1
343
