0
0 0
1 0
2 0
3 0
4 0
5 1
6 0
7 0
8 0
9 0
10 5
11 1
12 13
13 7
14 2
15 8
16 6
17 12
18 20
19 15
20 20
21 5
22 19
23 30
24 33
25 33
26 20
27 32
28 30
29 18
30 35
31 26
32 32
33 21
34 23
35 23
36 19
37 15
38 11
39 6
40 13
41 2
42 3
43 3
44 6
45 2
46 4
47 1
48 4
49 4
50 0
51 2
52 0
53 0
54 0
55 0
56 0
57 0
58 1
59 0
60 0
61 0
62 0
63 0
64 0
65 0
66 0
67 0
68 0
69 0
70 0
71 0
72 0
73 0
74 0
75 0
76 0
77 0
78 0
79 0
80 0
81 0
82 0
83 0
84 0
85 0
86 0
87 0
88 0
89 0
90 0
91 0
92 0
93 0
94 0
95 0
96 0
97 0
98 0
99 0
100 0
101 0
1
354
