0
0 0
1 0
2 0
3 0
4 0
5 0
6 0
7 0
8 0
9 0
10 0
11 0
12 1
13 0
14 0
15 1
16 2
17 0
18 1
19 2
20 12
21 6
22 4
23 10
24 13
25 7
26 7
27 14
28 16
29 16
30 13
31 16
32 27
33 17
34 16
35 26
36 28
37 36
38 29
39 31
40 38
41 18
42 17
43 27
44 19
45 17
46 21
47 19
48 16
49 13
50 15
51 4
52 7
53 9
54 9
55 2
56 1
57 1
58 0
59 0
60 2
61 0
62 1
63 0
64 0
65 0
66 1
67 0
68 0
69 0
70 0
71 0
72 0
73 0
74 0
75 0
76 0
77 0
78 0
79 0
80 0
81 0
82 0
83 0
84 0
85 0
86 0
87 0
88 0
89 0
90 0
91 0
92 0
93 0
94 0
95 0
96 0
97 0
98 0
99 0
100 0
101 0
2
390
