4
605 539 60
605 201 60.2151
605 162 63.0435
605 127 60.2151
0 0
1 0
2 0
3 0
4 0
5 0
6 0
7 0
8 0
9 0
10 0
11 1
12 0
13 0
14 4
15 1
16 3
17 2
18 11
19 1
20 5
21 1
22 9
23 4
24 12
25 12
26 2
27 14
28 19
29 14
30 13
31 18
32 27
33 22
34 18
35 21
36 14
37 18
38 27
39 19
40 36
41 14
42 24
43 26
44 21
45 25
46 17
47 23
48 19
49 17
50 14
51 9
52 10
53 8
54 7
55 5
56 7
57 2
58 1
59 1
60 3
61 2
62 0
63 0
64 1
65 0
66 0
67 0
68 0
69 0
70 0
71 0
72 0
73 0
74 0
75 0
76 0
77 0
78 0
79 0
80 0
81 0
82 0
83 0
84 0
85 0
86 0
87 0
88 0
89 0
90 0
91 0
92 0
93 0
94 0
95 0
96 0
97 0
98 0
99 0
100 0
101 0
2
379
