0
0 0
1 0
2 0
3 0
4 0
5 0
6 0
7 0
8 0
9 1
10 0
11 0
12 0
13 0
14 0
15 4
16 6
17 5
18 5
19 1
20 13
21 6
22 8
23 10
24 17
25 19
26 8
27 20
28 20
29 17
30 20
31 16
32 18
33 38
34 17
35 27
36 31
37 32
38 22
39 14
40 41
41 16
42 21
43 18
44 21
45 24
46 15
47 9
48 12
49 10
50 9
51 2
52 5
53 3
54 4
55 3
56 0
57 1
58 0
59 0
60 1
61 0
62 0
63 1
64 0
65 0
66 0
67 1
68 0
69 0
70 0
71 0
72 0
73 0
74 0
75 0
76 0
77 0
78 0
79 0
80 0
81 0
82 0
83 0
84 0
85 0
86 0
87 0
88 0
89 0
90 0
91 0
92 0
93 0
94 0
95 0
96 0
97 0
98 0
99 0
100 0
101 0
2
395
