1
612 139 60.7143
0 0
1 0
2 0
3 0
4 0
5 0
6 0
7 0
8 2
9 1
10 2
11 0
12 2
13 2
14 4
15 1
16 3
17 4
18 13
19 12
20 12
21 5
22 14
23 9
24 16
25 9
26 13
27 18
28 28
29 9
30 21
31 21
32 33
33 38
34 25
35 25
36 31
37 28
38 28
39 28
40 29
41 11
42 17
43 16
44 19
45 10
46 7
47 8
48 4
49 9
50 6
51 5
52 3
53 3
54 5
55 1
56 0
57 0
58 0
59 0
60 0
61 1
62 0
63 0
64 0
65 0
66 0
67 0
68 0
69 0
70 0
71 0
72 0
73 0
74 0
75 0
76 0
77 0
78 0
79 0
80 0
81 0
82 0
83 0
84 0
85 0
86 0
87 0
88 0
89 0
90 0
91 0
92 0
93 0
94 0
95 0
96 0
97 0
98 0
99 0
100 0
101 0
1
388
