4
667 478 60
667 226 64.5833
667 132 61.8182
667 110 60.8696
0 0
1 0
2 0
3 0
4 0
5 0
6 0
7 0
8 0
9 0
10 0
11 0
12 0
13 0
14 0
15 0
16 0
17 1
18 1
19 1
20 4
21 4
22 2
23 12
24 10
25 3
26 7
27 14
28 11
29 12
30 15
31 17
32 14
33 21
34 17
35 11
36 25
37 19
38 20
39 35
40 18
41 18
42 32
43 27
44 25
45 32
46 26
47 29
48 28
49 29
50 28
51 18
52 20
53 9
54 10
55 9
56 9
57 4
58 4
59 8
60 4
61 1
62 1
63 0
64 0
65 1
66 0
67 0
68 0
69 0
70 0
71 0
72 0
73 0
74 0
75 0
76 0
77 0
78 0
79 0
80 0
81 0
82 0
83 0
84 0
85 0
86 0
87 0
88 0
89 0
90 0
91 0
92 0
93 0
94 0
95 0
96 0
97 0
98 0
99 0
100 0
101 0
2
484
