0
0 0
1 0
2 0
3 0
4 0
5 0
6 0
7 0
8 0
9 0
10 0
11 0
12 0
13 0
14 0
15 3
16 0
17 2
18 3
19 6
20 3
21 6
22 9
23 7
24 14
25 13
26 2
27 15
28 18
29 14
30 17
31 23
32 8
33 20
34 25
35 20
36 23
37 34
38 18
39 27
40 18
41 17
42 25
43 24
44 22
45 19
46 24
47 27
48 28
49 20
50 24
51 13
52 16
53 11
54 16
55 6
56 8
57 4
58 6
59 7
60 3
61 4
62 2
63 2
64 3
65 0
66 0
67 0
68 1
69 0
70 0
71 0
72 0
73 0
74 0
75 0
76 0
77 0
78 0
79 0
80 0
81 0
82 0
83 0
84 0
85 0
86 0
87 0
88 0
89 0
90 0
91 0
92 0
93 0
94 0
95 0
96 0
97 0
98 0
99 0
100 0
101 0
2
514
