0
0 0
1 0
2 0
3 0
4 0
5 0
6 0
7 0
8 0
9 0
10 0
11 0
12 0
13 0
14 2
15 3
16 1
17 2
18 8
19 3
20 6
21 7
22 6
23 8
24 9
25 17
26 5
27 11
28 13
29 17
30 9
31 21
32 20
33 25
34 15
35 21
36 44
37 23
38 33
39 29
40 38
41 20
42 27
43 24
44 29
45 19
46 22
47 22
48 27
49 15
50 18
51 12
52 17
53 20
54 6
55 9
56 7
57 3
58 2
59 3
60 2
61 2
62 1
63 2
64 1
65 0
66 0
67 0
68 0
69 0
70 0
71 0
72 0
73 0
74 0
75 0
76 0
77 0
78 0
79 0
80 0
81 0
82 0
83 0
84 0
85 0
86 0
87 0
88 0
89 0
90 0
91 0
92 0
93 0
94 0
95 0
96 0
97 0
98 0
99 0
100 0
101 0
2
559
