28
730 723 60.5505
730 655 67.4157
730 636 64.7059
730 621 60
730 615 63.0631
730 598 61.2245
730 597 61.5385
730 568 62.069
730 567 63.0435
730 552 60.6742
730 425 60.241
730 373 63.6364
730 338 60
730 332 62.5
730 318 63.1579
730 312 68.1319
730 267 62.6506
730 257 63.1579
730 246 60.6061
730 239 62.3853
730 225 61.5385
730 191 64.7619
730 147 60.2151
730 134 60
730 133 60.3448
730 97 62.069
730 72 65.3061
730 24 64.0777
0 0
1 0
2 0
3 0
4 0
5 0
6 0
7 0
8 0
9 0
10 0
11 0
12 0
13 0
14 0
15 0
16 0
17 0
18 2
19 2
20 0
21 9
22 8
23 1
24 14
25 7
26 2
27 9
28 15
29 9
30 16
31 18
32 16
33 22
34 19
35 17
36 29
37 25
38 21
39 25
40 22
41 14
42 30
43 19
44 31
45 28
46 34
47 28
48 32
49 27
50 23
51 19
52 24
53 10
54 20
55 17
56 8
57 10
58 10
59 6
60 6
61 6
62 3
63 5
64 5
65 3
66 1
67 0
68 1
69 1
70 0
71 0
72 0
73 0
74 0
75 0
76 0
77 0
78 0
79 0
80 0
81 0
82 0
83 0
84 0
85 0
86 0
87 0
88 0
89 0
90 0
91 0
92 0
93 0
94 0
95 0
96 0
97 0
98 0
99 0
100 0
101 0
3
602
