0
0 0
1 0
2 0
3 0
4 0
5 0
6 0
7 0
8 0
9 0
10 0
11 1
12 0
13 2
14 3
15 0
16 1
17 3
18 4
19 6
20 8
21 9
22 6
23 11
24 14
25 19
26 9
27 16
28 15
29 26
30 23
31 15
32 16
33 24
34 28
35 29
36 18
37 27
38 25
39 10
40 35
41 14
42 26
43 25
44 26
45 36
46 27
47 19
48 27
49 17
50 33
51 15
52 17
53 13
54 6
55 11
56 5
57 4
58 2
59 1
60 1
61 1
62 3
63 2
64 0
65 1
66 1
67 0
68 0
69 1
70 0
71 1
72 0
73 0
74 0
75 0
76 0
77 0
78 0
79 0
80 0
81 0
82 0
83 0
84 0
85 0
86 0
87 0
88 0
89 0
90 0
91 0
92 0
93 0
94 0
95 0
96 0
97 0
98 0
99 0
100 0
101 0
2
624
