0
0 0
1 0
2 0
3 0
4 0
5 0
6 0
7 0
8 0
9 2
10 0
11 0
12 2
13 5
14 6
15 2
16 5
17 4
18 16
19 8
20 12
21 4
22 13
23 25
24 25
25 20
26 17
27 30
28 15
29 28
30 39
31 24
32 43
33 39
34 33
35 43
36 40
37 27
38 21
39 28
40 36
41 14
42 25
43 32
44 19
45 19
46 9
47 10
48 10
49 2
50 9
51 4
52 2
53 1
54 5
55 1
56 3
57 2
58 0
59 0
60 1
61 0
62 0
63 0
64 0
65 1
66 0
67 0
68 0
69 0
70 0
71 0
72 0
73 0
74 0
75 0
76 0
77 0
78 0
79 0
80 0
81 0
82 0
83 0
84 0
85 0
86 0
87 0
88 0
89 0
90 0
91 0
92 0
93 0
94 0
95 0
96 0
97 0
98 0
99 0
100 0
101 0
2
718
