0
0 0
1 0
2 0
3 0
4 0
5 0
6 1
7 3
8 1
9 0
10 2
11 7
12 7
13 16
14 8
15 7
16 13
17 17
18 20
19 33
20 29
21 20
22 31
23 33
24 49
25 44
26 30
27 45
28 37
29 30
30 42
31 29
32 44
33 30
34 28
35 18
36 20
37 19
38 22
39 8
40 13
41 3
42 15
43 4
44 4
45 1
46 2
47 1
48 2
49 4
50 1
51 0
52 1
53 0
54 0
55 0
56 0
57 0
58 0
59 0
60 0
61 0
62 0
63 0
64 0
65 0
66 0
67 0
68 0
69 0
70 0
71 0
72 0
73 0
74 0
75 0
76 0
77 0
78 0
79 0
80 0
81 0
82 0
83 0
84 0
85 0
86 0
87 0
88 0
89 0
90 0
91 0
92 0
93 0
94 0
95 0
96 0
97 0
98 0
99 0
100 0
101 0
1
743
