1
805 280 62.2222
0 0
1 0
2 0
3 0
4 0
5 0
6 1
7 1
8 0
9 0
10 3
11 6
12 12
13 8
14 8
15 10
16 11
17 19
18 27
19 26
20 29
21 27
22 30
23 26
24 43
25 56
26 25
27 37
28 49
29 41
30 46
31 36
32 34
33 24
34 25
35 20
36 20
37 25
38 13
39 12
40 19
41 2
42 4
43 6
44 4
45 3
46 4
47 1
48 3
49 2
50 1
51 1
52 0
53 1
54 0
55 1
56 0
57 0
58 1
59 0
60 0
61 0
62 0
63 1
64 0
65 0
66 0
67 0
68 0
69 0
70 0
71 0
72 0
73 0
74 0
75 0
76 0
77 0
78 0
79 0
80 0
81 0
82 0
83 0
84 0
85 0
86 0
87 0
88 0
89 0
90 0
91 0
92 0
93 0
94 0
95 0
96 0
97 0
98 0
99 0
100 0
101 0
2
769
