0
0 0
1 0
2 0
3 0
4 0
5 1
6 0
7 0
8 0
9 2
10 2
11 0
12 1
13 4
14 3
15 5
16 2
17 7
18 7
19 15
20 19
21 11
22 10
23 12
24 26
25 28
26 18
27 29
28 29
29 27
30 36
31 26
32 37
33 44
34 38
35 42
36 29
37 32
38 47
39 32
40 42
41 14
42 27
43 17
44 11
45 10
46 13
47 10
48 10
49 5
50 9
51 4
52 2
53 2
54 4
55 4
56 2
57 1
58 2
59 0
60 0
61 0
62 0
63 0
64 0
65 0
66 0
67 0
68 0
69 0
70 0
71 0
72 0
73 0
74 0
75 0
76 0
77 0
78 0
79 0
80 0
81 0
82 0
83 0
84 0
85 0
86 0
87 0
88 0
89 0
90 0
91 0
92 0
93 0
94 0
95 0
96 0
97 0
98 0
99 0
100 0
101 0
2
787
