12
829 776 60.8696
829 769 61.5385
829 738 63.6364
829 716 60.8696
829 581 60.9756
829 421 64.1509
829 325 61.3861
829 205 60.241
829 203 61.6822
829 132 60
829 102 63.9175
829 30 66.6667
0 0
1 0
2 0
3 0
4 0
5 0
6 0
7 0
8 0
9 0
10 0
11 0
12 0
13 1
14 0
15 0
16 0
17 4
18 1
19 2
20 15
21 4
22 2
23 8
24 7
25 10
26 15
27 22
28 10
29 12
30 32
31 19
32 22
33 23
34 26
35 30
36 25
37 32
38 26
39 35
40 19
41 22
42 42
43 20
44 44
45 34
46 33
47 25
48 28
49 28
50 34
51 16
52 14
53 26
54 13
55 11
56 6
57 11
58 2
59 3
60 3
61 4
62 3
63 0
64 2
65 1
66 0
67 1
68 0
69 0
70 0
71 0
72 0
73 0
74 0
75 0
76 0
77 0
78 0
79 0
80 0
81 0
82 0
83 0
84 0
85 0
86 0
87 0
88 0
89 0
90 0
91 0
92 0
93 0
94 0
95 0
96 0
97 0
98 0
99 0
100 0
101 0
3
827
