26
867 860 60
867 851 62.3853
867 829 61.2245
867 797 60.5505
867 794 61.157
867 670 61.9469
867 592 63.3663
867 582 68.9076
867 575 60.5042
867 544 60.5505
867 534 65
867 479 61.157
867 478 63.6364
867 421 63.7931
867 365 61.0526
867 318 62.7119
867 310 63.9175
867 257 61.0169
867 226 60.3774
867 207 62.8571
867 187 61.0169
867 183 63.0631
867 132 60
867 65 60
867 33 60.7143
867 18 62.7451
0 0
1 0
2 0
3 0
4 0
5 0
6 0
7 0
8 0
9 0
10 0
11 0
12 0
13 0
14 0
15 0
16 0
17 1
18 0
19 1
20 7
21 2
22 3
23 5
24 1
25 14
26 16
27 9
28 10
29 30
30 10
31 15
32 24
33 24
34 21
35 13
36 27
37 35
38 19
39 20
40 37
41 24
42 29
43 23
44 28
45 30
46 30
47 31
48 39
49 33
50 46
51 31
52 19
53 26
54 17
55 23
56 17
57 18
58 14
59 14
60 7
61 5
62 7
63 4
64 5
65 1
66 0
67 0
68 0
69 1
70 0
71 0
72 0
73 0
74 0
75 0
76 0
77 0
78 0
79 0
80 0
81 0
82 0
83 0
84 0
85 0
86 0
87 0
88 0
89 0
90 0
91 0
92 0
93 0
94 0
95 0
96 0
97 0
98 0
99 0
100 0
101 0
3
920
