2
924 552 61.9718
924 145 61.3333
0 0
1 0
2 0
3 0
4 0
5 0
6 0
7 0
8 1
9 1
10 0
11 1
12 1
13 2
14 0
15 2
16 9
17 7
18 4
19 10
20 16
21 16
22 13
23 6
24 20
25 20
26 10
27 18
28 39
29 29
30 45
31 22
32 26
33 43
34 30
35 31
36 41
37 43
38 36
39 38
40 60
41 26
42 29
43 32
44 32
45 29
46 14
47 33
48 16
49 12
50 20
51 8
52 9
53 7
54 3
55 4
56 3
57 1
58 2
59 1
60 0
61 0
62 2
63 0
64 0
65 0
66 0
67 0
68 0
69 0
70 0
71 0
72 0
73 0
74 0
75 0
76 0
77 0
78 0
79 0
80 0
81 0
82 0
83 0
84 0
85 0
86 0
87 0
88 0
89 0
90 0
91 0
92 0
93 0
94 0
95 0
96 0
97 0
98 0
99 0
100 0
101 0
2
1075
