0
0 0
1 0
2 0
3 0
4 0
5 0
6 0
7 0
8 0
9 3
10 12
11 1
12 3
13 7
14 9
15 13
16 10
17 3
18 11
19 10
20 22
21 14
22 16
23 19
24 37
25 48
26 27
27 37
28 42
29 40
30 48
31 36
32 41
33 35
34 37
35 43
36 35
37 24
38 39
39 39
40 29
41 18
42 21
43 21
44 19
45 14
46 10
47 11
48 13
49 5
50 7
51 3
52 2
53 2
54 2
55 2
56 2
57 0
58 2
59 0
60 0
61 0
62 0
63 0
64 0
65 0
66 0
67 0
68 0
69 0
70 0
71 0
72 0
73 0
74 0
75 0
76 0
77 0
78 0
79 0
80 0
81 0
82 0
83 0
84 0
85 0
86 0
87 0
88 0
89 0
90 0
91 0
92 0
93 0
94 0
95 0
96 0
97 0
98 0
99 0
100 0
101 0
2
1128
