1
957 731 60.8696
0 0
1 0
2 0
3 0
4 0
5 0
6 0
7 0
8 0
9 0
10 2
11 0
12 0
13 3
14 7
15 12
16 2
17 4
18 11
19 8
20 23
21 14
22 17
23 13
24 28
25 37
26 16
27 31
28 44
29 37
30 54
31 37
32 38
33 38
34 56
35 61
36 53
37 36
38 37
39 42
40 39
41 19
42 34
43 21
44 14
45 17
46 12
47 11
48 5
49 5
50 6
51 0
52 0
53 5
54 4
55 1
56 0
57 0
58 1
59 0
60 0
61 1
62 0
63 0
64 0
65 0
66 0
67 0
68 0
69 0
70 0
71 0
72 0
73 0
74 0
75 0
76 0
77 0
78 0
79 0
80 0
81 0
82 0
83 0
84 0
85 0
86 0
87 0
88 0
89 0
90 0
91 0
92 0
93 0
94 0
95 0
96 0
97 0
98 0
99 0
100 0
101 0
2
1161
