1
979 758 60
0 0
1 0
2 0
3 0
4 0
5 3
6 2
7 0
8 0
9 0
10 2
11 5
12 2
13 1
14 5
15 19
16 13
17 7
18 14
19 18
20 30
21 19
22 38
23 26
24 24
25 45
26 31
27 51
28 51
29 40
30 54
31 40
32 65
33 46
34 30
35 41
36 37
37 30
38 39
39 23
40 28
41 9
42 12
43 17
44 13
45 8
46 6
47 5
48 6
49 2
50 4
51 2
52 0
53 2
54 2
55 3
56 2
57 1
58 1
59 2
60 2
61 0
62 0
63 0
64 0
65 0
66 0
67 0
68 0
69 0
70 0
71 0
72 0
73 0
74 0
75 0
76 0
77 0
78 0
79 0
80 0
81 0
82 0
83 0
84 0
85 0
86 0
87 0
88 0
89 0
90 0
91 0
92 0
93 0
94 0
95 0
96 0
97 0
98 0
99 0
100 0
101 0
2
1231
