0
0 3
1 0
2 7
3 21
4 25
5 69
6 40
7 70
8 43
9 50
10 65
11 63
12 70
13 65
14 68
15 49
16 41
17 31
18 39
19 35
20 42
21 14
22 21
23 17
24 13
25 22
26 9
27 14
28 18
29 6
30 10
31 5
32 7
33 8
34 5
35 4
36 3
37 4
38 1
39 1
40 1
41 0
42 0
43 0
44 0
45 0
46 1
47 0
48 0
49 0
50 1
51 0
52 0
53 0
54 1
55 0
56 0
57 0
58 0
59 0
60 0
61 0
62 0
63 0
64 0
65 0
66 0
67 0
68 0
69 0
70 0
71 0
72 0
73 0
74 0
75 0
76 0
77 0
78 0
79 0
80 0
81 0
82 0
83 0
84 0
85 0
86 0
87 0
88 0
89 0
90 0
91 0
92 0
93 0
94 0
95 0
96 0
97 0
98 0
99 0
100 0
101 0
18
9853
