0
0 6
1 0
2 17
3 29
4 38
5 50
6 56
7 65
8 68
9 69
10 84
11 82
12 107
13 89
14 88
15 79
16 64
17 66
18 48
19 64
20 54
21 35
22 40
23 14
24 25
25 14
26 12
27 14
28 15
29 8
30 13
31 8
32 5
33 4
34 3
35 2
36 5
37 1
38 0
39 0
40 3
41 0
42 1
43 2
44 0
45 0
46 0
47 0
48 0
49 0
50 0
51 1
52 0
53 0
54 0
55 0
56 0
57 0
58 0
59 0
60 0
61 0
62 0
63 0
64 0
65 0
66 0
67 0
68 0
69 0
70 0
71 0
72 0
73 0
74 0
75 0
76 0
77 0
78 0
79 0
80 0
81 0
82 0
83 0
84 0
85 0
86 0
87 0
88 0
89 0
90 0
91 0
92 0
93 0
94 0
95 0
96 0
97 0
98 0
99 0
100 0
101 0
26
17869
