0
0 3
1 0
2 11
3 11
4 32
5 51
6 57
7 76
8 76
9 74
10 74
11 79
12 88
13 98
14 94
15 80
16 80
17 72
18 57
19 54
20 60
21 46
22 49
23 43
24 40
25 28
26 20
27 20
28 17
29 14
30 12
31 8
32 8
33 5
34 3
35 2
36 3
37 4
38 1
39 2
40 0
41 0
42 0
43 1
44 0
45 0
46 0
47 0
48 0
49 0
50 0
51 0
52 0
53 0
54 0
55 0
56 0
57 0
58 0
59 0
60 0
61 0
62 0
63 0
64 0
65 0
66 0
67 0
68 0
69 0
70 0
71 0
72 0
73 0
74 0
75 0
76 0
77 0
78 0
79 0
80 0
81 0
82 0
83 0
84 0
85 0
86 0
87 0
88 0
89 0
90 0
91 0
92 0
93 0
94 0
95 0
96 0
97 0
98 0
99 0
100 0
101 0
27
20595
