0
0 10
1 0
2 14
3 50
4 30
5 81
6 65
7 86
8 100
9 76
10 92
11 86
12 98
13 81
14 67
15 53
16 70
17 39
18 58
19 53
20 49
21 41
22 34
23 32
24 23
25 26
26 21
27 9
28 17
29 8
30 9
31 6
32 4
33 3
34 7
35 3
36 2
37 6
38 2
39 0
40 2
41 0
42 0
43 0
44 1
45 1
46 0
47 0
48 0
49 1
50 0
51 0
52 0
53 0
54 0
55 0
56 0
57 0
58 0
59 0
60 0
61 0
62 0
63 0
64 0
65 0
66 0
67 0
68 0
69 0
70 0
71 0
72 0
73 0
74 0
75 0
76 0
77 0
78 0
79 0
80 0
81 0
82 0
83 0
84 0
85 0
86 0
87 0
88 0
89 0
90 0
91 0
92 0
93 0
94 0
95 0
96 0
97 0
98 0
99 0
100 0
101 0
23
19611
