0
0 10
1 0
2 14
3 69
4 37
5 103
6 82
7 94
8 115
9 107
10 132
11 87
12 82
13 100
14 71
15 80
16 63
17 43
18 57
19 46
20 37
21 33
22 24
23 25
24 29
25 14
26 16
27 13
28 11
29 13
30 8
31 4
32 8
33 1
34 5
35 4
36 1
37 0
38 3
39 3
40 1
41 1
42 0
43 1
44 0
45 1
46 0
47 0
48 0
49 1
50 1
51 0
52 0
53 0
54 0
55 0
56 0
57 0
58 0
59 0
60 0
61 0
62 0
63 0
64 0
65 0
66 0
67 0
68 0
69 0
70 0
71 0
72 0
73 0
74 0
75 0
76 0
77 0
78 0
79 0
80 0
81 0
82 0
83 0
84 0
85 0
86 0
87 0
88 0
89 0
90 0
91 0
92 0
93 0
94 0
95 0
96 0
97 0
98 0
99 0
100 0
101 0
23
23261
