0
0 5
1 0
2 34
3 20
4 72
5 69
6 99
7 95
8 133
9 118
10 115
11 111
12 113
13 79
14 89
15 78
16 71
17 61
18 54
19 44
20 48
21 21
22 14
23 17
24 23
25 11
26 8
27 9
28 8
29 7
30 7
31 3
32 4
33 1
34 3
35 1
36 2
37 2
38 2
39 2
40 0
41 0
42 0
43 1
44 1
45 0
46 0
47 0
48 0
49 0
50 0
51 0
52 0
53 0
54 0
55 0
56 0
57 0
58 0
59 0
60 0
61 0
62 0
63 0
64 0
65 0
66 0
67 0
68 0
69 0
70 0
71 0
72 0
73 0
74 0
75 0
76 0
77 0
78 0
79 0
80 0
81 0
82 0
83 0
84 0
85 0
86 0
87 0
88 0
89 0
90 0
91 0
92 0
93 0
94 0
95 0
96 0
97 0
98 0
99 0
100 0
101 0
31
23404
