0
0 12
1 0
2 12
3 65
4 36
5 99
6 90
7 68
8 123
9 97
10 114
11 96
12 77
13 99
14 83
15 93
16 65
17 67
18 71
19 47
20 55
21 34
22 37
23 35
24 25
25 32
26 22
27 16
28 18
29 13
30 10
31 8
32 15
33 4
34 1
35 3
36 4
37 1
38 2
39 1
40 0
41 0
42 2
43 0
44 0
45 0
46 0
47 1
48 0
49 0
50 0
51 0
52 0
53 0
54 0
55 0
56 0
57 0
58 0
59 0
60 0
61 0
62 0
63 0
64 0
65 0
66 0
67 0
68 0
69 0
70 0
71 0
72 0
73 0
74 0
75 0
76 0
77 0
78 0
79 0
80 0
81 0
82 0
83 0
84 0
85 0
86 0
87 0
88 0
89 0
90 0
91 0
92 0
93 0
94 0
95 0
96 0
97 0
98 0
99 0
100 0
101 0
27
26410
