0
0 15
1 0
2 4
3 93
4 25
5 89
6 91
7 96
8 102
9 114
10 128
11 85
12 96
13 89
14 87
15 96
16 89
17 53
18 62
19 36
20 55
21 29
22 37
23 35
24 28
25 26
26 18
27 16
28 13
29 10
30 10
31 5
32 7
33 2
34 2
35 3
36 2
37 1
38 3
39 3
40 1
41 1
42 0
43 2
44 0
45 0
46 0
47 0
48 0
49 0
50 0
51 0
52 0
53 0
54 0
55 0
56 0
57 0
58 0
59 0
60 0
61 0
62 0
63 0
64 0
65 0
66 0
67 0
68 0
69 0
70 0
71 0
72 0
73 0
74 0
75 0
76 0
77 0
78 0
79 0
80 0
81 0
82 0
83 0
84 0
85 0
86 0
87 0
88 0
89 0
90 0
91 0
92 0
93 0
94 0
95 0
96 0
97 0
98 0
99 0
100 0
101 0
27
26601
