0
0 4
1 0
2 27
3 25
4 59
5 74
6 74
7 90
8 87
9 95
10 112
11 111
12 97
13 89
14 75
15 83
16 61
17 80
18 47
19 59
20 54
21 51
22 44
23 38
24 31
25 23
26 18
27 17
28 17
29 11
30 13
31 13
32 16
33 7
34 4
35 4
36 4
37 1
38 2
39 1
40 1
41 0
42 0
43 0
44 2
45 2
46 0
47 0
48 0
49 0
50 0
51 0
52 0
53 0
54 0
55 0
56 0
57 0
58 0
59 0
60 0
61 0
62 0
63 0
64 0
65 0
66 0
67 0
68 0
69 0
70 0
71 0
72 0
73 0
74 0
75 0
76 0
77 0
78 0
79 0
80 0
81 0
82 0
83 0
84 0
85 0
86 0
87 0
88 0
89 0
90 0
91 0
92 0
93 0
94 0
95 0
96 0
97 0
98 0
99 0
100 0
101 0
34
25437
