0
0 2
1 0
2 21
3 41
4 53
5 92
6 84
7 124
8 104
9 130
10 123
11 124
12 128
13 90
14 99
15 100
16 97
17 62
18 61
19 52
20 65
21 47
22 37
23 38
24 34
25 27
26 18
27 18
28 13
29 7
30 10
31 8
32 10
33 5
34 7
35 4
36 5
37 3
38 3
39 2
40 3
41 2
42 1
43 0
44 0
45 0
46 0
47 0
48 0
49 0
50 0
51 0
52 0
53 0
54 0
55 0
56 0
57 0
58 0
59 0
60 0
61 0
62 0
63 0
64 0
65 0
66 0
67 0
68 0
69 0
70 0
71 0
72 0
73 0
74 0
75 0
76 0
77 0
78 0
79 0
80 0
81 0
82 0
83 0
84 0
85 0
86 0
87 0
88 0
89 0
90 0
91 0
92 0
93 0
94 0
95 0
96 0
97 0
98 0
99 0
100 0
101 0
34
32781
