0
0 0
1 0
2 27
3 12
4 64
5 39
6 77
7 64
8 132
9 140
10 141
11 95
12 147
13 101
14 99
15 113
16 94
17 103
18 102
19 85
20 79
21 62
22 53
23 67
24 34
25 42
26 26
27 31
28 30
29 18
30 12
31 20
32 12
33 9
34 6
35 4
36 3
37 3
38 1
39 2
40 2
41 2
42 0
43 1
44 1
45 1
46 0
47 0
48 0
49 0
50 0
51 0
52 0
53 0
54 0
55 0
56 0
57 0
58 0
59 0
60 0
61 0
62 0
63 0
64 0
65 0
66 0
67 0
68 0
69 0
70 0
71 0
72 0
73 0
74 0
75 0
76 0
77 0
78 0
79 0
80 0
81 0
82 0
83 0
84 0
85 0
86 0
87 0
88 0
89 0
90 0
91 0
92 0
93 0
94 0
95 0
96 0
97 0
98 0
99 0
100 0
101 0
40
39826
