0
0 13
1 0
2 2
3 94
4 41
5 94
6 117
7 115
8 137
9 122
10 139
11 110
12 150
13 117
14 114
15 125
16 93
17 71
18 83
19 52
20 59
21 41
22 46
23 37
24 23
25 20
26 4
27 19
28 17
29 16
30 7
31 4
32 5
33 5
34 3
35 3
36 1
37 1
38 1
39 1
40 1
41 0
42 0
43 1
44 0
45 0
46 0
47 0
48 0
49 0
50 0
51 0
52 0
53 0
54 0
55 0
56 0
57 0
58 0
59 0
60 0
61 0
62 0
63 0
64 0
65 0
66 0
67 0
68 0
69 0
70 0
71 0
72 0
73 0
74 0
75 0
76 0
77 0
78 0
79 0
80 0
81 0
82 0
83 0
84 0
85 0
86 0
87 0
88 0
89 0
90 0
91 0
92 0
93 0
94 0
95 0
96 0
97 0
98 0
99 0
100 0
101 0
42
37900
