0
0 4
1 0
2 27
3 9
4 52
5 65
6 88
7 96
8 100
9 100
10 126
11 114
12 135
13 150
14 124
15 117
16 115
17 102
18 80
19 99
20 75
21 63
22 56
23 59
24 51
25 41
26 32
27 34
28 20
29 18
30 25
31 9
32 12
33 7
34 13
35 6
36 8
37 3
38 2
39 7
40 1
41 1
42 3
43 1
44 0
45 0
46 0
47 0
48 0
49 0
50 0
51 0
52 0
53 0
54 0
55 0
56 0
57 0
58 0
59 0
60 0
61 0
62 0
63 0
64 0
65 0
66 0
67 0
68 0
69 0
70 0
71 0
72 0
73 0
74 0
75 0
76 0
77 0
78 0
79 0
80 0
81 0
82 0
83 0
84 0
85 0
86 0
87 0
88 0
89 0
90 0
91 0
92 0
93 0
94 0
95 0
96 0
97 0
98 0
99 0
100 0
101 0
36
43313
