0
0 29
1 0
2 212
3 46
4 141
5 230
6 136
7 143
8 133
9 166
10 141
11 121
12 113
13 98
14 98
15 63
16 69
17 42
18 36
19 38
20 35
21 23
22 19
23 14
24 15
25 8
26 6
27 11
28 3
29 4
30 2
31 0
32 2
33 4
34 0
35 3
36 1
37 0
38 2
39 0
40 0
41 0
42 1
43 0
44 0
45 0
46 0
47 0
48 0
49 0
50 0
51 0
52 0
53 0
54 0
55 0
56 0
57 0
58 0
59 0
60 0
61 0
62 0
63 0
64 0
65 0
66 0
67 0
68 0
69 0
70 0
71 0
72 0
73 0
74 0
75 0
76 0
77 0
78 0
79 0
80 0
81 0
82 0
83 0
84 0
85 0
86 0
87 0
88 0
89 0
90 0
91 0
92 0
93 0
94 0
95 0
96 0
97 0
98 0
99 0
100 0
101 0
38
41691
