0
0 7
1 0
2 25
3 41
4 92
5 119
6 90
7 156
8 150
9 147
10 173
11 140
12 127
13 108
14 124
15 115
16 116
17 89
18 90
19 68
20 76
21 45
22 62
23 47
24 31
25 38
26 13
27 20
28 19
29 11
30 8
31 6
32 10
33 5
34 8
35 2
36 5
37 4
38 1
39 2
40 1
41 2
42 0
43 0
44 3
45 0
46 0
47 1
48 0
49 0
50 0
51 0
52 0
53 0
54 0
55 0
56 0
57 0
58 0
59 0
60 0
61 0
62 0
63 0
64 0
65 0
66 0
67 0
68 0
69 0
70 0
71 0
72 0
73 0
74 0
75 0
76 0
77 0
78 0
79 0
80 0
81 0
82 0
83 0
84 0
85 0
86 0
87 0
88 0
89 0
90 0
91 0
92 0
93 0
94 0
95 0
96 0
97 0
98 0
99 0
100 0
101 0
44
49018
