0
0 43
1 0
2 110
3 192
4 82
5 183
6 154
7 169
8 135
9 123
10 174
11 104
12 111
13 89
14 103
15 67
16 69
17 65
18 54
19 43
20 43
21 26
22 33
23 17
24 25
25 13
26 18
27 14
28 11
29 11
30 5
31 4
32 3
33 4
34 5
35 2
36 2
37 3
38 1
39 0
40 1
41 1
42 1
43 0
44 1
45 0
46 0
47 0
48 0
49 0
50 0
51 0
52 0
53 0
54 0
55 0
56 0
57 0
58 0
59 0
60 0
61 0
62 0
63 0
64 0
65 0
66 0
67 0
68 0
69 0
70 0
71 0
72 0
73 0
74 0
75 0
76 0
77 0
78 0
79 0
80 0
81 0
82 0
83 0
84 0
85 0
86 0
87 0
88 0
89 0
90 0
91 0
92 0
93 0
94 0
95 0
96 0
97 0
98 0
99 0
100 0
101 0
51
45769
