0
0 26
1 0
2 52
3 164
4 60
5 197
6 142
7 164
8 193
9 143
10 134
11 146
12 116
13 117
14 94
15 112
16 78
17 82
18 47
19 54
20 70
21 39
22 37
23 24
24 27
25 26
26 10
27 11
28 13
29 8
30 7
31 8
32 6
33 3
34 5
35 3
36 1
37 2
38 1
39 0
40 0
41 1
42 0
43 2
44 0
45 0
46 0
47 0
48 0
49 0
50 0
51 0
52 1
53 0
54 0
55 0
56 0
57 0
58 0
59 0
60 0
61 0
62 0
63 0
64 0
65 0
66 0
67 0
68 0
69 0
70 0
71 0
72 0
73 0
74 0
75 0
76 0
77 0
78 0
79 0
80 0
81 0
82 0
83 0
84 0
85 0
86 0
87 0
88 0
89 0
90 0
91 0
92 0
93 0
94 0
95 0
96 0
97 0
98 0
99 0
100 0
101 0
37
50200
