0
0 14
1 0
2 24
3 83
4 65
5 133
6 108
7 127
8 153
9 139
10 178
11 116
12 121
13 149
14 115
15 126
16 94
17 91
18 85
19 70
20 75
21 54
22 46
23 44
24 33
25 35
26 27
27 24
28 13
29 17
30 16
31 12
32 16
33 7
34 7
35 8
36 3
37 2
38 5
39 2
40 1
41 1
42 2
43 1
44 1
45 1
46 0
47 0
48 0
49 0
50 0
51 0
52 0
53 0
54 0
55 0
56 0
57 0
58 0
59 0
60 0
61 0
62 0
63 0
64 0
65 0
66 0
67 0
68 0
69 0
70 0
71 0
72 0
73 0
74 0
75 0
76 0
77 0
78 0
79 0
80 0
81 0
82 0
83 0
84 0
85 0
86 0
87 0
88 0
89 0
90 0
91 0
92 0
93 0
94 0
95 0
96 0
97 0
98 0
99 0
100 0
101 0
38
50930
