0
0 8
1 0
2 12
3 116
4 52
5 101
6 166
7 109
8 152
9 161
10 159
11 155
12 129
13 142
14 140
15 134
16 109
17 101
18 91
19 72
20 69
21 64
22 50
23 54
24 43
25 42
26 23
27 12
28 17
29 12
30 14
31 11
32 10
33 5
34 7
35 3
36 3
37 1
38 0
39 1
40 0
41 0
42 0
43 0
44 0
45 1
46 0
47 0
48 0
49 0
50 0
51 0
52 0
53 0
54 0
55 0
56 0
57 0
58 0
59 0
60 0
61 0
62 0
63 0
64 0
65 0
66 0
67 0
68 0
69 0
70 0
71 0
72 0
73 0
74 0
75 0
76 0
77 0
78 0
79 0
80 0
81 0
82 0
83 0
84 0
85 0
86 0
87 0
88 0
89 0
90 0
91 0
92 0
93 0
94 0
95 0
96 0
97 0
98 0
99 0
100 0
101 0
40
55629
