0
0 19
1 0
2 125
3 34
4 144
5 130
6 167
7 116
8 167
9 165
10 168
11 150
12 168
13 138
14 129
15 103
16 104
17 75
18 79
19 83
20 75
21 59
22 54
23 38
24 39
25 27
26 23
27 19
28 14
29 14
30 5
31 5
32 10
33 7
34 6
35 3
36 1
37 3
38 1
39 1
40 0
41 1
42 2
43 0
44 0
45 1
46 0
47 0
48 0
49 0
50 0
51 0
52 0
53 0
54 0
55 0
56 0
57 0
58 0
59 0
60 0
61 0
62 0
63 0
64 0
65 0
66 0
67 0
68 0
69 0
70 0
71 0
72 0
73 0
74 0
75 0
76 0
77 0
78 0
79 0
80 0
81 0
82 0
83 0
84 0
85 0
86 0
87 0
88 0
89 0
90 0
91 0
92 0
93 0
94 0
95 0
96 0
97 0
98 0
99 0
100 0
101 0
41
60976
