0
0 8
1 0
2 59
3 43
4 95
5 110
6 113
7 143
8 133
9 163
10 169
11 141
12 163
13 159
14 159
15 98
16 130
17 107
18 95
19 93
20 77
21 54
22 74
23 38
24 41
25 45
26 32
27 30
28 21
29 17
30 16
31 7
32 5
33 8
34 9
35 7
36 2
37 3
38 0
39 1
40 1
41 2
42 2
43 0
44 1
45 0
46 0
47 0
48 0
49 0
50 0
51 0
52 0
53 0
54 0
55 0
56 0
57 0
58 0
59 1
60 0
61 0
62 0
63 0
64 0
65 0
66 0
67 0
68 0
69 0
70 0
71 0
72 0
73 0
74 0
75 0
76 0
77 0
78 0
79 0
80 0
81 0
82 0
83 0
84 0
85 0
86 0
87 0
88 0
89 0
90 0
91 0
92 0
93 0
94 0
95 0
96 0
97 0
98 0
99 0
100 0
101 0
42
61113
