0
0 43
1 0
2 60
3 187
4 65
5 180
6 165
7 174
8 186
9 155
10 188
11 160
12 154
13 134
14 137
15 128
16 102
17 102
18 82
19 68
20 73
21 50
22 39
23 45
24 33
25 37
26 15
27 25
28 20
29 14
30 11
31 8
32 5
33 14
34 6
35 7
36 4
37 5
38 1
39 3
40 2
41 1
42 1
43 0
44 2
45 4
46 1
47 2
48 0
49 0
50 0
51 0
52 0
53 0
54 0
55 0
56 0
57 0
58 0
59 0
60 0
61 0
62 0
63 0
64 0
65 0
66 0
67 0
68 0
69 0
70 0
71 0
72 0
73 0
74 0
75 0
76 0
77 0
78 0
79 0
80 0
81 0
82 0
83 0
84 0
85 0
86 0
87 0
88 0
89 0
90 0
91 0
92 0
93 0
94 0
95 0
96 0
97 0
98 0
99 0
100 0
101 0
51
71386
