0
0 3
1 0
2 42
3 11
4 88
5 73
6 118
7 81
8 130
9 149
10 164
11 134
12 187
13 141
14 144
15 154
16 137
17 129
18 130
19 111
20 104
21 93
22 92
23 61
24 50
25 70
26 30
27 35
28 37
29 32
30 19
31 9
32 16
33 10
34 10
35 6
36 9
37 3
38 3
39 6
40 3
41 2
42 1
43 2
44 0
45 1
46 1
47 0
48 1
49 0
50 0
51 1
52 0
53 0
54 0
55 0
56 0
57 0
58 0
59 0
60 0
61 0
62 0
63 0
64 0
65 0
66 0
67 0
68 0
69 0
70 0
71 0
72 0
73 0
74 0
75 0
76 0
77 0
78 0
79 0
80 0
81 0
82 0
83 0
84 0
85 0
86 0
87 0
88 0
89 0
90 0
91 0
92 0
93 0
94 0
95 0
96 0
97 0
98 0
99 0
100 0
101 0
54
68327
