0
0 9
1 0
2 15
3 86
4 49
5 98
6 131
7 129
8 151
9 143
10 170
11 154
12 169
13 151
14 155
15 164
16 136
17 117
18 119
19 99
20 107
21 72
22 57
23 55
24 50
25 42
26 37
27 25
28 30
29 23
30 17
31 10
32 14
33 13
34 11
35 7
36 2
37 4
38 3
39 1
40 1
41 0
42 1
43 1
44 0
45 2
46 0
47 0
48 0
49 1
50 1
51 0
52 0
53 0
54 0
55 0
56 0
57 0
58 0
59 0
60 0
61 0
62 0
63 0
64 0
65 0
66 0
67 0
68 0
69 0
70 0
71 0
72 0
73 0
74 0
75 0
76 0
77 0
78 0
79 0
80 0
81 0
82 0
83 0
84 0
85 0
86 0
87 0
88 0
89 0
90 0
91 0
92 0
93 0
94 0
95 0
96 0
97 0
98 0
99 0
100 0
101 0
45
68273
