0
0 36
1 0
2 194
3 55
4 188
5 162
6 254
7 173
8 224
9 164
10 184
11 153
12 163
13 141
14 127
15 125
16 102
17 105
18 69
19 56
20 54
21 33
22 29
23 31
24 32
25 24
26 11
27 9
28 6
29 16
30 9
31 3
32 6
33 2
34 1
35 3
36 1
37 3
38 0
39 1
40 0
41 0
42 2
43 1
44 1
45 1
46 0
47 0
48 0
49 0
50 0
51 0
52 0
53 0
54 0
55 0
56 0
57 0
58 0
59 0
60 0
61 0
62 0
63 0
64 0
65 0
66 0
67 0
68 0
69 0
70 0
71 0
72 0
73 0
74 0
75 0
76 0
77 0
78 0
79 0
80 0
81 0
82 0
83 0
84 0
85 0
86 0
87 0
88 0
89 0
90 0
91 0
92 0
93 0
94 0
95 0
96 0
97 0
98 0
99 0
100 0
101 0
44
74122
