0
0 44
1 0
2 29
3 204
4 65
5 165
6 194
7 137
8 202
9 187
10 178
11 162
12 150
13 133
14 153
15 106
16 115
17 96
18 82
19 73
20 79
21 57
22 66
23 50
24 41
25 34
26 22
27 14
28 14
29 18
30 16
31 3
32 8
33 4
34 6
35 8
36 3
37 9
38 1
39 1
40 4
41 2
42 2
43 0
44 0
45 0
46 1
47 1
48 0
49 0
50 0
51 0
52 0
53 0
54 0
55 0
56 0
57 0
58 0
59 0
60 0
61 0
62 0
63 0
64 0
65 0
66 0
67 0
68 0
69 0
70 0
71 0
72 0
73 0
74 0
75 0
76 0
77 0
78 0
79 0
80 0
81 0
82 0
83 0
84 0
85 0
86 0
87 0
88 0
89 0
90 0
91 0
92 0
93 0
94 0
95 0
96 0
97 0
98 0
99 0
100 0
101 0
44
73382
