0
0 22
1 0
2 127
3 46
4 184
5 146
6 214
7 163
8 195
9 183
10 205
11 170
12 154
13 141
14 184
15 119
16 123
17 81
18 103
19 67
20 72
21 48
22 46
23 45
24 51
25 21
26 31
27 19
28 22
29 8
30 14
31 8
32 12
33 2
34 8
35 3
36 4
37 1
38 1
39 1
40 1
41 1
42 1
43 1
44 1
45 1
46 0
47 0
48 0
49 0
50 0
51 0
52 0
53 0
54 0
55 0
56 0
57 0
58 0
59 0
60 0
61 0
62 0
63 0
64 0
65 0
66 0
67 0
68 0
69 0
70 0
71 0
72 0
73 0
74 0
75 0
76 0
77 0
78 0
79 0
80 0
81 0
82 0
83 0
84 0
85 0
86 0
87 0
88 0
89 0
90 0
91 0
92 0
93 0
94 0
95 0
96 0
97 0
98 0
99 0
100 0
101 0
67
79010
