0
0 12
1 0
2 64
3 48
4 135
5 126
6 158
7 174
8 177
9 185
10 187
11 157
12 180
13 176
14 164
15 156
16 129
17 107
18 96
19 92
20 101
21 65
22 69
23 64
24 49
25 58
26 34
27 22
28 22
29 16
30 18
31 14
32 9
33 8
34 6
35 6
36 6
37 2
38 2
39 2
40 5
41 1
42 0
43 0
44 2
45 2
46 0
47 2
48 0
49 0
50 0
51 0
52 0
53 0
54 0
55 0
56 0
57 0
58 0
59 0
60 0
61 0
62 0
63 0
64 0
65 0
66 0
67 0
68 0
69 0
70 0
71 0
72 0
73 0
74 0
75 0
76 0
77 0
78 0
79 0
80 0
81 0
82 0
83 0
84 0
85 0
86 0
87 0
88 0
89 0
90 0
91 0
92 0
93 0
94 0
95 0
96 0
97 0
98 0
99 0
100 0
101 0
53
81969
