0
0 20
1 0
2 81
3 108
4 105
5 181
6 137
7 211
8 167
9 178
10 205
11 188
12 196
13 179
14 161
15 139
16 111
17 118
18 122
19 75
20 80
21 69
22 49
23 50
24 38
25 44
26 32
27 32
28 32
29 18
30 13
31 16
32 12
33 2
34 5
35 6
36 4
37 4
38 3
39 4
40 2
41 0
42 0
43 1
44 1
45 1
46 1
47 1
48 0
49 0
50 0
51 1
52 0
53 0
54 0
55 0
56 0
57 0
58 0
59 0
60 0
61 0
62 0
63 0
64 0
65 0
66 0
67 0
68 0
69 0
70 0
71 0
72 0
73 0
74 0
75 0
76 0
77 0
78 0
79 0
80 0
81 0
82 0
83 0
84 0
85 0
86 0
87 0
88 0
89 0
90 0
91 0
92 0
93 0
94 0
95 0
96 0
97 0
98 0
99 0
100 0
101 0
51
86965
