0
0 12
1 0
2 36
3 83
4 67
5 138
6 112
7 167
8 132
9 185
10 203
11 198
12 203
13 175
14 174
15 171
16 163
17 131
18 150
19 106
20 127
21 100
22 80
23 69
24 59
25 55
26 54
27 55
28 34
29 40
30 29
31 28
32 23
33 14
34 8
35 13
36 11
37 2
38 6
39 4
40 9
41 3
42 4
43 1
44 0
45 0
46 0
47 0
48 0
49 0
50 0
51 0
52 0
53 0
54 0
55 0
56 0
57 0
58 0
59 0
60 0
61 0
62 0
63 0
64 0
65 0
66 0
67 0
68 0
69 0
70 0
71 0
72 0
73 0
74 0
75 0
76 0
77 0
78 0
79 0
80 0
81 0
82 0
83 0
84 0
85 0
86 0
87 0
88 0
89 0
90 0
91 0
92 0
93 0
94 0
95 0
96 0
97 0
98 0
99 0
100 0
101 0
54
99929
