0
0 12
1 0
2 78
3 35
4 144
5 108
6 213
7 166
8 182
9 232
10 197
11 205
12 195
13 186
14 171
15 166
16 171
17 140
18 122
19 96
20 112
21 84
22 75
23 73
24 63
25 59
26 38
27 29
28 37
29 23
30 23
31 18
32 16
33 12
34 14
35 11
36 3
37 2
38 8
39 0
40 5
41 2
42 2
43 0
44 1
45 1
46 0
47 0
48 2
49 0
50 0
51 0
52 0
53 0
54 0
55 0
56 0
57 0
58 0
59 0
60 0
61 0
62 0
63 0
64 0
65 0
66 0
67 0
68 0
69 0
70 0
71 0
72 0
73 0
74 0
75 0
76 0
77 0
78 0
79 0
80 0
81 0
82 0
83 0
84 0
85 0
86 0
87 0
88 0
89 0
90 0
91 0
92 0
93 0
94 0
95 0
96 0
97 0
98 0
99 0
100 0
101 0
56
105714
