0
0 4
1 0
2 25
3 44
4 65
5 128
6 94
7 162
8 152
9 166
10 194
11 176
12 189
13 191
14 224
15 202
16 198
17 138
18 183
19 131
20 156
21 97
22 95
23 96
24 75
25 77
26 48
27 47
28 35
29 44
30 24
31 20
32 23
33 21
34 12
35 14
36 8
37 7
38 8
39 3
40 6
41 1
42 1
43 1
44 1
45 1
46 0
47 0
48 1
49 0
50 0
51 0
52 0
53 0
54 0
55 0
56 0
57 0
58 0
59 0
60 0
61 0
62 0
63 0
64 0
65 0
66 0
67 0
68 0
69 0
70 0
71 0
72 0
73 0
74 0
75 0
76 0
77 0
78 0
79 0
80 0
81 0
82 0
83 0
84 0
85 0
86 0
87 0
88 0
89 0
90 0
91 0
92 0
93 0
94 0
95 0
96 0
97 0
98 0
99 0
100 0
101 0
56
109001
