0
0 100
1 0
2 27
3 296
4 162
5 196
6 287
7 263
8 195
9 235
10 213
11 190
12 185
13 154
14 148
15 150
16 100
17 113
18 97
19 67
20 78
21 45
22 57
23 36
24 29
25 31
26 25
27 23
28 24
29 11
30 16
31 6
32 5
33 4
34 3
35 3
36 3
37 2
38 2
39 2
40 4
41 0
42 1
43 0
44 1
45 0
46 0
47 1
48 0
49 0
50 0
51 0
52 0
53 0
54 0
55 0
56 0
57 0
58 0
59 0
60 0
61 0
62 0
63 0
64 0
65 0
66 0
67 0
68 0
69 0
70 0
71 0
72 0
73 0
74 0
75 0
76 0
77 0
78 0
79 0
80 0
81 0
82 0
83 0
84 0
85 0
86 0
87 0
88 0
89 0
90 0
91 0
92 0
93 0
94 0
95 0
96 0
97 0
98 0
99 0
100 0
101 0
46
109102
