0
0 15
1 0
2 55
3 74
4 76
5 151
6 143
7 188
8 147
9 171
10 209
11 201
12 209
13 168
14 188
15 175
16 146
17 137
18 144
19 142
20 104
21 94
22 85
23 76
24 73
25 76
26 43
27 51
28 35
29 26
30 36
31 27
32 17
33 17
34 12
35 8
36 8
37 4
38 11
39 3
40 6
41 2
42 3
43 1
44 3
45 0
46 0
47 2
48 0
49 1
50 0
51 0
52 0
53 0
54 0
55 0
56 0
57 0
58 0
59 0
60 0
61 0
62 0
63 0
64 0
65 0
66 0
67 0
68 0
69 0
70 0
71 0
72 0
73 0
74 0
75 0
76 0
77 0
78 0
79 0
80 0
81 0
82 0
83 0
84 0
85 0
86 0
87 0
88 0
89 0
90 0
91 0
92 0
93 0
94 0
95 0
96 0
97 0
98 0
99 0
100 0
101 0
55
107553
