0
0 3
1 0
2 5
3 41
4 33
5 89
6 74
7 135
8 170
9 165
10 196
11 196
12 205
13 219
14 214
15 209
16 192
17 194
18 174
19 142
20 142
21 116
22 102
23 108
24 80
25 90
26 58
27 52
28 61
29 35
30 47
31 17
32 18
33 17
34 20
35 11
36 13
37 10
38 2
39 1
40 4
41 1
42 1
43 3
44 3
45 0
46 0
47 1
48 0
49 1
50 0
51 0
52 0
53 0
54 0
55 0
56 0
57 0
58 0
59 0
60 0
61 0
62 0
63 0
64 0
65 0
66 0
67 0
68 0
69 0
70 0
71 0
72 0
73 0
74 0
75 0
76 0
77 0
78 0
79 0
80 0
81 0
82 0
83 0
84 0
85 0
86 0
87 0
88 0
89 0
90 0
91 0
92 0
93 0
94 0
95 0
96 0
97 0
98 0
99 0
100 0
101 0
61
113902
