0
0 0
1 0
2 22
3 5
4 65
5 44
6 104
7 85
8 159
9 127
10 178
11 163
12 194
13 187
14 208
15 206
16 206
17 186
18 172
19 187
20 174
21 155
22 138
23 127
24 105
25 107
26 90
27 71
28 63
29 43
30 37
31 35
32 34
33 22
34 22
35 10
36 8
37 8
38 6
39 11
40 3
41 6
42 2
43 0
44 2
45 2
46 0
47 0
48 1
49 0
50 1
51 2
52 0
53 0
54 0
55 0
56 0
57 0
58 0
59 0
60 0
61 0
62 0
63 0
64 0
65 0
66 0
67 0
68 0
69 0
70 0
71 0
72 0
73 0
74 0
75 0
76 0
77 0
78 0
79 0
80 0
81 0
82 0
83 0
84 0
85 0
86 0
87 0
88 0
89 0
90 0
91 0
92 0
93 0
94 0
95 0
96 0
97 0
98 0
99 0
100 0
101 0
79
120985
