0
0 8
1 0
2 50
3 21
4 120
5 70
6 169
7 143
8 188
9 184
10 222
11 187
12 212
13 198
14 218
15 206
16 170
17 147
18 155
19 123
20 135
21 131
22 101
23 80
24 83
25 79
26 51
27 57
28 42
29 38
30 37
31 21
32 20
33 14
34 15
35 9
36 7
37 8
38 3
39 5
40 0
41 3
42 0
43 2
44 1
45 0
46 0
47 0
48 1
49 0
50 1
51 0
52 0
53 0
54 1
55 0
56 0
57 0
58 0
59 0
60 0
61 0
62 0
63 0
64 0
65 0
66 0
67 0
68 0
69 0
70 0
71 0
72 0
73 0
74 0
75 0
76 0
77 0
78 0
79 0
80 0
81 0
82 0
83 0
84 0
85 0
86 0
87 0
88 0
89 0
90 0
91 0
92 0
93 0
94 0
95 0
96 0
97 0
98 0
99 0
100 0
101 0
62
117919
