0
0 8
1 0
2 15
3 111
4 57
5 152
6 149
7 131
8 251
9 213
10 192
11 194
12 202
13 218
14 190
15 196
16 188
17 136
18 175
19 116
20 154
21 79
22 98
23 69
24 74
25 54
26 52
27 41
28 41
29 30
30 23
31 19
32 11
33 18
34 12
35 7
36 6
37 5
38 5
39 4
40 3
41 1
42 1
43 0
44 1
45 0
46 0
47 0
48 1
49 1
50 0
51 0
52 0
53 0
54 0
55 0
56 0
57 0
58 0
59 0
60 0
61 0
62 0
63 0
64 0
65 0
66 0
67 0
68 0
69 0
70 0
71 0
72 0
73 0
74 0
75 0
76 0
77 0
78 0
79 0
80 0
81 0
82 0
83 0
84 0
85 0
86 0
87 0
88 0
89 0
90 0
91 0
92 0
93 0
94 0
95 0
96 0
97 0
98 0
99 0
100 0
101 0
62
115970
