0
0 2
1 0
2 26
3 18
4 86
5 73
6 111
7 133
8 167
9 179
10 189
11 181
12 229
13 210
14 222
15 196
16 202
17 184
18 176
19 134
20 156
21 105
22 109
23 104
24 88
25 83
26 52
27 52
28 50
29 33
30 44
31 20
32 22
33 14
34 14
35 13
36 16
37 7
38 8
39 12
40 2
41 4
42 1
43 2
44 2
45 1
46 1
47 1
48 0
49 0
50 0
51 0
52 0
53 0
54 0
55 0
56 0
57 0
58 0
59 0
60 0
61 0
62 0
63 0
64 0
65 0
66 0
67 0
68 0
69 0
70 0
71 0
72 0
73 0
74 0
75 0
76 0
77 0
78 0
79 0
80 0
81 0
82 0
83 0
84 0
85 0
86 0
87 0
88 0
89 0
90 0
91 0
92 0
93 0
94 0
95 0
96 0
97 0
98 0
99 0
100 0
101 0
65
117795
