0
0 11
1 0
2 121
3 53
4 158
5 232
6 129
7 239
8 272
9 263
10 248
11 226
12 233
13 194
14 195
15 169
16 154
17 147
18 124
19 113
20 97
21 89
22 68
23 60
24 61
25 38
26 29
27 24
28 21
29 27
30 24
31 11
32 5
33 8
34 3
35 5
36 5
37 0
38 1
39 3
40 3
41 1
42 0
43 2
44 0
45 2
46 0
47 0
48 0
49 0
50 0
51 0
52 0
53 0
54 0
55 0
56 0
57 0
58 0
59 0
60 0
61 0
62 0
63 0
64 0
65 0
66 0
67 0
68 0
69 0
70 0
71 0
72 0
73 0
74 0
75 0
76 0
77 0
78 0
79 0
80 0
81 0
82 0
83 0
84 0
85 0
86 0
87 0
88 0
89 0
90 0
91 0
92 0
93 0
94 0
95 0
96 0
97 0
98 0
99 0
100 0
101 0
69
126495
