0
0 10
1 0
2 71
3 53
4 143
5 149
6 210
7 179
8 221
9 201
10 228
11 258
12 225
13 226
14 182
15 167
16 178
17 141
18 124
19 115
20 119
21 87
22 86
23 64
24 58
25 67
26 26
27 38
28 35
29 22
30 27
31 19
32 11
33 15
34 14
35 3
36 4
37 8
38 7
39 4
40 2
41 3
42 1
43 2
44 0
45 1
46 1
47 0
48 1
49 0
50 0
51 0
52 0
53 0
54 0
55 0
56 0
57 0
58 0
59 0
60 0
61 0
62 0
63 0
64 0
65 0
66 0
67 0
68 0
69 0
70 0
71 0
72 0
73 0
74 0
75 0
76 0
77 0
78 0
79 0
80 0
81 0
82 0
83 0
84 0
85 0
86 0
87 0
88 0
89 0
90 0
91 0
92 0
93 0
94 0
95 0
96 0
97 0
98 0
99 0
100 0
101 0
72
122504
