0
0 15
1 0
2 53
3 80
4 124
5 187
6 144
7 230
8 218
9 242
10 252
11 209
12 226
13 199
14 215
15 185
16 174
17 165
18 136
19 107
20 113
21 116
22 109
23 72
24 60
25 74
26 34
27 37
28 27
29 20
30 32
31 15
32 19
33 15
34 9
35 7
36 9
37 2
38 1
39 5
40 1
41 1
42 1
43 0
44 1
45 3
46 0
47 0
48 0
49 0
50 0
51 0
52 0
53 0
54 0
55 0
56 0
57 0
58 0
59 0
60 0
61 0
62 0
63 0
64 0
65 0
66 0
67 0
68 0
69 0
70 0
71 0
72 0
73 0
74 0
75 0
76 0
77 0
78 0
79 0
80 0
81 0
82 0
83 0
84 0
85 0
86 0
87 0
88 0
89 0
90 0
91 0
92 0
93 0
94 0
95 0
96 0
97 0
98 0
99 0
100 0
101 0
64
131632
