0
0 6
1 0
2 47
3 40
4 105
5 95
6 148
7 189
8 192
9 214
10 237
11 204
12 214
13 224
14 220
15 213
16 220
17 170
18 183
19 137
20 162
21 99
22 120
23 96
24 87
25 68
26 44
27 50
28 60
29 43
30 26
31 31
32 26
33 11
34 10
35 10
36 3
37 5
38 11
39 3
40 5
41 1
42 2
43 2
44 3
45 0
46 0
47 0
48 0
49 0
50 0
51 0
52 0
53 0
54 0
55 0
56 0
57 0
58 0
59 0
60 0
61 0
62 0
63 0
64 0
65 0
66 0
67 0
68 0
69 0
70 0
71 0
72 0
73 0
74 0
75 0
76 0
77 0
78 0
79 0
80 0
81 0
82 0
83 0
84 0
85 0
86 0
87 0
88 0
89 0
90 0
91 0
92 0
93 0
94 0
95 0
96 0
97 0
98 0
99 0
100 0
101 0
65
137872
