0
0 29
1 0
2 94
3 77
4 192
5 195
6 276
7 268
8 255
9 265
10 269
11 221
12 226
13 200
14 186
15 182
16 183
17 134
18 119
19 110
20 110
21 72
22 77
23 62
24 73
25 46
26 45
27 30
28 23
29 23
30 14
31 19
32 10
33 6
34 11
35 8
36 7
37 6
38 4
39 0
40 2
41 2
42 0
43 0
44 0
45 2
46 1
47 1
48 0
49 0
50 0
51 0
52 0
53 0
54 0
55 1
56 0
57 0
58 0
59 0
60 0
61 0
62 0
63 0
64 0
65 0
66 0
67 0
68 0
69 0
70 0
71 0
72 0
73 0
74 0
75 0
76 0
77 0
78 0
79 0
80 0
81 0
82 0
83 0
84 0
85 0
86 0
87 0
88 0
89 0
90 0
91 0
92 0
93 0
94 0
95 0
96 0
97 0
98 0
99 0
100 0
101 0
77
144713
