0
0 9
1 0
2 77
3 60
4 149
5 178
6 194
7 197
8 232
9 263
10 274
11 248
12 244
13 243
14 192
15 215
16 188
17 166
18 142
19 142
20 132
21 90
22 112
23 77
24 62
25 63
26 64
27 48
28 37
29 33
30 25
31 19
32 18
33 8
34 8
35 11
36 8
37 3
38 1
39 6
40 0
41 1
42 1
43 1
44 1
45 1
46 0
47 0
48 0
49 0
50 0
51 0
52 0
53 0
54 0
55 0
56 0
57 0
58 0
59 0
60 0
61 0
62 0
63 0
64 0
65 0
66 0
67 0
68 0
69 0
70 0
71 0
72 0
73 0
74 0
75 0
76 0
77 0
78 0
79 0
80 0
81 0
82 0
83 0
84 0
85 0
86 0
87 0
88 0
89 0
90 0
91 0
92 0
93 0
94 0
95 0
96 0
97 0
98 0
99 0
100 0
101 0
70
152259
