0
0 3
1 0
2 5
3 73
4 48
5 104
6 158
7 137
8 196
9 229
10 227
11 229
12 241
13 247
14 270
15 242
16 240
17 207
18 177
19 169
20 178
21 157
22 115
23 116
24 90
25 96
26 61
27 65
28 38
29 32
30 24
31 15
32 17
33 11
34 14
35 12
36 11
37 2
38 6
39 1
40 1
41 4
42 2
43 0
44 0
45 0
46 0
47 0
48 0
49 0
50 0
51 0
52 0
53 0
54 0
55 0
56 0
57 0
58 0
59 0
60 0
61 0
62 0
63 0
64 0
65 0
66 0
67 0
68 0
69 0
70 0
71 0
72 0
73 0
74 0
75 0
76 0
77 0
78 0
79 0
80 0
81 0
82 0
83 0
84 0
85 0
86 0
87 0
88 0
89 0
90 0
91 0
92 0
93 0
94 0
95 0
96 0
97 0
98 0
99 0
100 0
101 0
73
154224
