0
0 14
1 0
2 17
3 116
4 60
5 164
6 204
7 152
8 271
9 237
10 242
11 255
12 249
13 236
14 247
15 235
16 209
17 179
18 215
19 126
20 170
21 101
22 121
23 81
24 81
25 61
26 51
27 50
28 36
29 35
30 20
31 15
32 17
33 10
34 18
35 9
36 5
37 5
38 9
39 3
40 1
41 1
42 1
43 1
44 1
45 0
46 0
47 0
48 2
49 0
50 0
51 0
52 0
53 0
54 0
55 0
56 0
57 0
58 0
59 0
60 0
61 0
62 0
63 0
64 0
65 0
66 0
67 0
68 0
69 0
70 0
71 0
72 0
73 0
74 0
75 0
76 0
77 0
78 0
79 0
80 0
81 0
82 0
83 0
84 0
85 0
86 0
87 0
88 0
89 0
90 0
91 0
92 0
93 0
94 0
95 0
96 0
97 0
98 0
99 0
100 0
101 0
96
158868
