0
0 12
1 0
2 142
3 45
4 204
5 201
6 237
7 243
8 280
9 251
10 289
11 254
12 261
13 201
14 231
15 207
16 203
17 149
18 128
19 120
20 100
21 79
22 79
23 99
24 67
25 46
26 36
27 40
28 38
29 21
30 24
31 10
32 14
33 10
34 11
35 3
36 1
37 5
38 3
39 2
40 4
41 1
42 2
43 2
44 1
45 0
46 0
47 1
48 0
49 0
50 0
51 0
52 0
53 0
54 0
55 0
56 0
57 0
58 0
59 0
60 0
61 0
62 0
63 0
64 0
65 0
66 0
67 0
68 0
69 0
70 0
71 0
72 0
73 0
74 0
75 0
76 0
77 0
78 0
79 0
80 0
81 0
82 0
83 0
84 0
85 0
86 0
87 0
88 0
89 0
90 0
91 0
92 0
93 0
94 0
95 0
96 0
97 0
98 0
99 0
100 0
101 0
79
160647
