0
0 37
1 0
2 68
3 190
4 103
5 238
6 197
7 276
8 294
9 251
10 304
11 230
12 235
13 234
14 227
15 194
16 201
17 186
18 131
19 129
20 126
21 98
22 95
23 76
24 51
25 56
26 48
27 42
28 41
29 24
30 16
31 12
32 12
33 17
34 4
35 9
36 9
37 3
38 4
39 5
40 4
41 5
42 1
43 1
44 1
45 2
46 2
47 0
48 0
49 0
50 0
51 0
52 0
53 0
54 0
55 0
56 0
57 0
58 0
59 0
60 0
61 0
62 0
63 0
64 0
65 0
66 0
67 0
68 0
69 0
70 0
71 0
72 0
73 0
74 0
75 0
76 0
77 0
78 0
79 0
80 0
81 0
82 0
83 0
84 0
85 0
86 0
87 0
88 0
89 0
90 0
91 0
92 0
93 0
94 0
95 0
96 0
97 0
98 0
99 0
100 0
101 0
83
170577
