0
0 35
1 0
2 113
3 122
4 165
5 240
6 219
7 320
8 267
9 260
10 257
11 232
12 282
13 211
14 230
15 209
16 169
17 144
18 123
19 128
20 106
21 89
22 88
23 78
24 53
25 47
26 31
27 35
28 32
29 20
30 16
31 19
32 14
33 10
34 12
35 8
36 6
37 5
38 4
39 5
40 6
41 0
42 2
43 2
44 1
45 0
46 0
47 0
48 2
49 0
50 0
51 0
52 0
53 0
54 0
55 0
56 0
57 0
58 0
59 0
60 0
61 0
62 0
63 0
64 0
65 0
66 0
67 0
68 0
69 0
70 0
71 0
72 0
73 0
74 0
75 0
76 0
77 0
78 0
79 0
80 0
81 0
82 0
83 0
84 0
85 0
86 0
87 0
88 0
89 0
90 0
91 0
92 0
93 0
94 0
95 0
96 0
97 0
98 0
99 0
100 0
101 0
78
165101
