0
0 12
1 0
2 33
3 163
4 62
5 180
6 193
7 181
8 254
9 229
10 267
11 251
12 217
13 259
14 243
15 229
16 197
17 187
18 218
19 145
20 166
21 115
22 120
23 101
24 99
25 76
26 61
27 67
28 47
29 43
30 37
31 24
32 37
33 11
34 14
35 15
36 10
37 9
38 9
39 2
40 3
41 2
42 3
43 1
44 2
45 1
46 0
47 0
48 0
49 0
50 1
51 0
52 1
53 0
54 0
55 0
56 0
57 0
58 1
59 0
60 0
61 0
62 0
63 0
64 0
65 0
66 0
67 0
68 0
69 0
70 0
71 0
72 0
73 0
74 0
75 0
76 0
77 0
78 0
79 0
80 0
81 0
82 0
83 0
84 0
85 0
86 0
87 0
88 0
89 0
90 0
91 0
92 0
93 0
94 0
95 0
96 0
97 0
98 0
99 0
100 0
101 0
63
179114
