0
0 11
1 0
2 79
3 29
4 138
5 189
6 167
7 235
8 267
9 273
10 256
11 257
12 268
13 235
14 256
15 251
16 201
17 220
18 157
19 158
20 162
21 115
22 89
23 88
24 71
25 68
26 45
27 44
28 45
29 30
30 27
31 17
32 13
33 15
34 4
35 10
36 7
37 8
38 4
39 5
40 2
41 1
42 2
43 0
44 0
45 0
46 1
47 0
48 0
49 0
50 0
51 0
52 0
53 0
54 0
55 0
56 0
57 0
58 0
59 0
60 0
61 0
62 0
63 0
64 0
65 0
66 0
67 0
68 0
69 0
70 0
71 0
72 0
73 0
74 0
75 0
76 0
77 0
78 0
79 0
80 0
81 0
82 0
83 0
84 0
85 0
86 0
87 0
88 0
89 0
90 0
91 0
92 0
93 0
94 0
95 0
96 0
97 0
98 0
99 0
100 0
101 0
75
172963
