0
0 103
1 0
2 153
3 445
4 178
5 359
6 280
7 337
8 291
9 256
10 237
11 225
12 227
13 204
14 152
15 146
16 125
17 122
18 112
19 73
20 59
21 70
22 62
23 45
24 37
25 43
26 31
27 29
28 17
29 16
30 18
31 7
32 5
33 8
34 6
35 2
36 5
37 5
38 4
39 1
40 2
41 1
42 0
43 1
44 1
45 0
46 2
47 0
48 0
49 0
50 0
51 0
52 0
53 0
54 0
55 0
56 0
57 0
58 0
59 0
60 0
61 0
62 0
63 0
64 0
65 0
66 0
67 0
68 0
69 0
70 0
71 0
72 0
73 0
74 0
75 0
76 0
77 0
78 0
79 0
80 0
81 0
82 0
83 0
84 0
85 0
86 0
87 0
88 0
89 0
90 0
91 0
92 0
93 0
94 0
95 0
96 0
97 0
98 0
99 0
100 0
101 0
75
171587
