0
0 12
1 0
2 151
3 34
4 229
5 186
6 267
7 182
8 294
9 265
10 328
11 218
12 294
13 269
14 254
15 247
16 224
17 188
18 157
19 121
20 134
21 84
22 86
23 69
24 79
25 56
26 32
27 37
28 37
29 21
30 23
31 15
32 18
33 6
34 10
35 7
36 7
37 5
38 5
39 2
40 4
41 2
42 0
43 2
44 0
45 1
46 1
47 0
48 0
49 0
50 0
51 0
52 1
53 0
54 0
55 0
56 0
57 0
58 0
59 0
60 0
61 0
62 0
63 0
64 0
65 0
66 0
67 0
68 0
69 0
70 0
71 0
72 0
73 0
74 0
75 0
76 0
77 0
78 0
79 0
80 0
81 0
82 0
83 0
84 0
85 0
86 0
87 0
88 0
89 0
90 0
91 0
92 0
93 0
94 0
95 0
96 0
97 0
98 0
99 0
100 0
101 0
97
184449
