0
0 13
1 0
2 11
3 133
4 54
5 145
6 225
7 212
8 239
9 303
10 300
11 273
12 293
13 294
14 278
15 260
16 235
17 226
18 170
19 170
20 161
21 105
22 121
23 89
24 84
25 64
26 48
27 47
28 49
29 29
30 27
31 16
32 13
33 13
34 6
35 7
36 9
37 3
38 1
39 3
40 6
41 0
42 1
43 1
44 0
45 0
46 0
47 0
48 0
49 0
50 0
51 0
52 0
53 0
54 0
55 0
56 0
57 0
58 0
59 0
60 0
61 0
62 0
63 0
64 0
65 0
66 0
67 0
68 0
69 0
70 0
71 0
72 0
73 0
74 0
75 0
76 0
77 0
78 0
79 0
80 0
81 0
82 0
83 0
84 0
85 0
86 0
87 0
88 0
89 0
90 0
91 0
92 0
93 0
94 0
95 0
96 0
97 0
98 0
99 0
100 0
101 0
77
190035
