0
0 11
1 0
2 49
3 98
4 104
5 203
6 149
7 275
8 219
9 254
10 304
11 248
12 302
13 217
14 229
15 227
16 220
17 207
18 215
19 145
20 173
21 119
22 118
23 80
24 105
25 92
26 52
27 46
28 41
29 38
30 45
31 29
32 24
33 11
34 15
35 6
36 10
37 7
38 5
39 4
40 2
41 3
42 3
43 4
44 0
45 2
46 2
47 1
48 0
49 0
50 0
51 0
52 0
53 0
54 0
55 0
56 0
57 0
58 0
59 0
60 0
61 0
62 0
63 0
64 0
65 0
66 0
67 0
68 0
69 0
70 0
71 0
72 0
73 0
74 0
75 0
76 0
77 0
78 0
79 0
80 0
81 0
82 0
83 0
84 0
85 0
86 0
87 0
88 0
89 0
90 0
91 0
92 0
93 0
94 0
95 0
96 0
97 0
98 0
99 0
100 0
101 0
74
188146
