0
0 8
1 0
2 10
3 67
4 44
5 150
6 177
7 168
8 231
9 196
10 247
11 251
12 266
13 296
14 275
15 262
16 259
17 201
18 241
19 189
20 196
21 134
22 155
23 119
24 99
25 96
26 70
27 49
28 68
29 54
30 39
31 32
32 30
33 18
34 11
35 17
36 7
37 7
38 5
39 3
40 4
41 1
42 2
43 2
44 1
45 1
46 0
47 1
48 2
49 0
50 0
51 1
52 0
53 0
54 0
55 0
56 0
57 0
58 0
59 0
60 0
61 0
62 0
63 0
64 0
65 0
66 0
67 0
68 0
69 0
70 0
71 0
72 0
73 0
74 0
75 0
76 0
77 0
78 0
79 0
80 0
81 0
82 0
83 0
84 0
85 0
86 0
87 0
88 0
89 0
90 0
91 0
92 0
93 0
94 0
95 0
96 0
97 0
98 0
99 0
100 0
101 0
75
192009
