0
0 61
1 0
2 56
3 328
4 91
5 314
6 323
7 218
8 331
9 311
10 270
11 283
12 247
13 230
14 231
15 198
16 171
17 146
18 150
19 90
20 126
21 72
22 92
23 73
24 76
25 56
26 32
27 42
28 38
29 15
30 21
31 11
32 15
33 12
34 10
35 4
36 7
37 5
38 3
39 1
40 0
41 1
42 5
43 3
44 0
45 0
46 0
47 0
48 0
49 0
50 0
51 0
52 0
53 0
54 0
55 0
56 0
57 0
58 0
59 0
60 0
61 0
62 0
63 0
64 0
65 0
66 0
67 0
68 0
69 0
70 0
71 0
72 0
73 0
74 0
75 0
76 0
77 0
78 0
79 0
80 0
81 0
82 0
83 0
84 0
85 0
86 0
87 0
88 0
89 0
90 0
91 0
92 0
93 0
94 0
95 0
96 0
97 0
98 0
99 0
100 0
101 0
78
192535
