0
0 7
1 0
2 19
3 26
4 92
5 105
6 128
7 186
8 167
9 178
10 258
11 276
12 277
13 261
14 265
15 269
16 256
17 233
18 215
19 198
20 217
21 113
22 158
23 140
24 141
25 97
26 85
27 79
28 58
29 53
30 56
31 40
32 35
33 24
34 20
35 22
36 14
37 7
38 12
39 4
40 7
41 1
42 1
43 0
44 1
45 1
46 0
47 0
48 0
49 0
50 1
51 1
52 0
53 0
54 0
55 0
56 0
57 0
58 0
59 0
60 0
61 0
62 0
63 0
64 0
65 0
66 0
67 0
68 0
69 0
70 0
71 0
72 0
73 0
74 0
75 0
76 0
77 0
78 0
79 0
80 0
81 0
82 0
83 0
84 0
85 0
86 0
87 0
88 0
89 0
90 0
91 0
92 0
93 0
94 0
95 0
96 0
97 0
98 0
99 0
100 0
101 0
77
195403
