0
0 21
1 0
2 88
3 81
4 145
5 194
6 208
7 261
8 257
9 271
10 317
11 287
12 275
13 248
14 270
15 230
16 223
17 230
18 178
19 167
20 133
21 119
22 125
23 86
24 90
25 77
26 66
27 59
28 41
29 35
30 31
31 25
32 20
33 18
34 20
35 8
36 10
37 10
38 7
39 2
40 4
41 5
42 2
43 2
44 2
45 0
46 1
47 3
48 0
49 0
50 0
51 0
52 0
53 0
54 0
55 0
56 0
57 0
58 0
59 0
60 0
61 0
62 0
63 0
64 0
65 0
66 0
67 0
68 0
69 0
70 0
71 0
72 0
73 0
74 0
75 0
76 0
77 0
78 0
79 0
80 0
81 0
82 0
83 0
84 0
85 0
86 0
87 0
88 0
89 0
90 0
91 0
92 0
93 0
94 0
95 0
96 0
97 0
98 0
99 0
100 0
101 0
96
207721
