0
0 14
1 0
2 20
3 65
4 22
5 31
6 44
7 34
8 42
9 30
10 36
11 37
12 27
13 24
14 27
15 13
16 24
17 17
18 18
19 6
20 20
21 5
22 10
23 3
24 4
25 4
26 1
27 6
28 3
29 1
30 2
31 2
32 1
33 1
34 1
35 3
36 1
37 0
38 0
39 0
40 0
41 0
42 1
43 0
44 0
45 0
46 0
47 0
48 1
49 0
50 0
51 0
52 0
53 0
54 0
55 0
56 0
57 0
58 0
59 0
60 0
61 0
62 0
63 0
64 0
65 0
66 0
67 0
68 0
69 0
70 0
71 0
72 0
73 0
74 0
75 0
76 0
77 0
78 0
79 0
80 0
81 0
82 0
83 0
84 0
85 0
86 0
87 0
88 0
89 0
90 0
91 0
92 0
93 0
94 0
95 0
96 0
97 0
98 0
99 0
100 0
101 0
11
3135
