0
0 9
1 0
2 14
3 29
4 25
5 41
6 35
7 42
8 47
9 47
10 37
11 40
12 31
13 35
14 30
15 30
16 14
17 31
18 23
19 17
20 15
21 16
22 14
23 10
24 11
25 8
26 7
27 3
28 2
29 6
30 3
31 0
32 2
33 4
34 3
35 0
36 3
37 1
38 0
39 1
40 0
41 0
42 0
43 0
44 1
45 0
46 0
47 0
48 0
49 0
50 0
51 0
52 0
53 0
54 0
55 0
56 0
57 0
58 0
59 0
60 0
61 0
62 0
63 0
64 0
65 0
66 0
67 0
68 0
69 0
70 0
71 0
72 0
73 0
74 0
75 0
76 0
77 0
78 0
79 0
80 0
81 0
82 0
83 0
84 0
85 0
86 0
87 0
88 0
89 0
90 0
91 0
92 0
93 0
94 0
95 0
96 0
97 0
98 0
99 0
100 0
101 0
15
4052
