0
0 4
1 0
2 14
3 15
4 36
5 39
6 35
7 32
8 39
9 54
10 39
11 38
12 36
13 42
14 26
15 30
16 35
17 28
18 17
19 23
20 17
21 13
22 16
23 10
24 7
25 12
26 3
27 7
28 7
29 1
30 5
31 3
32 3
33 0
34 0
35 1
36 0
37 2
38 0
39 1
40 0
41 0
42 0
43 0
44 0
45 0
46 0
47 0
48 0
49 0
50 0
51 0
52 0
53 0
54 0
55 0
56 0
57 0
58 0
59 0
60 0
61 0
62 0
63 0
64 0
65 0
66 0
67 0
68 0
69 0
70 0
71 0
72 0
73 0
74 0
75 0
76 0
77 0
78 0
79 0
80 0
81 0
82 0
83 0
84 0
85 0
86 0
87 0
88 0
89 0
90 0
91 0
92 0
93 0
94 0
95 0
96 0
97 0
98 0
99 0
100 0
101 0
10
4086
