0
0 8
1 0
2 12
3 31
4 9
5 32
6 34
7 43
8 59
9 53
10 48
11 48
12 36
13 40
14 40
15 43
16 33
17 21
18 19
19 27
20 24
21 14
22 18
23 12
24 13
25 12
26 7
27 4
28 4
29 4
30 3
31 4
32 4
33 3
34 0
35 3
36 1
37 3
38 2
39 1
40 2
41 1
42 0
43 0
44 1
45 0
46 0
47 0
48 0
49 0
50 0
51 0
52 0
53 1
54 0
55 0
56 0
57 0
58 0
59 0
60 0
61 0
62 0
63 0
64 0
65 0
66 0
67 0
68 0
69 0
70 0
71 0
72 0
73 0
74 0
75 0
76 0
77 0
78 0
79 0
80 0
81 0
82 0
83 0
84 0
85 0
86 0
87 0
88 0
89 0
90 0
91 0
92 0
93 0
94 0
95 0
96 0
97 0
98 0
99 0
100 0
101 0
15
5142
