0
0 0
1 0
2 6
3 4
4 10
5 11
6 18
7 28
8 37
9 40
10 37
11 38
12 33
13 50
14 48
15 48
16 38
17 45
18 47
19 38
20 23
21 35
22 25
23 28
24 23
25 26
26 14
27 15
28 22
29 13
30 7
31 6
32 6
33 8
34 4
35 1
36 0
37 2
38 1
39 0
40 1
41 1
42 2
43 0
44 0
45 1
46 0
47 0
48 0
49 0
50 0
51 0
52 0
53 0
54 0
55 0
56 0
57 0
58 0
59 0
60 0
61 0
62 0
63 0
64 0
65 0
66 0
67 0
68 0
69 0
70 0
71 0
72 0
73 0
74 0
75 0
76 0
77 0
78 0
79 0
80 0
81 0
82 0
83 0
84 0
85 0
86 0
87 0
88 0
89 0
90 0
91 0
92 0
93 0
94 0
95 0
96 0
97 0
98 0
99 0
100 0
101 0
14
5999
