0
0 2
1 0
2 4
3 12
4 8
5 25
6 44
7 24
8 49
9 48
10 41
11 65
12 57
13 43
14 50
15 45
16 48
17 31
18 54
19 19
20 38
21 24
22 23
23 15
24 13
25 18
26 12
27 11
28 4
29 14
30 7
31 5
32 1
33 1
34 5
35 0
36 0
37 1
38 1
39 1
40 1
41 0
42 0
43 0
44 0
45 0
46 0
47 0
48 0
49 0
50 0
51 0
52 0
53 0
54 0
55 0
56 0
57 0
58 0
59 0
60 0
61 0
62 0
63 0
64 0
65 0
66 0
67 0
68 0
69 0
70 0
71 0
72 0
73 0
74 0
75 0
76 0
77 0
78 0
79 0
80 0
81 0
82 0
83 0
84 0
85 0
86 0
87 0
88 0
89 0
90 0
91 0
92 0
93 0
94 0
95 0
96 0
97 0
98 0
99 0
100 0
101 0
18
6349
