40
1036 1015 62.069
1036 1001 63.1579
1036 998 63.2479
1036 987 62.5
1036 985 61.9469
1036 976 62.069
1036 963 62.7119
1036 950 60
1036 948 60.9524
1036 918 60.5505
1036 896 60
1036 816 61.4035
1036 803 60.9375
1036 774 61.9469
1036 690 63.1579
1036 672 63.7931
1036 647 62.7119
1036 599 66.1017
1036 559 60.6557
1036 526 60.6557
1036 509 63.7168
1036 396 62.5
1036 386 60
1036 361 60.9375
1036 305 61.1111
1036 253 60.9375
1036 249 61.2903
1036 244 60.1626
1036 232 64.0625
1036 199 61.6667
1036 148 62.3853
1036 121 60.4651
1036 82 63.9344
1036 80 60.6557
1036 76 62.9921
1036 74 60.5505
1036 69 60.1626
1036 51 61.0687
1036 41 62.5954
1036 34 60
0 0
1 0
2 0
3 0
4 0
5 0
6 0
7 0
8 0
9 0
10 0
11 0
12 0
13 0
14 0
15 0
16 0
17 0
18 4
19 0
20 7
21 5
22 1
23 20
24 7
25 21
26 8
27 20
28 26
29 24
30 22
31 28
32 22
33 42
34 19
35 36
36 12
37 33
38 31
39 27
40 27
41 35
42 33
43 27
44 37
45 25
46 37
47 26
48 40
49 29
50 52
51 25
52 32
53 33
54 21
55 19
56 18
57 15
58 15
59 21
60 17
61 12
62 7
63 9
64 6
65 1
66 0
67 1
68 0
69 0
70 0
71 0
72 0
73 0
74 0
75 0
76 0
77 0
78 0
79 0
80 0
81 0
82 0
83 0
84 0
85 0
86 0
87 0
88 0
89 0
90 0
91 0
92 0
93 0
94 0
95 0
96 0
97 0
98 0
99 0
100 0
101 0
4
1324
