1
1040 140 61.2245
0 0
1 0
2 0
3 0
4 0
5 0
6 0
7 0
8 0
9 0
10 6
11 0
12 2
13 1
14 4
15 6
16 6
17 5
18 10
19 10
20 30
21 22
22 17
23 30
24 31
25 45
26 23
27 41
28 45
29 36
30 55
31 37
32 54
33 48
34 57
35 57
36 33
37 35
38 37
39 35
40 51
41 16
42 28
43 24
44 14
45 14
46 16
47 7
48 10
49 9
50 7
51 3
52 4
53 6
54 2
55 6
56 1
57 1
58 1
59 0
60 0
61 0
62 1
63 0
64 0
65 0
66 0
67 0
68 0
69 0
70 0
71 0
72 0
73 0
74 0
75 0
76 0
77 0
78 0
79 0
80 0
81 0
82 0
83 0
84 0
85 0
86 0
87 0
88 0
89 0
90 0
91 0
92 0
93 0
94 0
95 0
96 0
97 0
98 0
99 0
100 0
101 0
2
1335
