0
0 0
1 0
2 0
3 0
4 0
5 0
6 0
7 0
8 0
9 0
10 0
11 0
12 0
13 0
14 0
15 0
16 2
17 0
18 2
19 9
20 1
21 8
22 20
23 4
24 12
25 21
26 8
27 14
28 26
29 22
30 14
31 34
32 26
33 34
34 39
35 22
36 46
37 32
38 30
39 31
40 42
41 26
42 49
43 36
44 47
45 41
46 34
47 43
48 46
49 44
50 42
51 23
52 23
53 15
54 16
55 17
56 12
57 19
58 11
59 10
60 2
61 2
62 5
63 0
64 1
65 1
66 0
67 2
68 2
69 0
70 0
71 0
72 0
73 0
74 0
75 0
76 0
77 0
78 0
79 0
80 0
81 0
82 0
83 0
84 0
85 0
86 0
87 0
88 0
89 0
90 0
91 0
92 0
93 0
94 0
95 0
96 0
97 0
98 0
99 0
100 0
101 0
4
1466
