0
0 0
1 0
2 0
3 0
4 0
5 0
6 0
7 0
8 0
9 0
10 0
11 0
12 2
13 1
14 0
15 2
16 4
17 3
18 3
19 4
20 10
21 8
22 13
23 14
24 16
25 32
26 23
27 23
28 29
29 31
30 44
31 25
32 49
33 46
34 46
35 35
36 47
37 46
38 41
39 52
40 61
41 38
42 48
43 37
44 43
45 38
46 33
47 19
48 26
49 23
50 24
51 11
52 8
53 5
54 8
55 3
56 5
57 2
58 5
59 0
60 1
61 0
62 0
63 0
64 0
65 0
66 0
67 0
68 0
69 0
70 0
71 0
72 0
73 0
74 0
75 0
76 0
77 0
78 0
79 0
80 0
81 0
82 0
83 0
84 0
85 0
86 0
87 0
88 0
89 0
90 0
91 0
92 0
93 0
94 0
95 0
96 0
97 0
98 0
99 0
100 0
101 0
3
1528
