0
0 0
1 0
2 0
3 0
4 0
5 0
6 0
7 0
8 0
9 0
10 0
11 2
12 0
13 0
14 2
15 4
16 0
17 3
18 16
19 4
20 8
21 11
22 17
23 12
24 17
25 25
26 10
27 32
28 25
29 50
30 36
31 18
32 39
33 43
34 29
35 37
36 55
37 47
38 39
39 41
40 54
41 34
42 46
43 39
44 42
45 49
46 28
47 49
48 27
49 28
50 32
51 13
52 23
53 13
54 12
55 12
56 4
57 6
58 2
59 2
60 1
61 3
62 0
63 0
64 1
65 1
66 0
67 0
68 0
69 0
70 0
71 0
72 0
73 0
74 0
75 0
76 0
77 0
78 0
79 0
80 0
81 0
82 0
83 0
84 0
85 0
86 0
87 0
88 0
89 0
90 0
91 0
92 0
93 0
94 0
95 0
96 0
97 0
98 0
99 0
100 0
101 0
4
1710
