38
1158 1120 60.9375
1158 1093 62.069
1158 1083 61.4035
1158 1069 64.8649
1158 1036 63.4921
1158 1008 64.4068
1158 987 61.8182
1158 981 61.5385
1158 963 60.3448
1158 949 60.7143
1158 929 61.8182
1158 869 63.5514
1158 852 63.6364
1158 845 64.0625
1158 734 63.3333
1158 720 60.7143
1158 677 60.1626
1158 666 60.4651
1158 657 61.157
1158 601 61.1111
1158 599 60.3448
1158 587 66.1017
1158 553 62.8099
1158 528 60.3448
1158 466 61.9048
1158 404 61.6667
1158 363 67.2727
1158 361 68.254
1158 358 63.4921
1158 354 60.5042
1158 336 60
1158 251 63.1579
1158 129 63.8655
1158 121 64.5669
1158 112 61.9048
1158 104 65
1158 34 64.0625
1158 23 60
0 0
1 0
2 0
3 0
4 0
5 0
6 0
7 0
8 0
9 0
10 0
11 0
12 0
13 0
14 0
15 0
16 0
17 0
18 1
19 2
20 4
21 6
22 4
23 8
24 22
25 15
26 27
27 11
28 28
29 23
30 24
31 30
32 21
33 33
34 18
35 41
36 40
37 23
38 47
39 26
40 55
41 35
42 37
43 36
44 29
45 35
46 28
47 40
48 42
49 34
50 45
51 24
52 35
53 29
54 29
55 29
56 26
57 20
58 30
59 17
60 12
61 9
62 9
63 2
64 7
65 6
66 0
67 1
68 1
69 1
70 0
71 0
72 0
73 0
74 0
75 0
76 0
77 0
78 0
79 0
80 0
81 0
82 0
83 0
84 0
85 0
86 0
87 0
88 0
89 0
90 0
91 0
92 0
93 0
94 0
95 0
96 0
97 0
98 0
99 0
100 0
101 0
5
1706
