0
0 0
1 0
2 0
3 0
4 0
5 0
6 0
7 0
8 0
9 0
10 0
11 0
12 0
13 0
14 0
15 0
16 0
17 0
18 2
19 0
20 4
21 4
22 4
23 12
24 8
25 10
26 23
27 15
28 33
29 29
30 29
31 36
32 22
33 50
34 19
35 37
36 34
37 32
38 33
39 18
40 43
41 32
42 21
43 23
44 41
45 29
46 36
47 30
48 36
49 33
50 34
51 34
52 31
53 27
54 41
55 40
56 21
57 23
58 18
59 22
60 12
61 10
62 4
63 9
64 4
65 1
66 1
67 2
68 1
69 0
70 0
71 0
72 0
73 0
74 0
75 0
76 0
77 0
78 0
79 0
80 0
81 0
82 0
83 0
84 0
85 0
86 0
87 0
88 0
89 0
90 0
91 0
92 0
93 0
94 0
95 0
96 0
97 0
98 0
99 0
100 0
101 0
6
1604
