41
1120 1077 61.6541
1120 1035 63.0631
1120 1015 61.0169
1120 1005 63.7931
1120 909 62.9921
1120 870 61.5385
1120 843 61.9048
1120 840 60
1120 809 64.8148
1120 800 71.875
1120 797 64.6617
1120 768 62.1849
1120 745 61.157
1120 744 62.069
1120 695 60.3774
1120 689 61.7886
1120 671 67.2414
1120 666 66.1654
1120 664 67.7686
1120 652 62.0155
1120 600 60.6557
1120 514 60
1120 411 60.3448
1120 371 72
1120 364 60.3448
1120 324 61.0169
1120 322 61.4035
1120 306 60.6557
1120 292 62.1849
1120 283 61.6667
1120 251 62.7119
1120 232 60
1120 218 60.9524
1120 150 64.4628
1120 101 61.8182
1120 82 64.5161
1120 76 62.0155
1120 47 66.6667
1120 41 60.1504
1120 34 63.6364
1120 23 64.5161
0 0
1 0
2 0
3 0
4 0
5 0
6 0
7 0
8 0
9 0
10 0
11 0
12 0
13 0
14 0
15 0
16 0
17 3
18 0
19 1
20 11
21 3
22 16
23 11
24 10
25 20
26 15
27 21
28 22
29 20
30 21
31 21
32 31
33 21
34 31
35 39
36 49
37 24
38 38
39 32
40 34
41 20
42 28
43 32
44 33
45 39
46 31
47 39
48 45
49 34
50 55
51 25
52 32
53 28
54 29
55 27
56 23
57 23
58 18
59 13
60 13
61 7
62 10
63 7
64 3
65 5
66 0
67 2
68 2
69 0
70 0
71 0
72 2
73 0
74 0
75 0
76 0
77 0
78 0
79 0
80 0
81 0
82 0
83 0
84 0
85 0
86 0
87 0
88 0
89 0
90 0
91 0
92 0
93 0
94 0
95 0
96 0
97 0
98 0
99 0
100 0
101 0
5
1576
