2
1136 470 61.2903
1136 151 68.8525
0 0
1 0
2 0
3 0
4 0
5 0
6 0
7 0
8 0
9 0
10 0
11 0
12 5
13 10
14 1
15 5
16 7
17 4
18 3
19 5
20 19
21 17
22 19
23 18
24 27
25 31
26 26
27 26
28 23
29 25
30 50
31 33
32 36
33 67
34 42
35 41
36 48
37 52
38 43
39 53
40 69
41 26
42 37
43 35
44 49
45 36
46 25
47 25
48 20
49 14
50 12
51 7
52 11
53 8
54 7
55 8
56 0
57 6
58 1
59 1
60 0
61 0
62 1
63 0
64 0
65 0
66 0
67 0
68 0
69 1
70 0
71 0
72 0
73 0
74 0
75 0
76 0
77 0
78 0
79 0
80 0
81 0
82 0
83 0
84 0
85 0
86 0
87 0
88 0
89 0
90 0
91 0
92 0
93 0
94 0
95 0
96 0
97 0
98 0
99 0
100 0
101 0
3
1630
