0
0 0
1 0
2 0
3 0
4 0
5 0
6 0
7 0
8 0
9 0
10 0
11 0
12 0
13 0
14 0
15 0
16 0
17 0
18 4
19 0
20 8
21 6
22 0
23 8
24 12
25 7
26 14
27 25
28 23
29 37
30 19
31 23
32 42
33 35
34 29
35 49
36 22
37 40
38 35
39 35
40 53
41 28
42 48
43 37
44 39
45 42
46 39
47 40
48 33
49 49
50 57
51 35
52 43
53 36
54 28
55 28
56 27
57 12
58 21
59 6
60 9
61 4
62 1
63 4
64 1
65 1
66 1
67 0
68 0
69 0
70 0
71 0
72 0
73 0
74 0
75 0
76 0
77 0
78 0
79 0
80 0
81 0
82 0
83 0
84 0
85 0
86 0
87 0
88 0
89 0
90 0
91 0
92 0
93 0
94 0
95 0
96 0
97 0
98 0
99 0
100 0
101 0
5
1902
