0
0 0
1 0
2 0
3 0
4 0
5 0
6 0
7 0
8 0
9 0
10 0
11 0
12 0
13 0
14 0
15 0
16 0
17 0
18 4
19 1
20 4
21 16
22 5
23 10
24 22
25 12
26 23
27 10
28 18
29 20
30 24
31 40
32 23
33 46
34 28
35 42
36 40
37 22
38 47
39 33
40 57
41 32
42 45
43 40
44 37
45 45
46 36
47 43
48 34
49 36
50 51
51 26
52 38
53 36
54 44
55 34
56 27
57 12
58 17
59 14
60 16
61 15
62 10
63 5
64 4
65 2
66 0
67 2
68 2
69 1
70 1
71 0
72 0
73 0
74 0
75 0
76 0
77 0
78 0
79 0
80 0
81 0
82 0
83 0
84 0
85 0
86 0
87 0
88 0
89 0
90 0
91 0
92 0
93 0
94 0
95 0
96 0
97 0
98 0
99 0
100 0
101 0
5
2122
