0
0 0
1 0
2 0
3 0
4 0
5 0
6 0
7 0
8 0
9 3
10 1
11 0
12 2
13 8
14 14
15 2
16 11
17 11
18 23
19 20
20 18
21 14
22 37
23 35
24 34
25 40
26 18
27 50
28 36
29 46
30 67
31 41
32 61
33 58
34 50
35 58
36 65
37 54
38 58
39 59
40 62
41 34
42 54
43 31
44 48
45 32
46 26
47 19
48 20
49 9
50 22
51 8
52 4
53 4
54 8
55 3
56 1
57 0
58 0
59 2
60 1
61 0
62 0
63 0
64 1
65 0
66 0
67 0
68 0
69 0
70 0
71 0
72 0
73 0
74 0
75 0
76 0
77 0
78 0
79 0
80 0
81 0
82 0
83 0
84 0
85 0
86 0
87 0
88 0
89 0
90 0
91 0
92 0
93 0
94 0
95 0
96 0
97 0
98 0
99 0
100 0
101 0
4
2675
