0
0 0
1 0
2 0
3 0
4 0
5 0
6 4
7 0
8 0
9 0
10 11
11 7
12 20
13 13
14 15
15 19
16 22
17 21
18 42
19 29
20 54
21 30
22 61
23 60
24 69
25 56
26 50
27 69
28 77
29 47
30 79
31 62
32 51
33 38
34 49
35 61
36 48
37 35
38 36
39 20
40 28
41 7
42 18
43 14
44 12
45 17
46 6
47 3
48 12
49 5
50 5
51 0
52 3
53 1
54 1
55 4
56 1
57 0
58 1
59 2
60 0
61 0
62 0
63 0
64 0
65 0
66 0
67 0
68 0
69 0
70 0
71 0
72 0
73 0
74 0
75 0
76 0
77 0
78 0
79 0
80 0
81 0
82 0
83 0
84 0
85 0
86 0
87 0
88 0
89 0
90 0
91 0
92 0
93 0
94 0
95 0
96 0
97 0
98 0
99 0
100 0
101 0
3
2662
