0
0 0
1 0
2 0
3 0
4 0
5 0
6 4
7 0
8 0
9 0
10 2
11 6
12 11
13 4
14 9
15 12
16 15
17 25
18 25
19 15
20 26
21 23
22 41
23 34
24 52
25 54
26 42
27 63
28 52
29 81
30 86
31 56
32 76
33 65
34 70
35 70
36 48
37 33
38 40
39 33
40 29
41 17
42 26
43 18
44 9
45 14
46 6
47 7
48 8
49 7
50 7
51 1
52 3
53 1
54 2
55 0
56 3
57 0
58 1
59 0
60 0
61 0
62 0
63 0
64 0
65 0
66 0
67 0
68 0
69 1
70 0
71 0
72 0
73 0
74 0
75 0
76 0
77 0
78 0
79 0
80 0
81 0
82 0
83 0
84 0
85 0
86 0
87 0
88 0
89 0
90 0
91 0
92 0
93 0
94 0
95 0
96 0
97 0
98 0
99 0
100 0
101 0
3
2468
