0
0 0
1 0
2 0
3 0
4 0
5 0
6 0
7 0
8 0
9 0
10 0
11 0
12 0
13 2
14 0
15 0
16 3
17 6
18 1
19 2
20 16
21 5
22 11
23 17
24 20
25 23
26 18
27 21
28 28
29 39
30 31
31 22
32 50
33 46
34 24
35 43
36 36
37 45
38 45
39 38
40 67
41 45
42 55
43 53
44 52
45 37
46 58
47 42
48 40
49 55
50 48
51 23
52 23
53 27
54 22
55 19
56 16
57 6
58 6
59 4
60 6
61 2
62 5
63 4
64 0
65 2
66 1
67 0
68 2
69 0
70 0
71 0
72 0
73 0
74 0
75 0
76 0
77 0
78 0
79 0
80 0
81 0
82 0
83 0
84 0
85 0
86 0
87 0
88 0
89 0
90 0
91 0
92 0
93 0
94 0
95 0
96 0
97 0
98 0
99 0
100 0
101 0
5
2375
