0
0 0
1 0
2 0
3 0
4 0
5 0
6 0
7 0
8 0
9 0
10 0
11 0
12 0
13 0
14 0
15 0
16 3
17 0
18 4
19 5
20 0
21 5
22 13
23 5
24 16
25 36
26 8
27 20
28 26
29 42
30 19
31 49
32 37
33 44
34 47
35 36
36 38
37 35
38 48
39 72
40 52
41 37
42 56
43 61
44 58
45 59
46 50
47 57
48 51
49 63
50 56
51 34
52 49
53 25
54 29
55 28
56 17
57 28
58 11
59 12
60 10
61 4
62 4
63 2
64 1
65 2
66 0
67 0
68 0
69 0
70 0
71 0
72 0
73 0
74 0
75 0
76 0
77 0
78 0
79 0
80 0
81 0
82 0
83 0
84 0
85 0
86 0
87 0
88 0
89 0
90 0
91 0
92 0
93 0
94 0
95 0
96 0
97 0
98 0
99 0
100 0
101 0
7
3134
