1
1578 964 66.6667
0 0
1 0
2 0
3 0
4 0
5 0
6 0
7 0
8 0
9 2
10 0
11 0
12 1
13 1
14 7
15 1
16 3
17 11
18 22
19 10
20 13
21 17
22 21
23 27
24 21
25 37
26 21
27 39
28 38
29 54
30 56
31 63
32 82
33 58
34 86
35 68
36 63
37 66
38 75
39 83
40 82
41 42
42 74
43 37
44 58
45 37
46 41
47 29
48 34
49 26
50 23
51 8
52 13
53 8
54 7
55 6
56 3
57 0
58 1
59 1
60 0
61 0
62 0
63 0
64 0
65 0
66 0
67 1
68 0
69 0
70 0
71 0
72 0
73 0
74 0
75 0
76 0
77 0
78 0
79 0
80 0
81 0
82 0
83 0
84 0
85 0
86 0
87 0
88 0
89 0
90 0
91 0
92 0
93 0
94 0
95 0
96 0
97 0
98 0
99 0
100 0
101 0
5
3513
