0
0 0
1 0
2 0
3 0
4 0
5 0
6 0
7 0
8 0
9 0
10 0
11 0
12 3
13 0
14 0
15 1
16 13
17 3
18 2
19 13
20 17
21 14
22 14
23 25
24 29
25 30
26 30
27 26
28 48
29 46
30 49
31 42
32 65
33 55
34 39
35 65
36 80
37 50
38 60
39 83
40 83
41 55
42 79
43 54
44 54
45 58
46 61
47 38
48 44
49 21
50 31
51 7
52 27
53 10
54 15
55 8
56 4
57 4
58 3
59 2
60 2
61 0
62 0
63 0
64 0
65 0
66 1
67 1
68 0
69 0
70 0
71 0
72 0
73 0
74 0
75 0
76 0
77 0
78 0
79 0
80 0
81 0
82 0
83 0
84 0
85 0
86 0
87 0
88 0
89 0
90 0
91 0
92 0
93 0
94 0
95 0
96 0
97 0
98 0
99 0
100 0
101 0
5
3656
