31
1531 1287 61.8557
1531 1283 64.2202
1531 1253 61.6667
1531 1223 60.7143
1531 1194 60.1942
1531 1058 64.3478
1531 1044 60.177
1531 992 65.5738
1531 982 61.0169
1531 959 60.7843
1531 896 62.9032
1531 870 60.6557
1531 827 63.1579
1531 821 61.1111
1531 803 62.2951
1531 749 63.4615
1531 745 60.177
1531 610 60.3774
1531 574 62
1531 572 62.8571
1531 514 60.6557
1531 457 60.3448
1531 429 60.177
1531 364 64.8148
1531 337 60.8696
1531 336 62.069
1531 281 61.1111
1531 249 62.7119
1531 203 66.129
1531 178 62.963
1531 132 62.7451
0 0
1 0
2 0
3 0
4 0
5 0
6 0
7 0
8 0
9 0
10 0
11 0
12 0
13 0
14 0
15 0
16 0
17 1
18 0
19 3
20 2
21 5
22 15
23 1
24 17
25 21
26 12
27 14
28 23
29 22
30 32
31 41
32 34
33 44
34 36
35 63
36 30
37 53
38 62
39 35
40 67
41 37
42 68
43 42
44 56
45 49
46 45
47 64
48 51
49 46
50 76
51 36
52 51
53 52
54 32
55 38
56 33
57 24
58 33
59 24
60 9
61 11
62 6
63 7
64 2
65 3
66 1
67 1
68 0
69 0
70 0
71 0
72 0
73 0
74 0
75 0
76 0
77 0
78 0
79 0
80 0
81 0
82 0
83 0
84 0
85 0
86 0
87 0
88 0
89 0
90 0
91 0
92 0
93 0
94 0
95 0
96 0
97 0
98 0
99 0
100 0
101 0
7
3296
