0
0 0
1 0
2 0
3 0
4 0
5 3
6 1
7 0
8 2
9 2
10 4
11 12
12 3
13 3
14 15
15 19
16 37
17 18
18 29
19 21
20 55
21 34
22 50
23 51
24 50
25 65
26 50
27 67
28 94
29 70
30 82
31 60
32 85
33 64
34 56
35 95
36 60
37 56
38 57
39 44
40 75
41 14
42 25
43 28
44 28
45 24
46 17
47 12
48 17
49 9
50 9
51 4
52 6
53 4
54 2
55 0
56 2
57 1
58 2
59 0
60 0
61 0
62 0
63 0
64 1
65 0
66 0
67 0
68 0
69 0
70 0
71 0
72 0
73 0
74 0
75 0
76 0
77 0
78 0
79 0
80 0
81 0
82 0
83 0
84 0
85 0
86 0
87 0
88 0
89 0
90 0
91 0
92 0
93 0
94 0
95 0
96 0
97 0
98 0
99 0
100 0
101 0
6
4426
