1
1696 473 62.5
0 1
1 0
2 0
3 0
4 0
5 0
6 2
7 5
8 0
9 3
10 14
11 12
12 17
13 13
14 16
15 24
16 28
17 38
18 53
19 48
20 68
21 36
22 64
23 64
24 65
25 112
26 46
27 102
28 98
29 69
30 100
31 83
32 76
33 64
34 51
35 58
36 33
37 37
38 40
39 30
40 37
41 6
42 18
43 13
44 12
45 6
46 3
47 7
48 2
49 6
50 7
51 0
52 3
53 1
54 1
55 0
56 1
57 1
58 0
59 0
60 0
61 0
62 0
63 1
64 0
65 0
66 0
67 0
68 0
69 0
70 0
71 0
72 0
73 0
74 0
75 0
76 0
77 0
78 0
79 0
80 0
81 0
82 0
83 0
84 0
85 0
86 0
87 0
88 0
89 0
90 0
91 0
92 0
93 0
94 0
95 0
96 0
97 0
98 0
99 0
100 0
101 0
3
4094
