1
1666 673 64.8649
0 1
1 0
2 0
3 0
4 0
5 1
6 2
7 7
8 0
9 1
10 7
11 7
12 15
13 29
14 16
15 14
16 43
17 30
18 57
19 63
20 64
21 39
22 86
23 80
24 82
25 108
26 77
27 87
28 96
29 65
30 77
31 65
32 68
33 57
34 48
35 30
36 41
37 32
38 39
39 23
40 29
41 13
42 14
43 7
44 6
45 5
46 3
47 7
48 3
49 1
50 5
51 1
52 4
53 2
54 2
55 0
56 2
57 0
58 2
59 1
60 0
61 0
62 0
63 0
64 0
65 1
66 0
67 0
68 0
69 0
70 0
71 0
72 0
73 0
74 0
75 0
76 0
77 0
78 0
79 0
80 0
81 0
82 0
83 0
84 0
85 0
86 0
87 0
88 0
89 0
90 0
91 0
92 0
93 0
94 0
95 0
96 0
97 0
98 0
99 0
100 0
101 0
4
3945
