16
1632 1596 63.2653
1632 1445 61.6822
1632 1306 68.1818
1632 1203 60.9756
1632 1143 61.3333
1632 1002 62.069
1632 998 60.4167
1632 981 65.3061
1632 980 68.3544
1632 931 63.9175
1632 721 61.5385
1632 599 63.9175
1632 344 62.069
1632 310 66.6667
1632 263 63.0435
1632 252 60.8696
0 0
1 0
2 0
3 0
4 0
5 0
6 0
7 0
8 0
9 0
10 0
11 0
12 0
13 4
14 17
15 0
16 3
17 20
18 5
19 8
20 20
21 30
22 12
23 26
24 18
25 26
26 31
27 26
28 48
29 43
30 42
31 39
32 48
33 55
34 50
35 47
36 48
37 62
38 51
39 69
40 73
41 38
42 61
43 59
44 60
45 56
46 62
47 55
48 57
49 35
50 43
51 25
52 33
53 32
54 26
55 19
56 6
57 14
58 3
59 7
60 3
61 3
62 3
63 2
64 4
65 0
66 1
67 1
68 0
69 2
70 0
71 0
72 0
73 0
74 0
75 0
76 0
77 0
78 0
79 0
80 0
81 0
82 0
83 0
84 0
85 0
86 0
87 0
88 0
89 0
90 0
91 0
92 0
93 0
94 0
95 0
96 0
97 0
98 0
99 0
100 0
101 0
6
3775
