0
0 0
1 0
2 0
3 0
4 0
5 0
6 2
7 0
8 1
9 1
10 9
11 9
12 10
13 3
14 12
15 15
16 13
17 36
18 25
19 35
20 48
21 43
22 42
23 53
24 68
25 68
26 65
27 62
28 70
29 95
30 87
31 92
32 84
33 80
34 92
35 69
36 63
37 34
38 62
39 44
40 44
41 18
42 25
43 25
44 27
45 20
46 19
47 6
48 13
49 10
50 13
51 1
52 7
53 2
54 0
55 2
56 0
57 2
58 3
59 1
60 3
61 0
62 0
63 0
64 0
65 0
66 0
67 0
68 0
69 0
70 0
71 0
72 0
73 0
74 0
75 0
76 0
77 0
78 0
79 0
80 0
81 0
82 0
83 0
84 0
85 0
86 0
87 0
88 0
89 0
90 0
91 0
92 0
93 0
94 0
95 0
96 0
97 0
98 0
99 0
100 0
101 0
3
4694
