0
0 0
1 0
2 0
3 0
4 0
5 0
6 0
7 0
8 0
9 0
10 0
11 0
12 1
13 1
14 0
15 0
16 5
17 2
18 6
19 22
20 8
21 9
22 31
23 16
24 22
25 34
26 27
27 32
28 35
29 51
30 31
31 51
32 50
33 33
34 64
35 70
36 45
37 50
38 58
39 55
40 78
41 47
42 68
43 72
44 47
45 65
46 57
47 64
48 70
49 55
50 55
51 32
52 41
53 32
54 29
55 29
56 24
57 9
58 18
59 11
60 9
61 9
62 2
63 5
64 3
65 0
66 3
67 0
68 0
69 0
70 0
71 0
72 0
73 0
74 0
75 0
76 0
77 0
78 0
79 0
80 0
81 0
82 0
83 0
84 0
85 0
86 0
87 0
88 0
89 0
90 0
91 0
92 0
93 0
94 0
95 0
96 0
97 0
98 0
99 0
100 0
101 0
7
4751
