0
0 0
1 0
2 0
3 0
4 0
5 1
6 4
7 5
8 0
9 1
10 7
11 8
12 20
13 27
14 23
15 22
16 38
17 33
18 41
19 56
20 63
21 49
22 71
23 85
24 72
25 106
26 73
27 91
28 97
29 83
30 91
31 68
32 99
33 61
34 52
35 52
36 51
37 39
38 22
39 26
40 33
41 10
42 8
43 16
44 10
45 9
46 9
47 6
48 9
49 5
50 5
51 0
52 3
53 1
54 2
55 2
56 1
57 0
58 1
59 0
60 0
61 0
62 0
63 0
64 0
65 0
66 0
67 0
68 0
69 0
70 0
71 0
72 0
73 0
74 0
75 0
76 0
77 0
78 0
79 0
80 0
81 0
82 0
83 0
84 0
85 0
86 0
87 0
88 0
89 0
90 0
91 0
92 0
93 0
94 0
95 0
96 0
97 0
98 0
99 0
100 0
101 0
4
4496
