0
0 0
1 0
2 0
3 0
4 0
5 0
6 0
7 0
8 2
9 0
10 0
11 1
12 8
13 2
14 3
15 13
16 15
17 1
18 10
19 19
20 36
21 12
22 21
23 29
24 41
25 33
26 29
27 37
28 51
29 58
30 55
31 56
32 68
33 61
34 51
35 69
36 60
37 59
38 85
39 65
40 79
41 58
42 56
43 65
44 54
45 51
46 39
47 44
48 47
49 27
50 21
51 25
52 23
53 15
54 15
55 10
56 6
57 10
58 10
59 6
60 1
61 3
62 0
63 0
64 0
65 0
66 1
67 0
68 0
69 0
70 0
71 0
72 0
73 0
74 0
75 0
76 0
77 0
78 0
79 0
80 0
81 0
82 0
83 0
84 0
85 0
86 0
87 0
88 0
89 0
90 0
91 0
92 0
93 0
94 0
95 0
96 0
97 0
98 0
99 0
100 0
101 0
7
4585
