70
1807 1794 61.157
1807 1780 60.9375
1807 1753 63.1579
1807 1710 63.2479
1807 1698 60.1504
1807 1609 66.1417
1807 1606 62.5954
1807 1546 64
1807 1526 67.7686
1807 1488 60.3175
1807 1483 60.6061
1807 1474 66.6667
1807 1418 62.5
1807 1373 62.5954
1807 1339 62.6866
1807 1323 61.8182
1807 1286 60.3448
1807 1277 60.5042
1807 1227 64.0625
1807 1219 66.1157
1807 1204 61.6541
1807 1179 62.6087
1807 1169 64.1221
1807 1134 61.5385
1807 1114 61.5385
1807 1080 71.5447
1807 1031 64.0625
1807 1022 63.0769
1807 1008 60.1626
1807 1007 69.8413
1807 992 61.0687
1807 951 60.7143
1807 945 60.5505
1807 912 67.7686
1807 896 60.1504
1807 829 61.157
1807 805 60.177
1807 794 61.9469
1807 771 62.5
1807 768 60
1807 743 60
1807 720 70.0855
1807 709 60
1807 652 60
1807 643 62.5954
1807 596 67.6692
1807 590 63.4146
1807 579 63.4921
1807 562 66.1017
1807 553 60.3175
1807 526 62.4
1807 523 62.7119
1807 503 63.4146
1807 457 60.8
1807 404 70.4
1807 375 61.6667
1807 371 60.3175
1807 370 61.9469
1807 357 61.5385
1807 348 62.5
1807 292 63.3333
1807 267 61.9048
1807 253 68.7023
1807 240 68.3333
1807 203 63.1579
1807 199 60.1626
1807 198 60.1626
1807 185 61.6541
1807 121 62.1212
1807 54 61.157
0 0
1 0
2 0
3 0
4 0
5 0
6 0
7 0
8 0
9 0
10 0
11 0
12 0
13 0
14 0
15 0
16 0
17 1
18 0
19 1
20 2
21 1
22 26
23 6
24 15
25 35
26 23
27 47
28 22
29 35
30 37
31 46
32 41
33 59
34 47
35 40
36 65
37 37
38 73
39 42
40 75
41 30
42 47
43 40
44 51
45 48
46 59
47 74
48 56
49 46
50 62
51 52
52 48
53 56
54 60
55 45
56 52
57 41
58 30
59 32
60 35
61 16
62 14
63 11
64 9
65 3
66 0
67 4
68 3
69 2
70 1
71 2
72 1
73 0
74 0
75 0
76 0
77 0
78 0
79 0
80 0
81 0
82 0
83 0
84 0
85 0
86 0
87 0
88 0
89 0
90 0
91 0
92 0
93 0
94 0
95 0
96 0
97 0
98 0
99 0
100 0
101 0
8
4714
