2
1832 1550 60.8696
1832 508 63.6364
0 0
1 0
2 0
3 0
4 0
5 0
6 1
7 0
8 0
9 0
10 8
11 8
12 10
13 7
14 12
15 15
16 24
17 36
18 17
19 30
20 44
21 46
22 51
23 79
24 61
25 63
26 58
27 69
28 97
29 113
30 104
31 83
32 93
33 77
34 86
35 56
36 75
37 60
38 68
39 39
40 59
41 28
42 39
43 23
44 15
45 21
46 9
47 9
48 7
49 9
50 7
51 3
52 1
53 0
54 3
55 1
56 2
57 2
58 1
59 0
60 0
61 1
62 0
63 0
64 1
65 0
66 0
67 0
68 0
69 0
70 0
71 0
72 0
73 0
74 0
75 0
76 0
77 0
78 0
79 0
80 0
81 0
82 0
83 0
84 0
85 0
86 0
87 0
88 0
89 0
90 0
91 0
92 0
93 0
94 0
95 0
96 0
97 0
98 0
99 0
100 0
101 0
4
4863
