26
1879 1780 61.2613
1879 1755 63.0435
1879 1713 62.3853
1879 1663 63.4615
1879 1491 64.4444
1879 1443 61.9469
1879 1430 63.3663
1879 1402 64
1879 1363 63.1579
1879 1318 60.9524
1879 1182 60.3774
1879 1123 65.4206
1879 1033 72.381
1879 1029 60.6061
1879 827 62.2642
1879 706 63.9175
1879 690 60
1879 662 63.4615
1879 457 64.8148
1879 343 62.5
1879 322 67.3469
1879 288 64.7059
1879 113 61.5385
1879 82 64.8148
1879 37 60.4167
1879 22 60.6061
0 0
1 0
2 0
3 0
4 0
5 0
6 0
7 0
8 0
9 0
10 0
11 0
12 3
13 2
14 0
15 13
16 11
17 2
18 12
19 12
20 11
21 16
22 13
23 20
24 31
25 43
26 28
27 40
28 49
29 47
30 31
31 54
32 35
33 53
34 44
35 52
36 63
37 51
38 73
39 46
40 88
41 61
42 65
43 66
44 79
45 64
46 65
47 58
48 53
49 66
50 74
51 35
52 50
53 34
54 36
55 24
56 22
57 24
58 11
59 14
60 9
61 5
62 3
63 3
64 7
65 4
66 1
67 0
68 1
69 0
70 0
71 0
72 0
73 1
74 0
75 0
76 0
77 0
78 0
79 0
80 0
81 0
82 0
83 0
84 0
85 0
86 0
87 0
88 0
89 0
90 0
91 0
92 0
93 0
94 0
95 0
96 0
97 0
98 0
99 0
100 0
101 0
7
5138
