16
1821 1671 64.4444
1821 1563 60.9524
1821 1531 62
1821 1240 60.241
1821 1185 61.7021
1821 999 61.9048
1821 941 61.7284
1821 890 60.241
1821 866 65.0602
1821 821 60.8696
1821 803 62.2642
1821 734 64
1821 633 62.5
1821 617 63.0435
1821 468 60
1821 284 60.241
0 0
1 0
2 0
3 0
4 0
5 0
6 0
7 0
8 0
9 0
10 1
11 4
12 0
13 1
14 8
15 5
16 3
17 12
18 19
19 9
20 22
21 10
22 25
23 29
24 22
25 39
26 20
27 28
28 45
29 40
30 49
31 57
32 57
33 32
34 77
35 62
36 62
37 59
38 71
39 55
40 96
41 48
42 75
43 69
44 77
45 66
46 85
47 52
48 50
49 44
50 46
51 14
52 30
53 29
54 28
55 16
56 12
57 17
58 8
59 9
60 11
61 5
62 4
63 2
64 2
65 1
66 1
67 0
68 0
69 0
70 0
71 0
72 0
73 0
74 0
75 0
76 0
77 0
78 0
79 0
80 0
81 0
82 0
83 0
84 0
85 0
86 0
87 0
88 0
89 0
90 0
91 0
92 0
93 0
94 0
95 0
96 0
97 0
98 0
99 0
100 0
101 0
6
4795
