0
0 0
1 0
2 0
3 0
4 0
5 0
6 0
7 0
8 0
9 0
10 0
11 0
12 0
13 0
14 0
15 2
16 0
17 1
18 7
19 5
20 13
21 6
22 11
23 26
24 15
25 21
26 24
27 27
28 33
29 57
30 41
31 48
32 60
33 44
34 58
35 44
36 55
37 62
38 57
39 55
40 62
41 46
42 74
43 58
44 76
45 61
46 64
47 56
48 56
49 63
50 63
51 36
52 55
53 36
54 49
55 42
56 35
57 22
58 24
59 15
60 19
61 6
62 11
63 5
64 5
65 4
66 1
67 0
68 3
69 0
70 1
71 1
72 0
73 0
74 0
75 0
76 0
77 0
78 0
79 0
80 0
81 0
82 0
83 0
84 0
85 0
86 0
87 0
88 0
89 0
90 0
91 0
92 0
93 0
94 0
95 0
96 0
97 0
98 0
99 0
100 0
101 0
8
5192
