8
1931 1900 68.75
1931 1426 60.4651
1931 1200 64.2857
1931 1139 60.274
1931 1110 60
1931 1084 67.5676
1931 216 60.3175
1931 59 65.4545
0 0
1 0
2 0
3 0
4 0
5 0
6 0
7 0
8 0
9 2
10 0
11 0
12 4
13 6
14 0
15 9
16 15
17 13
18 9
19 12
20 28
21 21
22 32
23 18
24 42
25 48
26 40
27 44
28 66
29 42
30 90
31 57
32 65
33 91
34 81
35 58
36 87
37 82
38 80
39 74
40 115
41 63
42 63
43 68
44 77
45 55
46 53
47 52
48 25
49 29
50 29
51 14
52 15
53 16
54 11
55 5
56 3
57 2
58 6
59 4
60 2
61 3
62 0
63 0
64 0
65 1
66 1
67 0
68 1
69 1
70 0
71 0
72 0
73 0
74 0
75 0
76 0
77 0
78 0
79 0
80 0
81 0
82 0
83 0
84 0
85 0
86 0
87 0
88 0
89 0
90 0
91 0
92 0
93 0
94 0
95 0
96 0
97 0
98 0
99 0
100 0
101 0
6
5468
