0
0 0
1 0
2 0
3 0
4 0
5 0
6 0
7 0
8 0
9 0
10 0
11 0
12 1
13 0
14 0
15 3
16 12
17 4
18 5
19 15
20 26
21 10
22 20
23 21
24 39
25 34
26 37
27 45
28 41
29 37
30 42
31 57
32 64
33 63
34 97
35 74
36 67
37 84
38 94
39 65
40 117
41 51
42 84
43 81
44 82
45 65
46 58
47 64
48 48
49 31
50 47
51 15
52 32
53 14
54 20
55 11
56 11
57 8
58 4
59 6
60 6
61 2
62 1
63 2
64 0
65 1
66 0
67 0
68 1
69 0
70 0
71 0
72 0
73 0
74 0
75 0
76 0
77 0
78 0
79 0
80 0
81 0
82 0
83 0
84 0
85 0
86 0
87 0
88 0
89 0
90 0
91 0
92 0
93 0
94 0
95 0
96 0
97 0
98 0
99 0
100 0
101 0
6
5797
