3
1944 784 62.069
1944 364 61.5385
1944 251 60
0 0
1 0
2 0
3 0
4 0
5 0
6 0
7 0
8 0
9 0
10 0
11 0
12 2
13 5
14 7
15 0
16 4
17 8
18 23
19 26
20 10
21 19
22 34
23 34
24 41
25 30
26 30
27 58
28 70
29 72
30 77
31 49
32 121
33 80
34 58
35 92
36 106
37 93
38 92
39 111
40 100
41 49
42 73
43 58
44 62
45 39
46 40
47 33
48 24
49 23
50 37
51 9
52 11
53 8
54 8
55 5
56 2
57 2
58 1
59 2
60 3
61 0
62 1
63 1
64 0
65 0
66 0
67 0
68 0
69 0
70 0
71 0
72 0
73 0
74 0
75 0
76 0
77 0
78 0
79 0
80 0
81 0
82 0
83 0
84 0
85 0
86 0
87 0
88 0
89 0
90 0
91 0
92 0
93 0
94 0
95 0
96 0
97 0
98 0
99 0
100 0
101 0
6
5559
