0
0 0
1 0
2 0
3 0
4 0
5 0
6 0
7 0
8 0
9 0
10 0
11 0
12 3
13 2
14 0
15 1
16 7
17 8
18 2
19 11
20 22
21 17
22 13
23 24
24 35
25 46
26 27
27 48
28 34
29 50
30 51
31 57
32 66
33 89
34 70
35 73
36 103
37 81
38 90
39 99
40 121
41 61
42 89
43 57
44 70
45 61
46 65
47 34
48 42
49 39
50 38
51 13
52 20
53 21
54 15
55 7
56 9
57 1
58 1
59 4
60 2
61 1
62 0
63 0
64 0
65 1
66 0
67 0
68 0
69 0
70 0
71 1
72 0
73 0
74 0
75 0
76 0
77 0
78 0
79 0
80 0
81 0
82 0
83 0
84 0
85 0
86 0
87 0
88 0
89 0
90 0
91 0
92 0
93 0
94 0
95 0
96 0
97 0
98 0
99 0
100 0
101 0
6
5694
