46
2058 2046 63.7931
2058 2026 63.0631
2058 1963 62.7451
2058 1796 62.8099
2058 1780 64.9573
2058 1748 62.8571
2058 1698 62.2951
2058 1583 60.1626
2058 1483 62.8099
2058 1468 61.6667
2058 1451 68.2927
2058 1445 63.3333
2058 1420 67.9245
2058 1418 63.2479
2058 1403 64.9123
2058 1307 63.4615
2058 1299 61.5385
2058 1279 63.4146
2058 1277 64.8148
2058 1236 65.3465
2058 1219 60
2058 1178 67.2269
2058 1169 61.6667
2058 1131 62
2058 1114 60.5042
2058 1031 61.5385
2058 992 61.6667
2058 985 62.8571
2058 982 60.3448
2058 896 63.9344
2058 851 62.3853
2058 790 60.2151
2058 714 64
2058 565 60
2058 468 61.4035
2058 455 62.6087
2058 358 60
2058 357 60.3774
2058 346 65.9794
2058 253 60
2058 217 64.8148
2058 203 60.6557
2058 199 64.2857
2058 195 60.3774
2058 168 61.1111
2058 121 61.157
0 0
1 0
2 0
3 0
4 0
5 0
6 0
7 0
8 0
9 0
10 0
11 0
12 0
13 0
14 2
15 1
16 1
17 9
18 0
19 11
20 22
21 3
22 15
23 21
24 20
25 26
26 24
27 17
28 49
29 43
30 39
31 53
32 45
33 66
34 47
35 52
36 74
37 62
38 82
39 57
40 87
41 61
42 74
43 82
44 66
45 63
46 76
47 55
48 82
49 64
50 85
51 51
52 60
53 59
54 40
55 44
56 37
57 42
58 18
59 14
60 14
61 7
62 9
63 8
64 8
65 5
66 2
67 0
68 2
69 1
70 0
71 0
72 0
73 0
74 0
75 0
76 0
77 0
78 0
79 0
80 0
81 0
82 0
83 0
84 0
85 0
86 0
87 0
88 0
89 0
90 0
91 0
92 0
93 0
94 0
95 0
96 0
97 0
98 0
99 0
100 0
101 0
9
6286
