4
2081 2004 62.2951
2081 1349 63.4921
2081 729 60
2081 679 60.3175
0 0
1 0
2 0
3 0
4 0
5 1
6 0
7 0
8 1
9 11
10 0
11 0
12 7
13 11
14 13
15 3
16 6
17 18
18 29
19 21
20 39
21 30
22 47
23 42
24 42
25 69
26 49
27 65
28 74
29 62
30 66
31 82
32 87
33 72
34 79
35 91
36 81
37 86
38 131
39 62
40 79
41 52
42 66
43 49
44 63
45 49
46 54
47 39
48 42
49 25
50 21
51 9
52 12
53 10
54 7
55 7
56 9
57 1
58 4
59 1
60 1
61 1
62 0
63 1
64 1
65 0
66 0
67 0
68 0
69 0
70 0
71 0
72 0
73 0
74 0
75 0
76 0
77 0
78 0
79 0
80 0
81 0
82 0
83 0
84 0
85 0
86 0
87 0
88 0
89 0
90 0
91 0
92 0
93 0
94 0
95 0
96 0
97 0
98 0
99 0
100 0
101 0
6
6450
