0
0 0
1 0
2 0
3 0
4 0
5 0
6 0
7 0
8 0
9 0
10 0
11 1
12 0
13 2
14 1
15 4
16 2
17 0
18 0
19 2
20 4
21 3
22 6
23 6
24 5
25 6
26 5
27 7
28 13
29 4
30 12
31 8
32 9
33 8
34 18
35 12
36 8
37 7
38 8
39 5
40 11
41 5
42 6
43 4
44 1
45 0
46 2
47 3
48 1
49 0
50 2
51 0
52 2
53 0
54 0
55 0
56 0
57 0
58 0
59 1
60 0
61 1
62 0
63 0
64 0
65 0
66 0
67 0
68 0
69 0
70 0
71 0
72 0
73 0
74 0
75 0
76 0
77 0
78 0
79 0
80 0
81 0
82 0
83 0
84 0
85 0
86 0
87 0
88 0
89 0
90 0
91 0
92 0
93 0
94 0
95 0
96 0
97 0
98 0
99 0
100 0
101 0
0
0
