7
2005 1559 60.7143
2005 1270 70.7692
2005 984 63.3333
2005 843 60.8696
2005 751 60.274
2005 639 61.8182
2005 149 67.8571
0 0
1 0
2 0
3 0
4 0
5 0
6 0
7 0
8 1
9 0
10 0
11 0
12 9
13 7
14 1
15 2
16 18
17 15
18 10
19 15
20 34
21 35
22 31
23 24
24 43
25 40
26 36
27 66
28 53
29 49
30 98
31 61
32 63
33 104
34 81
35 77
36 87
37 83
38 80
39 75
40 121
41 53
42 77
43 59
44 65
45 50
46 39
47 50
48 42
49 30
50 34
51 14
52 14
53 10
54 12
55 8
56 10
57 5
58 5
59 1
60 0
61 3
62 1
63 0
64 1
65 0
66 0
67 0
68 1
69 0
70 0
71 1
72 0
73 0
74 0
75 0
76 0
77 0
78 0
79 0
80 0
81 0
82 0
83 0
84 0
85 0
86 0
87 0
88 0
89 0
90 0
91 0
92 0
93 0
94 0
95 0
96 0
97 0
98 0
99 0
100 0
101 0
6
5931
