13
2037 1979 61.9048
2037 1707 65.2632
2037 1657 60
2037 1378 61.1765
2037 1329 64.6465
2037 1324 61.7021
2037 1285 65.8824
2037 1216 61.8557
2037 888 62.1622
2037 842 60.241
2037 560 60.6742
2037 67 61.5385
2037 47 63.9175
0 0
1 0
2 0
3 0
4 0
5 0
6 0
7 0
8 0
9 0
10 0
11 3
12 0
13 1
14 8
15 6
16 4
17 9
18 15
19 4
20 13
21 22
22 37
23 23
24 30
25 43
26 29
27 44
28 34
29 67
30 69
31 44
32 80
33 74
34 56
35 89
36 76
37 64
38 68
39 78
40 90
41 60
42 87
43 82
44 78
45 104
46 56
47 65
48 51
49 55
50 47
51 24
52 31
53 29
54 18
55 18
56 16
57 10
58 5
59 5
60 3
61 2
62 5
63 1
64 1
65 1
66 2
67 0
68 0
69 0
70 0
71 0
72 0
73 0
74 0
75 0
76 0
77 0
78 0
79 0
80 0
81 0
82 0
83 0
84 0
85 0
86 0
87 0
88 0
89 0
90 0
91 0
92 0
93 0
94 0
95 0
96 0
97 0
98 0
99 0
100 0
101 0
7
6150
