32
2022 1961 60
2022 1936 66.0714
2022 1889 61.6822
2022 1883 67.2269
2022 1830 61.6667
2022 1675 60.7143
2022 1624 63.4615
2022 1623 60
2022 1606 61.5385
2022 1563 63.7931
2022 1482 62.069
2022 1451 61.6667
2022 1299 61.4035
2022 1227 64.9123
2022 1200 62.8571
2022 1159 60.4167
2022 1004 66.0194
2022 977 64.7619
2022 963 61.6822
2022 909 63.1579
2022 852 63.3663
2022 845 62.1849
2022 797 66.6667
2022 698 62.5
2022 666 61.6667
2022 663 61.1111
2022 635 62.1359
2022 348 61.4035
2022 288 60.9524
2022 244 60.7143
2022 234 65.2174
2022 106 61.3861
0 0
1 0
2 0
3 0
4 0
5 0
6 0
7 0
8 0
9 0
10 0
11 0
12 0
13 0
14 0
15 0
16 0
17 1
18 4
19 0
20 4
21 6
22 2
23 14
24 13
25 15
26 23
27 32
28 20
29 61
30 27
31 51
32 75
33 48
34 53
35 85
36 68
37 70
38 59
39 66
40 79
41 43
42 77
43 51
44 79
45 91
46 69
47 70
48 74
49 78
50 84
51 51
52 62
53 51
54 53
55 41
56 40
57 32
58 30
59 20
60 19
61 4
62 10
63 5
64 4
65 2
66 1
67 3
68 1
69 0
70 0
71 0
72 0
73 0
74 0
75 0
76 0
77 0
78 0
79 0
80 0
81 0
82 0
83 0
84 0
85 0
86 0
87 0
88 0
89 0
90 0
91 0
92 0
93 0
94 0
95 0
96 0
97 0
98 0
99 0
100 0
101 0
8
6055
