26
2143 2139 62.3656
2143 1984 61.9048
2143 1976 60.6742
2143 1967 60.4167
2143 1727 60.241
2143 1627 61.2245
2143 1587 60.7143
2143 1474 63.2653
2143 1381 61.7021
2143 1339 60.8696
2143 1211 60.9756
2143 1158 63.6364
2143 929 60.4167
2143 912 66.6667
2143 895 63.3663
2143 818 63.7363
2143 729 63.6364
2143 720 65.3061
2143 672 60
2143 562 60.6061
2143 404 62.2642
2143 363 66.6667
2143 361 62.5
2143 211 60
2143 111 63.7363
2143 23 60.3774
0 0
1 0
2 0
3 0
4 0
5 0
6 0
7 0
8 0
9 0
10 0
11 0
12 0
13 3
14 0
15 2
16 9
17 2
18 7
19 20
20 11
21 17
22 26
23 21
24 30
25 41
26 27
27 32
28 45
29 64
30 39
31 52
32 54
33 51
34 72
35 72
36 62
37 87
38 45
39 81
40 89
41 58
42 92
43 76
44 83
45 82
46 74
47 72
48 84
49 64
50 73
51 43
52 53
53 39
54 47
55 24
56 25
57 22
58 24
59 11
60 11
61 9
62 3
63 3
64 6
65 0
66 1
67 2
68 0
69 0
70 0
71 0
72 0
73 0
74 0
75 0
76 0
77 0
78 0
79 0
80 0
81 0
82 0
83 0
84 0
85 0
86 0
87 0
88 0
89 0
90 0
91 0
92 0
93 0
94 0
95 0
96 0
97 0
98 0
99 0
100 0
101 0
8
6880
