0
0 0
1 0
2 0
3 0
4 0
5 0
6 0
7 0
8 0
9 0
10 0
11 0
12 0
13 1
14 2
15 0
16 3
17 7
18 4
19 6
20 16
21 10
22 22
23 39
24 21
25 33
26 28
27 35
28 47
29 57
30 63
31 52
32 49
33 68
34 49
35 88
36 71
37 77
38 93
39 54
40 126
41 75
42 68
43 70
44 83
45 68
46 66
47 70
48 88
49 52
50 79
51 35
52 46
53 26
54 39
55 31
56 20
57 33
58 13
59 10
60 12
61 5
62 6
63 4
64 5
65 2
66 2
67 1
68 0
69 2
70 1
71 0
72 0
73 0
74 0
75 1
76 0
77 0
78 0
79 0
80 0
81 0
82 0
83 0
84 0
85 0
86 0
87 0
88 0
89 0
90 0
91 0
92 0
93 0
94 0
95 0
96 0
97 0
98 0
99 0
100 0
101 0
8
7223
