17
2149 1908 63.6364
2149 1821 60.4651
2149 1732 60
2149 1546 62.7451
2149 1521 65.2174
2149 1440 60.1942
2149 1234 60.8696
2149 1063 60.7843
2149 893 60.241
2149 866 65.8824
2149 762 61.3636
2149 657 64.0777
2149 641 60
2149 513 64.7059
2149 288 60.4167
2149 164 60.6061
2149 87 60.8696
0 0
1 0
2 0
3 0
4 0
5 0
6 0
7 0
8 0
9 0
10 0
11 0
12 0
13 0
14 0
15 0
16 0
17 1
18 0
19 1
20 13
21 6
22 5
23 24
24 23
25 19
26 22
27 37
28 41
29 41
30 59
31 59
32 41
33 73
34 55
35 74
36 67
37 81
38 69
39 97
40 93
41 71
42 112
43 61
44 97
45 114
46 84
47 86
48 86
49 74
50 79
51 41
52 54
53 43
54 34
55 27
56 24
57 17
58 11
59 11
60 6
61 8
62 1
63 1
64 1
65 2
66 2
67 0
68 0
69 0
70 0
71 0
72 0
73 0
74 0
75 0
76 0
77 0
78 0
79 0
80 0
81 0
82 0
83 0
84 0
85 0
86 0
87 0
88 0
89 0
90 0
91 0
92 0
93 0
94 0
95 0
96 0
97 0
98 0
99 0
100 0
101 0
8
6921
