0
0 0
1 0
2 0
3 0
4 0
5 0
6 0
7 0
8 0
9 1
10 1
11 1
12 0
13 0
14 2
15 1
16 1
17 0
18 2
19 2
20 5
21 3
22 5
23 2
24 9
25 8
26 5
27 8
28 12
29 4
30 9
31 11
32 12
33 13
34 8
35 8
36 11
37 7
38 12
39 8
40 8
41 3
42 7
43 5
44 2
45 5
46 2
47 4
48 0
49 0
50 1
51 0
52 0
53 0
54 3
55 1
56 0
57 0
58 0
59 0
60 0
61 0
62 0
63 0
64 0
65 0
66 0
67 0
68 0
69 0
70 0
71 0
72 0
73 0
74 0
75 0
76 0
77 0
78 0
79 0
80 0
81 0
82 0
83 0
84 0
85 0
86 0
87 0
88 0
89 0
90 0
91 0
92 0
93 0
94 0
95 0
96 0
97 0
98 0
99 0
100 0
101 0
0
0
