0
0 0
1 0
2 0
3 0
4 0
5 0
6 0
7 0
8 0
9 0
10 0
11 0
12 4
13 0
14 1
15 3
16 10
17 4
18 6
19 23
20 26
21 9
22 26
23 36
24 35
25 23
26 39
27 41
28 59
29 54
30 76
31 79
32 86
33 77
34 79
35 112
36 74
37 83
38 89
39 104
40 93
41 75
42 87
43 78
44 76
45 83
46 62
47 53
48 66
49 45
50 45
51 34
52 33
53 20
54 13
55 9
56 7
57 6
58 7
59 4
60 6
61 0
62 2
63 0
64 0
65 0
66 0
67 0
68 0
69 0
70 0
71 0
72 0
73 0
74 0
75 0
76 0
77 0
78 0
79 0
80 0
81 0
82 0
83 0
84 0
85 0
86 0
87 0
88 0
89 0
90 0
91 0
92 0
93 0
94 0
95 0
96 0
97 0
98 0
99 0
100 0
101 0
7
7452
