12
2146 2109 60.5263
2146 1980 64.8649
2146 1929 62.9213
2146 1706 60.2151
2146 1556 66.6667
2146 1518 63.1579
2146 1005 60
2146 974 62.1622
2146 734 61.2245
2146 657 60.6061
2146 445 60.7595
2146 102 61.7284
0 0
1 0
2 0
3 0
4 0
5 0
6 0
7 0
8 0
9 0
10 0
11 3
12 0
13 0
14 2
15 13
16 0
17 11
18 21
19 15
20 22
21 22
22 38
23 26
24 24
25 53
26 30
27 45
28 50
29 60
30 59
31 52
32 59
33 72
34 56
35 88
36 71
37 93
38 101
39 97
40 95
41 72
42 80
43 80
44 76
45 73
46 68
47 60
48 51
49 53
50 50
51 23
52 37
53 37
54 20
55 16
56 21
57 14
58 16
59 4
60 5
61 4
62 2
63 2
64 1
65 1
66 0
67 1
68 0
69 0
70 0
71 0
72 0
73 0
74 0
75 0
76 0
77 0
78 0
79 0
80 0
81 0
82 0
83 0
84 0
85 0
86 0
87 0
88 0
89 0
90 0
91 0
92 0
93 0
94 0
95 0
96 0
97 0
98 0
99 0
100 0
101 0
7
6898
