0
0 0
1 0
2 0
3 0
4 0
5 0
6 0
7 0
8 0
9 0
10 0
11 0
12 1
13 0
14 0
15 2
16 1
17 0
18 3
19 0
20 6
21 1
22 9
23 3
24 2
25 4
26 8
27 4
28 5
29 7
30 9
31 8
32 8
33 12
34 7
35 10
36 11
37 10
38 6
39 9
40 15
41 7
42 9
43 6
44 7
45 5
46 2
47 0
48 2
49 2
50 1
51 4
52 4
53 1
54 0
55 2
56 1
57 0
58 0
59 1
60 0
61 0
62 0
63 0
64 0
65 0
66 0
67 0
68 0
69 0
70 0
71 0
72 0
73 0
74 0
75 0
76 0
77 0
78 0
79 0
80 0
81 0
82 0
83 0
84 0
85 0
86 0
87 0
88 0
89 0
90 0
91 0
92 0
93 0
94 0
95 0
96 0
97 0
98 0
99 0
100 0
101 0
0
0
