0
0 0
1 0
2 0
3 0
4 0
5 0
6 0
7 0
8 0
9 0
10 0
11 0
12 0
13 0
14 0
15 0
16 5
17 0
18 2
19 10
20 6
21 8
22 31
23 10
24 16
25 57
26 32
27 34
28 37
29 60
30 44
31 58
32 66
33 56
34 63
35 66
36 70
37 83
38 59
39 95
40 94
41 64
42 101
43 88
44 102
45 88
46 91
47 76
48 83
49 77
50 98
51 51
52 57
53 51
54 50
55 41
56 32
57 21
58 16
59 5
60 9
61 6
62 4
63 4
64 1
65 1
66 1
67 2
68 0
69 0
70 0
71 0
72 0
73 0
74 0
75 0
76 0
77 0
78 0
79 0
80 0
81 0
82 0
83 0
84 0
85 0
86 0
87 0
88 0
89 0
90 0
91 0
92 0
93 0
94 0
95 0
96 0
97 0
98 0
99 0
100 0
101 0
9
8356
