97
2234 2232 62.5
2234 2221 66.6667
2234 2215 61.9048
2234 2212 61.6541
2234 2195 60
2234 2183 62.1212
2234 2159 61.5385
2234 2158 60
2234 2157 60
2234 2124 61.9048
2234 2119 62.4
2234 2071 60.1626
2234 2069 67.9245
2234 2068 66.6667
2234 2050 67.7686
2234 2039 60
2234 2033 60
2234 2030 72.1805
2234 2018 61.5385
2234 1961 62.6866
2234 1929 60.3448
2234 1856 63.4921
2234 1837 60.9524
2234 1830 65.6716
2234 1825 64.1221
2234 1819 60.3448
2234 1813 64.9123
2234 1794 61.157
2234 1786 60
2234 1722 60.1626
2234 1708 62.9032
2234 1706 61.6667
2234 1684 60.3448
2234 1563 60
2234 1538 60.9375
2234 1531 60.8
2234 1526 64.4628
2234 1465 60.3448
2234 1462 62.9921
2234 1443 64.6154
2234 1439 60.5042
2234 1407 65.5172
2234 1390 62.9032
2234 1389 64
2234 1385 60.8
2234 1376 61.0169
2234 1373 61.0687
2234 1364 60.1626
2234 1363 61.0687
2234 1315 61.157
2234 1283 61.0169
2234 1223 62.8099
2234 1221 63.0769
2234 1198 62.1849
2234 1187 68.1818
2234 1140 61.4035
2234 1058 61.2903
2234 1057 63.9344
2234 1053 60.1504
2234 1036 62.5954
2234 1033 60.6557
2234 1020 61.2613
2234 1007 63.4921
2234 987 62.6087
2234 890 62.963
2234 872 64
2234 845 63.1579
2234 829 67.7686
2234 709 63.0769
2234 672 60.5042
2234 659 62.6866
2234 658 60.3175
2234 649 60
2234 643 67.1756
2234 596 60.1504
2234 561 64.5161
2234 553 61.9048
2234 541 60.3448
2234 528 62.8099
2234 523 62.7119
2234 514 62.5954
2234 457 60.8
2234 396 60.8696
2234 375 61.6667
2234 371 61.9048
2234 358 61.0687
2234 353 60.5505
2234 337 61.2903
2234 324 60.5042
2234 267 60.3175
2234 249 66.1417
2234 232 61.0687
2234 214 62.5
2234 187 63.5659
2234 185 60.1504
2234 41 62.6866
2234 7 62.8099
0 0
1 0
2 0
3 0
4 0
5 0
6 0
7 0
8 0
9 0
10 0
11 0
12 0
13 0
14 0
15 0
16 0
17 3
18 6
19 1
20 6
21 5
22 24
23 2
24 27
25 29
26 34
27 49
28 38
29 54
30 51
31 67
32 67
33 49
34 49
35 48
36 77
37 46
38 79
39 47
40 87
41 33
42 60
43 72
44 68
45 52
46 75
47 76
48 77
49 62
50 76
51 52
52 65
53 80
54 72
55 61
56 60
57 45
58 40
59 29
60 44
61 24
62 21
63 19
64 9
65 5
66 2
67 3
68 4
69 1
70 0
71 0
72 0
73 1
74 0
75 0
76 0
77 0
78 0
79 0
80 0
81 0
82 0
83 0
84 0
85 0
86 0
87 0
88 0
89 0
90 0
91 0
92 0
93 0
94 0
95 0
96 0
97 0
98 0
99 0
100 0
101 0
11
7539
