1
2297 62 62.3377
0 0
1 0
2 0
3 0
4 0
5 0
6 0
7 0
8 0
9 4
10 0
11 0
12 0
13 10
14 8
15 1
16 8
17 14
18 15
19 15
20 24
21 39
22 41
23 47
24 49
25 44
26 42
27 69
28 85
29 60
30 81
31 81
32 90
33 79
34 108
35 120
36 84
37 83
38 133
39 98
40 123
41 79
42 83
43 74
44 59
45 63
46 51
47 41
48 54
49 37
50 30
51 8
52 22
53 10
54 9
55 3
56 5
57 4
58 5
59 2
60 1
61 0
62 0
63 1
64 0
65 0
66 0
67 0
68 0
69 0
70 0
71 0
72 0
73 0
74 0
75 0
76 0
77 0
78 0
79 0
80 0
81 0
82 0
83 0
84 0
85 0
86 0
87 0
88 0
89 0
90 0
91 0
92 0
93 0
94 0
95 0
96 0
97 0
98 0
99 0
100 0
101 0
7
7986
