3
2291 1167 61.1111
2291 296 60
2291 21 61.5385
0 0
1 0
2 0
3 0
4 0
5 2
6 10
7 1
8 0
9 4
10 12
11 14
12 38
13 20
14 25
15 39
16 43
17 39
18 56
19 53
20 85
21 39
22 108
23 93
24 108
25 128
26 76
27 120
28 121
29 65
30 116
31 77
32 114
33 57
34 85
35 102
36 58
37 45
38 49
39 42
40 57
41 21
42 29
43 26
44 26
45 21
46 8
47 10
48 12
49 12
50 4
51 0
52 3
53 7
54 2
55 2
56 0
57 0
58 2
59 0
60 2
61 0
62 2
63 0
64 0
65 0
66 0
67 0
68 0
69 0
70 0
71 0
72 0
73 0
74 0
75 0
76 0
77 0
78 0
79 0
80 0
81 0
82 0
83 0
84 0
85 0
86 0
87 0
88 0
89 0
90 0
91 0
92 0
93 0
94 0
95 0
96 0
97 0
98 0
99 0
100 0
101 0
6
7949
