15
2232 2112 61.2245
2232 1820 62.6263
2232 1819 63.8298
2232 1813 67.3913
2232 1606 60.5505
2232 1532 64.2857
2232 1120 61.2613
2232 1074 61.2245
2232 1033 62
2232 666 60.7143
2232 643 62.3853
2232 464 64.1975
2232 454 64.2857
2232 371 63.4615
2232 7 62.6263
0 0
1 0
2 0
3 0
4 0
5 0
6 0
7 0
8 0
9 0
10 0
11 0
12 0
13 0
14 0
15 0
16 3
17 3
18 1
19 2
20 18
21 3
22 10
23 21
24 15
25 25
26 43
27 47
28 31
29 38
30 60
31 46
32 49
33 63
34 54
35 88
36 89
37 68
38 87
39 84
40 98
41 60
42 95
43 73
44 114
45 76
46 95
47 89
48 81
49 89
50 97
51 39
52 54
53 51
54 43
55 29
56 29
57 14
58 19
59 15
60 8
61 2
62 4
63 3
64 2
65 3
66 0
67 0
68 1
69 0
70 0
71 0
72 0
73 0
74 0
75 0
76 0
77 0
78 0
79 0
80 0
81 0
82 0
83 0
84 0
85 0
86 0
87 0
88 0
89 0
90 0
91 0
92 0
93 0
94 0
95 0
96 0
97 0
98 0
99 0
100 0
101 0
9
7521
