0
0 0
1 0
2 0
3 0
4 0
5 1
6 0
7 0
8 0
9 0
10 3
11 0
12 3
13 7
14 21
15 21
16 2
17 10
18 23
19 45
20 65
21 30
22 34
23 72
24 66
25 93
26 45
27 83
28 83
29 83
30 127
31 78
32 115
33 97
34 112
35 104
36 99
37 99
38 97
39 65
40 100
41 42
42 70
43 36
44 45
45 53
46 45
47 30
48 25
49 14
50 21
51 6
52 9
53 11
54 5
55 8
56 8
57 1
58 2
59 2
60 0
61 2
62 1
63 0
64 2
65 1
66 0
67 0
68 0
69 0
70 0
71 0
72 0
73 0
74 0
75 0
76 0
77 0
78 0
79 0
80 0
81 0
82 0
83 0
84 0
85 0
86 0
87 0
88 0
89 0
90 0
91 0
92 0
93 0
94 0
95 0
96 0
97 0
98 0
99 0
100 0
101 0
6
8655
