13
2339 2124 63.4615
2339 1738 62.6263
2339 1596 62
2339 1546 60.1942
2339 1433 60.6742
2339 1417 64.3678
2339 986 60
2339 697 66.6667
2339 587 61.3861
2339 573 60.8696
2339 513 67.9612
2339 365 60.2151
2339 127 60.1942
0 0
1 0
2 0
3 0
4 0
5 0
6 0
7 0
8 0
9 0
10 0
11 0
12 0
13 2
14 3
15 0
16 6
17 7
18 4
19 4
20 25
21 7
22 20
23 32
24 43
25 37
26 34
27 45
28 52
29 53
30 94
31 51
32 48
33 80
34 53
35 76
36 70
37 70
38 104
39 90
40 91
41 78
42 87
43 74
44 81
45 89
46 82
47 91
48 79
49 78
50 80
51 37
52 62
53 40
54 42
55 28
56 29
57 22
58 18
59 19
60 9
61 5
62 2
63 1
64 1
65 1
66 0
67 1
68 1
69 0
70 0
71 0
72 0
73 0
74 0
75 0
76 0
77 0
78 0
79 0
80 0
81 0
82 0
83 0
84 0
85 0
86 0
87 0
88 0
89 0
90 0
91 0
92 0
93 0
94 0
95 0
96 0
97 0
98 0
99 0
100 0
101 0
9
8302
