20
2400 2234 61.8182
2400 1924 67.3684
2400 1897 61.7021
2400 1881 60.6742
2400 1582 63.0435
2400 1452 64.4444
2400 1139 64.2857
2400 1041 60
2400 829 63.9175
2400 815 61.7284
2400 805 62.9213
2400 716 65.0602
2400 649 62.7907
2400 643 65.4206
2400 638 60.2151
2400 557 60.9756
2400 375 60.4167
2400 185 60.5505
2400 90 62.3377
2400 29 61.7021
0 0
1 0
2 0
3 0
4 0
5 0
6 0
7 0
8 0
9 0
10 0
11 0
12 0
13 0
14 4
15 0
16 2
17 14
18 6
19 6
20 21
21 21
22 11
23 26
24 35
25 37
26 21
27 44
28 53
29 46
30 65
31 76
32 53
33 79
34 86
35 67
36 79
37 102
38 94
39 120
40 113
41 61
42 111
43 83
44 103
45 100
46 88
47 70
48 89
49 70
50 86
51 53
52 37
53 25
54 40
55 27
56 14
57 16
58 10
59 9
60 7
61 5
62 4
63 3
64 2
65 2
66 2
67 0
68 1
69 0
70 0
71 0
72 0
73 0
74 0
75 0
76 0
77 0
78 0
79 0
80 0
81 0
82 0
83 0
84 0
85 0
86 0
87 0
88 0
89 0
90 0
91 0
92 0
93 0
94 0
95 0
96 0
97 0
98 0
99 0
100 0
101 0
9
8761
