4
2313 2031 60
2313 1933 64.1509
2313 1353 64
2313 1326 61.2245
0 0
1 0
2 0
3 0
4 0
5 2
6 2
7 0
8 1
9 2
10 10
11 8
12 5
13 9
14 18
15 29
16 41
17 27
18 27
19 31
20 92
21 42
22 66
23 65
24 74
25 96
26 79
27 111
28 113
29 89
30 122
31 85
32 128
33 91
34 87
35 101
36 92
37 74
38 73
39 73
40 75
41 21
42 45
43 31
44 37
45 29
46 12
47 20
48 25
49 8
50 5
51 4
52 10
53 6
54 4
55 3
56 2
57 0
58 3
59 2
60 2
61 0
62 1
63 0
64 1
65 1
66 0
67 0
68 0
69 0
70 0
71 0
72 0
73 0
74 0
75 0
76 0
77 0
78 0
79 0
80 0
81 0
82 0
83 0
84 0
85 0
86 0
87 0
88 0
89 0
90 0
91 0
92 0
93 0
94 0
95 0
96 0
97 0
98 0
99 0
100 0
101 0
6
8102
