0
0 0
1 0
2 0
3 0
4 0
5 0
6 0
7 0
8 0
9 0
10 12
11 0
12 1
13 6
14 19
15 16
16 13
17 12
18 20
19 34
20 42
21 22
22 47
23 49
24 77
25 82
26 52
27 81
28 79
29 86
30 111
31 84
32 108
33 111
34 113
35 114
36 115
37 120
38 116
39 80
40 136
41 44
42 58
43 57
44 55
45 46
46 34
47 22
48 26
49 21
50 18
51 7
52 14
53 3
54 6
55 4
56 3
57 3
58 1
59 3
60 0
61 1
62 0
63 0
64 1
65 0
66 0
67 0
68 0
69 0
70 0
71 0
72 0
73 0
74 0
75 0
76 0
77 0
78 0
79 0
80 0
81 0
82 0
83 0
84 0
85 0
86 0
87 0
88 0
89 0
90 0
91 0
92 0
93 0
94 0
95 0
96 0
97 0
98 0
99 0
100 0
101 0
7
9141
