0
0 0
1 0
2 0
3 0
4 0
5 0
6 0
7 0
8 0
9 0
10 0
11 0
12 0
13 0
14 0
15 0
16 0
17 0
18 4
19 0
20 18
21 9
22 18
23 27
24 7
25 30
26 15
27 43
28 56
29 38
30 63
31 53
32 58
33 75
34 49
35 88
36 53
37 76
38 60
39 61
40 77
41 78
42 66
43 57
44 73
45 70
46 82
47 57
48 95
49 74
50 103
51 58
52 68
53 66
54 62
55 76
56 49
57 45
58 47
59 29
60 41
61 20
62 13
63 13
64 7
65 9
66 3
67 4
68 2
69 1
70 1
71 2
72 0
73 0
74 0
75 0
76 0
77 0
78 0
79 0
80 0
81 0
82 0
83 0
84 0
85 0
86 0
87 0
88 0
89 0
90 0
91 0
92 0
93 0
94 0
95 0
96 0
97 0
98 0
99 0
100 0
101 0
11
8872
