96
2334 2317 60
2334 2299 61.6667
2334 2254 60.8
2334 2234 66.1654
2334 2159 63.7931
2334 2158 63.5659
2334 2119 62.9032
2334 2112 60.5042
2334 2092 61.9048
2334 2070 63.1579
2334 2068 67.2131
2334 2030 68.1818
2334 2018 60.3448
2334 1996 63.1579
2334 1992 60
2334 1961 64.6617
2334 1924 61.0169
2334 1908 60.6061
2334 1894 61.2613
2334 1888 60.6557
2334 1883 60.6061
2334 1830 69.1729
2334 1825 64.6154
2334 1819 60.8696
2334 1813 63.7168
2334 1797 63.1579
2334 1787 62.069
2334 1760 62.9032
2334 1722 60.6557
2334 1708 66.6667
2334 1684 62.6087
2334 1611 60
2334 1606 63.0769
2334 1583 63.1579
2334 1563 60.4651
2334 1546 61.2903
2334 1525 62.5
2334 1482 60.4651
2334 1465 64.3478
2334 1407 60.8696
2334 1398 61.5385
2334 1373 61.5385
2334 1368 60
2334 1363 63.0769
2334 1340 62.069
2334 1339 63.1579
2334 1322 60.8
2334 1315 60
2334 1305 66.6667
2334 1283 61.5385
2334 1259 63.1579
2334 1231 60.3448
2334 1221 62.0155
2334 1218 65.0407
2334 1208 62.8099
2334 1200 61.0169
2334 1187 67.1756
2334 1086 60.3448
2334 1077 60.1504
2334 1073 61.0169
2334 1058 61.7886
2334 1057 62.8099
2334 1036 64.6154
2334 1022 60.4651
2334 1020 63.6364
2334 1004 60.3448
2334 977 61.0169
2334 909 61.4173
2334 896 63.6364
2334 885 61.1111
2334 872 61.2903
2334 845 60.6061
2334 829 65
2334 803 60
2334 797 64.6617
2334 716 60.3774
2334 666 61.6541
2334 643 69.2308
2334 604 62.5954
2334 594 60
2334 565 61.5385
2334 561 60.1626
2334 528 63.3333
2334 523 66.6667
2334 497 60.6557
2334 354 60.1626
2334 348 64.5669
2334 253 63.0769
2334 249 65.0794
2334 232 66.1538
2334 203 60.6061
2334 187 65.625
2334 185 63.6364
2334 112 60
2334 69 60.8
2334 41 63.1579
0 0
1 0
2 0
3 0
4 0
5 0
6 0
7 0
8 0
9 0
10 0
11 0
12 0
13 0
14 0
15 0
16 0
17 2
18 3
19 1
20 14
21 3
22 25
23 13
24 18
25 46
26 29
27 44
28 34
29 53
30 47
31 63
32 74
33 47
34 59
35 77
36 83
37 55
38 81
39 52
40 84
41 58
42 61
43 52
44 66
45 54
46 74
47 82
48 75
49 68
50 97
51 51
52 69
53 69
54 64
55 66
56 58
57 64
58 53
59 32
60 25
61 24
62 17
63 10
64 17
65 7
66 3
67 5
68 2
69 1
70 2
71 0
72 0
73 0
74 0
75 0
76 0
77 0
78 0
79 0
80 0
81 0
82 0
83 0
84 0
85 0
86 0
87 0
88 0
89 0
90 0
91 0
92 0
93 0
94 0
95 0
96 0
97 0
98 0
99 0
100 0
101 0
11
8263
