0
0 0
1 0
2 0
3 0
4 0
5 3
6 2
7 0
8 1
9 4
10 16
11 12
12 4
13 6
14 24
15 24
16 26
17 7
18 35
19 32
20 88
21 35
22 79
23 52
24 89
25 95
26 89
27 104
28 107
29 88
30 104
31 127
32 127
33 128
34 93
35 114
36 101
37 67
38 70
39 76
40 95
41 37
42 56
43 57
44 39
45 28
46 26
47 20
48 20
49 13
50 17
51 9
52 15
53 12
54 3
55 3
56 1
57 1
58 0
59 4
60 0
61 0
62 1
63 1
64 1
65 0
66 0
67 0
68 0
69 0
70 0
71 0
72 0
73 0
74 0
75 0
76 0
77 0
78 0
79 0
80 0
81 0
82 0
83 0
84 0
85 0
86 0
87 0
88 0
89 0
90 0
91 0
92 0
93 0
94 0
95 0
96 0
97 0
98 0
99 0
100 0
101 0
7
10108
