0
0 0
1 0
2 0
3 0
4 0
5 0
6 0
7 0
8 0
9 0
10 0
11 1
12 0
13 0
14 6
15 4
16 4
17 18
18 18
19 12
20 30
21 27
22 29
23 34
24 32
25 48
26 46
27 50
28 69
29 72
30 64
31 71
32 68
33 62
34 93
35 93
36 74
37 95
38 98
39 67
40 134
41 62
42 108
43 90
44 103
45 75
46 89
47 58
48 69
49 63
50 54
51 23
52 54
53 38
54 34
55 21
56 18
57 15
58 11
59 5
60 9
61 7
62 2
63 2
64 1
65 0
66 0
67 0
68 0
69 0
70 0
71 0
72 0
73 0
74 0
75 0
76 0
77 0
78 0
79 0
80 0
81 0
82 0
83 0
84 0
85 0
86 0
87 0
88 0
89 0
90 0
91 0
92 0
93 0
94 0
95 0
96 0
97 0
98 0
99 0
100 0
101 0
9
9554
