0
0 0
1 0
2 0
3 0
4 0
5 1
6 3
7 0
8 0
9 3
10 19
11 12
12 12
13 3
14 23
15 36
16 51
17 23
18 31
19 25
20 86
21 44
22 75
23 67
24 90
25 101
26 69
27 98
28 128
29 97
30 116
31 118
32 135
33 105
34 82
35 127
36 103
37 92
38 82
39 74
40 114
41 37
42 46
43 39
44 47
45 33
46 21
47 13
48 21
49 11
50 16
51 5
52 9
53 3
54 5
55 4
56 3
57 0
58 0
59 1
60 0
61 0
62 1
63 0
64 2
65 0
66 0
67 0
68 0
69 1
70 1
71 0
72 0
73 0
74 0
75 0
76 0
77 0
78 0
79 0
80 0
81 0
82 0
83 0
84 0
85 0
86 0
87 0
88 0
89 0
90 0
91 0
92 0
93 0
94 0
95 0
96 0
97 0
98 0
99 0
100 0
101 0
9
10953
