0
0 0
1 0
2 0
3 0
4 0
5 0
6 0
7 0
8 1
9 1
10 0
11 0
12 15
13 1
14 4
15 8
16 29
17 12
18 14
19 22
20 39
21 30
22 22
23 38
24 65
25 62
26 52
27 72
28 51
29 91
30 90
31 86
32 110
33 113
34 79
35 117
36 111
37 82
38 113
39 124
40 132
41 71
42 93
43 77
44 87
45 63
46 81
47 60
48 45
49 42
50 48
51 25
52 29
53 21
54 11
55 20
56 7
57 10
58 4
59 2
60 3
61 0
62 5
63 1
64 3
65 0
66 0
67 0
68 0
69 0
70 0
71 0
72 0
73 0
74 0
75 0
76 0
77 0
78 0
79 0
80 0
81 0
82 0
83 0
84 0
85 0
86 0
87 0
88 0
89 0
90 0
91 0
92 0
93 0
94 0
95 0
96 0
97 0
98 0
99 0
100 0
101 0
9
11224
