3
2550 1578 62.069
2550 1545 63.6364
2550 1024 61.9718
0 0
1 0
2 0
3 0
4 0
5 0
6 0
7 0
8 0
9 1
10 1
11 0
12 3
13 3
14 12
15 1
16 6
17 11
18 28
19 15
20 24
21 37
22 45
23 60
24 44
25 57
26 40
27 71
28 89
29 75
30 97
31 92
32 97
33 93
34 117
35 109
36 108
37 116
38 113
39 126
40 114
41 86
42 112
43 78
44 86
45 70
46 66
47 29
48 45
49 29
50 43
51 22
52 14
53 18
54 12
55 10
56 7
57 6
58 1
59 5
60 2
61 0
62 1
63 1
64 1
65 0
66 0
67 0
68 0
69 0
70 0
71 0
72 0
73 0
74 0
75 0
76 0
77 0
78 0
79 0
80 0
81 0
82 0
83 0
84 0
85 0
86 0
87 0
88 0
89 0
90 0
91 0
92 0
93 0
94 0
95 0
96 0
97 0
98 0
99 0
100 0
101 0
8
9972
