16
2589 2476 60.5505
2589 2318 60.241
2589 2071 62
2589 2048 61.9048
2589 1856 62.1359
2589 1834 60.6742
2589 1467 60.9756
2589 888 64.1026
2589 725 60.2151
2589 658 60.1942
2589 641 60
2589 526 60.7843
2589 375 61.8557
2589 240 65.9794
2589 212 62.6263
2589 75 67.4157
0 0
1 0
2 0
3 0
4 0
5 0
6 0
7 0
8 0
9 0
10 0
11 0
12 0
13 1
14 7
15 1
16 3
17 14
18 2
19 11
20 31
21 18
22 17
23 23
24 37
25 35
26 33
27 65
28 50
29 70
30 88
31 72
32 63
33 88
34 72
35 75
36 82
37 97
38 89
39 127
40 96
41 65
42 104
43 87
44 102
45 113
46 103
47 85
48 87
49 79
50 84
51 43
52 57
53 45
54 37
55 34
56 21
57 17
58 16
59 13
60 14
61 7
62 3
63 2
64 0
65 1
66 1
67 0
68 1
69 0
70 0
71 0
72 0
73 0
74 0
75 0
76 0
77 0
78 0
79 0
80 0
81 0
82 0
83 0
84 0
85 0
86 0
87 0
88 0
89 0
90 0
91 0
92 0
93 0
94 0
95 0
96 0
97 0
98 0
99 0
100 0
101 0
10
10321
