0
0 0
1 0
2 0
3 0
4 0
5 3
6 1
7 0
8 2
9 5
10 16
11 8
12 8
13 5
14 23
15 38
16 36
17 11
18 37
19 48
20 70
21 48
22 87
23 52
24 87
25 103
26 76
27 108
28 111
29 89
30 134
31 133
32 128
33 100
34 104
35 96
36 113
37 94
38 91
39 79
40 85
41 32
42 50
43 39
44 50
45 32
46 25
47 23
48 30
49 8
50 17
51 7
52 5
53 6
54 3
55 5
56 2
57 2
58 4
59 1
60 2
61 0
62 0
63 0
64 0
65 0
66 0
67 0
68 0
69 0
70 0
71 0
72 0
73 0
74 0
75 0
76 0
77 0
78 0
79 1
80 0
81 0
82 0
83 0
84 0
85 0
86 0
87 0
88 0
89 0
90 0
91 0
92 0
93 0
94 0
95 0
96 0
97 0
98 0
99 0
100 0
101 0
7
11044
