0
0 0
1 0
2 0
3 0
4 0
5 0
6 1
7 0
8 1
9 5
10 19
11 5
12 4
13 7
14 30
15 39
16 42
17 19
18 34
19 40
20 89
21 50
22 74
23 65
24 106
25 91
26 79
27 122
28 119
29 78
30 124
31 111
32 124
33 91
34 96
35 130
36 100
37 80
38 89
39 75
40 107
41 35
42 70
43 41
44 40
45 29
46 15
47 24
48 20
49 7
50 17
51 7
52 9
53 5
54 6
55 1
56 3
57 0
58 1
59 4
60 1
61 0
62 1
63 0
64 0
65 3
66 1
67 0
68 0
69 1
70 0
71 0
72 0
73 0
74 0
75 0
76 0
77 0
78 0
79 0
80 0
81 0
82 0
83 0
84 0
85 0
86 0
87 0
88 0
89 0
90 0
91 0
92 0
93 0
94 0
95 0
96 0
97 0
98 0
99 0
100 0
101 0
7
11164
