0
0 0
1 0
2 0
3 0
4 0
5 0
6 0
7 0
8 0
9 0
10 0
11 0
12 0
13 3
14 0
15 2
16 12
17 1
18 6
19 21
20 17
21 25
22 41
23 23
24 33
25 57
26 36
27 36
28 48
29 78
30 56
31 90
32 90
33 70
34 72
35 81
36 80
37 100
38 62
39 91
40 106
41 63
42 127
43 95
44 98
45 102
46 108
47 98
48 107
49 85
50 88
51 41
52 59
53 56
54 33
55 28
56 37
57 25
58 25
59 16
60 17
61 8
62 5
63 4
64 3
65 3
66 1
67 2
68 1
69 0
70 1
71 0
72 0
73 0
74 0
75 0
76 0
77 0
78 0
79 0
80 0
81 0
82 0
83 0
84 0
85 0
86 0
87 0
88 0
89 0
90 0
91 0
92 0
93 0
94 0
95 0
96 0
97 0
98 0
99 0
100 0
101 0
11
11975
