0
0 0
1 0
2 0
3 0
4 0
5 0
6 0
7 0
8 0
9 0
10 0
11 5
12 1
13 2
14 4
15 20
16 5
17 7
18 25
19 18
20 16
21 28
22 28
23 44
24 29
25 62
26 60
27 45
28 56
29 62
30 93
31 59
32 91
33 114
34 77
35 95
36 124
37 85
38 104
39 117
40 105
41 81
42 125
43 87
44 106
45 88
46 81
47 69
48 76
49 61
50 74
51 29
52 41
53 29
54 29
55 28
56 14
57 13
58 8
59 8
60 2
61 9
62 4
63 2
64 2
65 2
66 1
67 0
68 1
69 0
70 0
71 0
72 0
73 0
74 0
75 0
76 0
77 0
78 0
79 0
80 0
81 0
82 0
83 0
84 0
85 0
86 0
87 0
88 0
89 0
90 0
91 0
92 0
93 0
94 0
95 0
96 0
97 0
98 0
99 0
100 0
101 0
10
11761
