0
0 0
1 0
2 0
3 0
4 0
5 0
6 1
7 0
8 0
9 0
10 7
11 20
12 7
13 6
14 24
15 31
16 44
17 46
18 23
19 44
20 76
21 43
22 69
23 92
24 93
25 101
26 80
27 106
28 149
29 117
30 141
31 110
32 132
33 124
34 103
35 109
36 99
37 105
38 96
39 64
40 107
41 42
42 43
43 37
44 37
45 39
46 23
47 21
48 15
49 12
50 20
51 2
52 5
53 5
54 6
55 4
56 2
57 1
58 1
59 1
60 3
61 1
62 0
63 0
64 1
65 0
66 0
67 0
68 0
69 0
70 0
71 0
72 0
73 0
74 1
75 0
76 0
77 0
78 0
79 0
80 0
81 0
82 0
83 0
84 0
85 0
86 0
87 0
88 0
89 0
90 0
91 0
92 0
93 0
94 0
95 0
96 0
97 0
98 0
99 0
100 0
101 0
7
12145
