0
0 0
1 0
2 0
3 0
4 0
5 0
6 0
7 0
8 0
9 0
10 0
11 0
12 0
13 0
14 0
15 0
16 0
17 3
18 0
19 1
20 11
21 1
22 11
23 37
24 10
25 50
26 49
27 19
28 56
29 68
30 39
31 71
32 60
33 69
34 67
35 59
36 105
37 63
38 85
39 97
40 90
41 87
42 77
43 84
44 104
45 71
46 93
47 88
48 96
49 80
50 122
51 75
52 73
53 63
54 66
55 60
56 61
57 47
58 34
59 29
60 24
61 12
62 11
63 9
64 4
65 6
66 0
67 3
68 3
69 0
70 0
71 0
72 0
73 0
74 0
75 0
76 0
77 0
78 0
79 0
80 0
81 0
82 0
83 0
84 0
85 0
86 0
87 0
88 0
89 0
90 0
91 0
92 0
93 0
94 0
95 0
96 0
97 0
98 0
99 0
100 0
101 0
12
11317
