0
0 0
1 0
2 0
3 0
4 0
5 0
6 0
7 0
8 0
9 0
10 0
11 0
12 0
13 0
14 0
15 0
16 2
17 0
18 4
19 1
20 1
21 12
22 9
23 23
24 46
25 28
26 48
27 35
28 47
29 72
30 50
31 59
32 61
33 87
34 93
35 73
36 96
37 59
38 102
39 78
40 118
41 73
42 79
43 80
44 85
45 80
46 88
47 89
48 79
49 74
50 118
51 74
52 88
53 87
54 97
55 63
56 65
57 49
58 40
59 42
60 35
61 27
62 18
63 9
64 5
65 8
66 4
67 6
68 2
69 3
70 1
71 1
72 1
73 0
74 0
75 0
76 0
77 0
78 0
79 0
80 0
81 0
82 0
83 0
84 0
85 0
86 0
87 0
88 0
89 0
90 0
91 0
92 0
93 0
94 0
95 0
96 0
97 0
98 0
99 0
100 0
101 0
13
12949
