0
0 0
1 0
2 0
3 0
4 0
5 0
6 0
7 0
8 0
9 0
10 0
11 0
12 0
13 4
14 3
15 0
16 8
17 9
18 5
19 13
20 37
21 4
22 37
23 53
24 23
25 51
26 42
27 57
28 53
29 67
30 74
31 51
32 88
33 80
34 66
35 97
36 82
37 94
38 112
39 74
40 130
41 71
42 113
43 104
44 127
45 88
46 116
47 81
48 80
49 53
50 88
51 46
52 73
53 59
54 36
55 32
56 27
57 27
58 21
59 13
60 13
61 7
62 4
63 2
64 3
65 0
66 0
67 1
68 0
69 1
70 0
71 0
72 0
73 1
74 0
75 0
76 0
77 0
78 0
79 0
80 0
81 0
82 0
83 0
84 0
85 0
86 0
87 0
88 0
89 0
90 0
91 0
92 0
93 0
94 0
95 0
96 0
97 0
98 0
99 0
100 0
101 0
12
12241
