0
0 0
1 0
2 0
3 0
4 0
5 0
6 0
7 0
8 0
9 1
10 7
11 4
12 1
13 2
14 13
15 24
16 22
17 6
18 25
19 32
20 70
21 36
22 68
23 50
24 75
25 82
26 79
27 112
28 109
29 105
30 138
31 125
32 127
33 130
34 122
35 144
36 123
37 97
38 111
39 103
40 129
41 48
42 93
43 83
44 64
45 39
46 34
47 28
48 38
49 18
50 18
51 9
52 10
53 7
54 5
55 4
56 4
57 3
58 3
59 1
60 0
61 0
62 0
63 0
64 0
65 0
66 0
67 0
68 0
69 0
70 0
71 0
72 0
73 0
74 0
75 0
76 0
77 0
78 0
79 0
80 0
81 0
82 0
83 0
84 0
85 0
86 0
87 0
88 0
89 0
90 0
91 0
92 0
93 0
94 0
95 0
96 0
97 0
98 0
99 0
100 0
101 0
9
12256
