0
0 0
1 0
2 0
3 0
4 0
5 5
6 1
7 0
8 1
9 3
10 25
11 6
12 2
13 15
14 35
15 38
16 34
17 14
18 42
19 62
20 83
21 57
22 52
23 70
24 99
25 116
26 72
27 97
28 142
29 110
30 151
31 125
32 121
33 88
34 116
35 137
36 99
37 102
38 118
39 101
40 90
41 43
42 68
43 62
44 46
45 28
46 37
47 25
48 23
49 16
50 19
51 4
52 7
53 8
54 9
55 2
56 6
57 0
58 2
59 1
60 0
61 0
62 0
63 2
64 0
65 0
66 1
67 0
68 0
69 0
70 0
71 0
72 0
73 0
74 0
75 0
76 0
77 0
78 0
79 0
80 0
81 0
82 0
83 0
84 0
85 0
86 0
87 0
88 0
89 0
90 0
91 0
92 0
93 0
94 0
95 0
96 0
97 0
98 0
99 0
100 0
101 0
10
13676
