3
2822 2699 61.1111
2822 2181 63.1579
2822 1243 61.9048
0 0
1 0
2 0
3 0
4 0
5 1
6 10
7 1
8 0
9 4
10 12
11 12
12 43
13 24
14 20
15 42
16 56
17 56
18 74
19 75
20 113
21 47
22 128
23 117
24 147
25 143
26 93
27 146
28 137
29 106
30 152
31 128
32 116
33 109
34 87
35 115
36 53
37 60
38 49
39 51
40 57
41 17
42 37
43 30
44 33
45 18
46 14
47 16
48 13
49 12
50 11
51 2
52 6
53 10
54 3
55 5
56 1
57 2
58 3
59 1
60 0
61 0
62 2
63 0
64 1
65 0
66 0
67 0
68 0
69 0
70 0
71 0
72 0
73 0
74 0
75 0
76 0
77 0
78 0
79 0
80 0
81 0
82 0
83 0
84 0
85 0
86 0
87 0
88 0
89 0
90 0
91 0
92 0
93 0
94 0
95 0
96 0
97 0
98 0
99 0
100 0
101 0
5
12655
