0
0 0
1 0
2 0
3 0
4 0
5 0
6 0
7 0
8 0
9 0
10 0
11 0
12 0
13 0
14 1
15 3
16 0
17 4
18 13
19 5
20 29
21 16
22 24
23 33
24 36
25 38
26 58
27 38
28 52
29 79
30 42
31 78
32 72
33 56
34 86
35 83
36 85
37 88
38 84
39 98
40 115
41 85
42 104
43 90
44 113
45 89
46 92
47 103
48 105
49 98
50 119
51 73
52 86
53 71
54 61
55 43
56 46
57 36
58 41
59 22
60 19
61 14
62 23
63 10
64 6
65 6
66 3
67 2
68 0
69 0
70 2
71 2
72 0
73 0
74 0
75 0
76 0
77 0
78 0
79 0
80 0
81 0
82 0
83 0
84 0
85 0
86 0
87 0
88 0
89 0
90 0
91 0
92 0
93 0
94 0
95 0
96 0
97 0
98 0
99 0
100 0
101 0
12
14142
