0
0 0
1 0
2 0
3 0
4 0
5 0
6 0
7 0
8 0
9 0
10 0
11 0
12 1
13 3
14 0
15 2
16 11
17 4
18 9
19 24
20 15
21 19
22 46
23 32
24 44
25 55
26 27
27 50
28 51
29 104
30 52
31 78
32 93
33 70
34 85
35 93
36 83
37 90
38 90
39 94
40 137
41 73
42 117
43 97
44 108
45 95
46 101
47 89
48 89
49 85
50 101
51 40
52 59
53 57
54 48
55 44
56 36
57 26
58 24
59 21
60 17
61 10
62 12
63 4
64 6
65 0
66 1
67 2
68 0
69 0
70 0
71 0
72 0
73 0
74 1
75 0
76 0
77 0
78 0
79 0
80 0
81 0
82 0
83 0
84 0
85 0
86 0
87 0
88 0
89 0
90 0
91 0
92 0
93 0
94 0
95 0
96 0
97 0
98 0
99 0
100 0
101 0
14
13505
