0
0 0
1 0
2 0
3 0
4 0
5 0
6 0
7 0
8 0
9 0
10 0
11 0
12 0
13 0
14 0
15 0
16 0
17 1
18 1
19 9
20 4
21 2
22 35
23 5
24 44
25 43
26 27
27 33
28 59
29 49
30 62
31 51
32 87
33 94
34 47
35 110
36 74
37 86
38 83
39 58
40 127
41 77
42 94
43 79
44 110
45 86
46 101
47 117
48 86
49 72
50 126
51 79
52 94
53 80
54 69
55 75
56 66
57 40
58 41
59 39
60 28
61 19
62 13
63 17
64 5
65 4
66 2
67 2
68 6
69 0
70 0
71 0
72 0
73 0
74 0
75 0
76 0
77 0
78 0
79 0
80 0
81 0
82 0
83 0
84 0
85 0
86 0
87 0
88 0
89 0
90 0
91 0
92 0
93 0
94 0
95 0
96 0
97 0
98 0
99 0
100 0
101 0
19
13417
