3
2981 2566 60.7143
2981 1737 64.4068
2981 25 63.1579
0 0
1 0
2 0
3 0
4 0
5 0
6 0
7 0
8 1
9 5
10 4
11 0
12 12
13 12
14 24
15 3
16 21
17 11
18 57
19 39
20 29
21 33
22 79
23 83
24 75
25 86
26 47
27 103
28 81
29 93
30 116
31 105
32 136
33 133
34 110
35 142
36 143
37 124
38 123
39 116
40 166
41 69
42 100
43 75
44 81
45 64
46 54
47 49
48 49
49 15
50 44
51 5
52 15
53 14
54 8
55 8
56 8
57 1
58 4
59 2
60 0
61 1
62 0
63 0
64 1
65 1
66 0
67 0
68 0
69 0
70 0
71 0
72 0
73 0
74 0
75 0
76 0
77 0
78 0
79 0
80 0
81 0
82 0
83 0
84 0
85 0
86 0
87 0
88 0
89 0
90 0
91 0
92 0
93 0
94 0
95 0
96 0
97 0
98 0
99 0
100 0
101 0
10
14439
