57
2939 2938 62.5
2939 2696 61.3861
2939 2663 68.5185
2939 2650 68
2939 2599 61.4035
2939 2559 61.6822
2939 2556 62.7451
2939 2448 60
2939 2378 60
2939 2374 61.2245
2939 2364 66.087
2939 2360 61.8557
2939 2300 66.0377
2939 2212 60.3448
2939 2193 60.3774
2939 2089 61.6822
2939 1963 64.5833
2939 1879 60
2939 1804 60.4651
2939 1796 62.6087
2939 1780 68.4685
2939 1747 62.3853
2939 1488 60.5505
2939 1483 60.8696
2939 1472 63.2653
2939 1468 61.4035
2939 1455 62.6506
2939 1418 61.2613
2939 1403 62.963
2939 1391 65.2632
2939 1313 64.5833
2939 1279 63.2479
2939 1271 60.2151
2939 1129 60.1942
2939 1101 60
2939 1086 64
2939 1042 61.9048
2939 982 63.6364
2939 945 60.8696
2939 839 65.3465
2939 832 62.8571
2939 721 61.2245
2939 711 64.2202
2939 661 62
2939 659 61.5385
2939 651 60.9524
2939 509 62.6263
2939 366 60.8696
2939 357 62
2939 346 61.5385
2939 344 61.7021
2939 217 60.7843
2939 195 60
2939 125 60.5505
2939 69 64.2202
2939 37 60.4167
2939 20 62.3656
0 0
1 0
2 0
3 0
4 0
5 0
6 0
7 0
8 0
9 0
10 0
11 0
12 2
13 3
14 1
15 10
16 9
17 1
18 20
19 17
20 19
21 38
22 33
23 24
24 49
25 47
26 35
27 54
28 62
29 66
30 61
31 101
32 62
33 95
34 68
35 100
36 106
37 79
38 107
39 92
40 113
41 87
42 103
43 74
44 131
45 88
46 105
47 100
48 90
49 105
50 98
51 57
52 85
53 62
54 49
55 42
56 40
57 30
58 33
59 19
60 14
61 13
62 15
63 9
64 4
65 4
66 2
67 2
68 1
69 2
70 0
71 0
72 0
73 0
74 0
75 0
76 0
77 0
78 0
79 0
80 0
81 0
82 0
83 0
84 0
85 0
86 0
87 0
88 0
89 0
90 0
91 0
92 0
93 0
94 0
95 0
96 0
97 0
98 0
99 0
100 0
101 0
12
14009
