15
2958 2902 64
2958 2471 62.8571
2958 2339 62.5
2958 2288 64.9351
2958 1907 60.5263
2958 1627 61.1765
2958 1521 60.241
2958 1470 60
2958 1431 62.6866
2958 869 60
2958 866 68.4211
2958 297 62.6866
2958 284 60.5263
2958 121 64
2958 108 64.8649
0 0
1 0
2 0
3 0
4 0
5 0
6 0
7 0
8 2
9 0
10 0
11 6
12 13
13 1
14 4
15 13
16 32
17 5
18 12
19 32
20 46
21 25
22 41
23 55
24 80
25 55
26 58
27 77
28 81
29 80
30 88
31 99
32 114
33 90
34 107
35 122
36 126
37 115
38 123
39 112
40 148
41 96
42 113
43 79
44 102
45 96
46 69
47 68
48 83
49 48
50 52
51 30
52 28
53 26
54 25
55 20
56 15
57 12
58 8
59 8
60 4
61 3
62 1
63 4
64 2
65 2
66 0
67 0
68 0
69 1
70 0
71 0
72 0
73 0
74 0
75 0
76 0
77 0
78 0
79 0
80 0
81 0
82 0
83 0
84 0
85 0
86 0
87 0
88 0
89 0
90 0
91 0
92 0
93 0
94 0
95 0
96 0
97 0
98 0
99 0
100 0
101 0
11
14197
