7
3003 2845 66.6667
3003 2260 62.2222
3003 2161 60.3774
3003 2093 61.2903
3003 1540 60.7143
3003 1453 62.069
3003 105 60
0 0
1 0
2 0
3 0
4 0
5 0
6 0
7 0
8 0
9 5
10 4
11 0
12 5
13 6
14 40
15 14
16 19
17 12
18 46
19 44
20 55
21 34
22 55
23 72
24 117
25 91
26 77
27 101
28 123
29 110
30 109
31 85
32 144
33 132
34 106
35 131
36 128
37 122
38 110
39 104
40 147
41 59
42 83
43 89
44 72
45 70
46 50
47 47
48 38
49 21
50 40
51 13
52 16
53 12
54 11
55 7
56 6
57 4
58 5
59 1
60 4
61 2
62 1
63 2
64 0
65 0
66 0
67 1
68 0
69 0
70 0
71 0
72 0
73 0
74 0
75 0
76 0
77 0
78 0
79 0
80 0
81 0
82 0
83 0
84 0
85 0
86 0
87 0
88 0
89 0
90 0
91 0
92 0
93 0
94 0
95 0
96 0
97 0
98 0
99 0
100 0
101 0
9
14664
