0
0 0
1 0
2 0
3 0
4 0
5 0
6 0
7 0
8 0
9 0
10 0
11 2
12 0
13 0
14 6
15 14
16 4
17 21
18 28
19 6
20 36
21 39
22 49
23 30
24 46
25 82
26 24
27 80
28 87
29 86
30 84
31 62
32 123
33 90
34 95
35 123
36 98
37 144
38 139
39 110
40 179
41 91
42 133
43 119
44 130
45 120
46 83
47 103
48 96
49 62
50 85
51 25
52 70
53 39
54 34
55 33
56 22
57 15
58 13
59 7
60 10
61 5
62 6
63 2
64 1
65 1
66 2
67 1
68 0
69 0
70 0
71 0
72 0
73 0
74 0
75 0
76 0
77 0
78 0
79 0
80 0
81 0
82 0
83 0
84 0
85 0
86 0
87 0
88 0
89 0
90 0
91 0
92 0
93 0
94 0
95 0
96 0
97 0
98 0
99 0
100 0
101 0
11
17585
