5
3144 3027 60.6061
3144 3008 60.4651
3144 2840 62.8571
3144 631 61.5385
3144 474 60.6061
0 0
1 0
2 0
3 0
4 0
5 2
6 5
7 3
8 1
9 4
10 19
11 15
12 38
13 36
14 25
15 39
16 41
17 56
18 107
19 93
20 100
21 74
22 138
23 136
24 147
25 196
26 84
27 147
28 187
29 126
30 177
31 144
32 142
33 94
34 116
35 111
36 93
37 51
38 61
39 57
40 70
41 18
42 33
43 27
44 30
45 17
46 19
47 5
48 15
49 5
50 7
51 2
52 4
53 3
54 5
55 2
56 4
57 3
58 2
59 1
60 1
61 3
62 1
63 1
64 0
65 0
66 0
67 0
68 0
69 0
70 0
71 0
72 0
73 0
74 0
75 0
76 0
77 0
78 0
79 0
80 0
81 0
82 0
83 0
84 0
85 0
86 0
87 0
88 0
89 0
90 0
91 0
92 0
93 0
94 0
95 0
96 0
97 0
98 0
99 0
100 0
101 0
8
16151
