0
0 0
1 0
2 0
3 0
4 0
5 0
6 0
7 0
8 0
9 0
10 0
11 0
12 0
13 0
14 0
15 2
16 0
17 1
18 17
19 2
20 21
21 35
22 13
23 39
24 58
25 25
26 36
27 70
28 50
29 77
30 61
31 72
32 81
33 87
34 69
35 138
36 75
37 101
38 105
39 82
40 157
41 75
42 112
43 98
44 138
45 104
46 134
47 92
48 131
49 85
50 117
51 74
52 94
53 94
54 47
55 48
56 54
57 40
58 34
59 36
60 25
61 15
62 11
63 8
64 3
65 2
66 2
67 4
68 0
69 0
70 1
71 0
72 0
73 0
74 0
75 0
76 0
77 0
78 0
79 0
80 0
81 0
82 0
83 0
84 0
85 0
86 0
87 0
88 0
89 0
90 0
91 0
92 0
93 0
94 0
95 0
96 0
97 0
98 0
99 0
100 0
101 0
13
17144
