0
0 0
1 0
2 0
3 0
4 0
5 0
6 0
7 0
8 0
9 0
10 1
11 0
12 0
13 2
14 2
15 5
16 2
17 2
18 4
19 2
20 9
21 2
22 5
23 8
24 4
25 6
26 6
27 5
28 10
29 10
30 21
31 10
32 10
33 14
34 9
35 11
36 22
37 15
38 13
39 12
40 16
41 6
42 13
43 5
44 9
45 8
46 6
47 3
48 3
49 4
50 4
51 2
52 2
53 2
54 1
55 0
56 0
57 0
58 0
59 0
60 2
61 0
62 1
63 1
64 0
65 0
66 0
67 0
68 0
69 0
70 0
71 0
72 0
73 0
74 0
75 0
76 0
77 0
78 0
79 0
80 0
81 0
82 0
83 0
84 0
85 0
86 0
87 0
88 0
89 0
90 0
91 0
92 0
93 0
94 0
95 0
96 0
97 0
98 0
99 0
100 0
101 0
0
33
