1
3260 3155 66.6667
0 0
1 0
2 0
3 0
4 0
5 0
6 4
7 17
8 0
9 2
10 2
11 15
12 29
13 58
14 35
15 26
16 50
17 65
18 96
19 100
20 149
21 90
22 146
23 157
24 180
25 194
26 140
27 145
28 209
29 155
30 163
31 126
32 175
33 106
34 94
35 77
36 69
37 70
38 47
39 32
40 49
41 23
42 30
43 27
44 17
45 16
46 16
47 13
48 12
49 8
50 3
51 2
52 4
53 3
54 3
55 4
56 2
57 0
58 0
59 2
60 1
61 0
62 0
63 0
64 0
65 0
66 0
67 1
68 0
69 0
70 0
71 0
72 0
73 0
74 0
75 0
76 0
77 0
78 0
79 0
80 0
81 0
82 0
83 0
84 0
85 0
86 0
87 0
88 0
89 0
90 0
91 0
92 0
93 0
94 0
95 0
96 0
97 0
98 0
99 0
100 0
101 0
8
17421
