0
0 0
1 0
2 0
3 0
4 0
5 0
6 0
7 0
8 0
9 0
10 0
11 0
12 0
13 0
14 0
15 0
16 0
17 0
18 6
19 0
20 8
21 15
22 3
23 24
24 46
25 20
26 32
27 66
28 31
29 83
30 82
31 65
32 80
33 83
34 89
35 133
36 82
37 92
38 122
39 78
40 154
41 71
42 130
43 114
44 129
45 112
46 129
47 122
48 137
49 101
50 146
51 73
52 77
53 91
54 71
55 74
56 59
57 57
58 38
59 30
60 23
61 10
62 11
63 10
64 5
65 4
66 4
67 0
68 0
69 0
70 0
71 0
72 1
73 0
74 0
75 0
76 0
77 0
78 0
79 0
80 0
81 0
82 0
83 0
84 0
85 0
86 0
87 0
88 0
89 0
90 0
91 0
92 0
93 0
94 0
95 0
96 0
97 0
98 0
99 0
100 0
101 0
13
17891
