12
3223 2753 71.6418
3223 2396 60.6061
3223 1814 60.2151
3223 1792 60
3223 1758 64.1975
3223 1701 62.5
3223 1500 60.274
3223 1147 61.2903
3223 1107 64.6154
3223 315 60.6061
3223 132 61.5385
3223 71 60
0 0
1 0
2 0
3 0
4 0
5 0
6 0
7 0
8 0
9 0
10 0
11 0
12 8
13 3
14 0
15 5
16 28
17 8
18 9
19 21
20 48
21 16
22 27
23 47
24 75
25 62
26 49
27 82
28 93
29 100
30 96
31 81
32 145
33 96
34 99
35 113
36 165
37 111
38 134
39 142
40 173
41 105
42 143
43 126
44 123
45 128
46 89
47 72
48 79
49 62
50 70
51 32
52 42
53 20
54 22
55 19
56 12
57 16
58 6
59 5
60 5
61 4
62 2
63 1
64 0
65 2
66 0
67 0
68 0
69 0
70 0
71 0
72 1
73 0
74 0
75 0
76 0
77 0
78 0
79 0
80 0
81 0
82 0
83 0
84 0
85 0
86 0
87 0
88 0
89 0
90 0
91 0
92 0
93 0
94 0
95 0
96 0
97 0
98 0
99 0
100 0
101 0
11
17009
