0
0 0
1 0
2 0
3 0
4 0
5 2
6 0
7 0
8 2
9 13
10 1
11 1
12 8
13 20
14 22
15 6
16 16
17 33
18 66
19 32
20 44
21 42
22 60
23 82
24 68
25 90
26 86
27 117
28 107
29 109
30 119
31 123
32 173
33 134
34 130
35 152
36 118
37 125
38 161
39 133
40 123
41 93
42 104
43 72
44 70
45 58
46 73
47 39
48 38
49 38
50 36
51 16
52 21
53 18
54 26
55 8
56 13
57 3
58 6
59 4
60 5
61 2
62 0
63 2
64 0
65 0
66 0
67 0
68 0
69 0
70 0
71 0
72 0
73 0
74 0
75 0
76 0
77 0
78 0
79 0
80 0
81 0
82 0
83 0
84 0
85 0
86 0
87 0
88 0
89 0
90 0
91 0
92 0
93 0
94 0
95 0
96 0
97 0
98 0
99 0
100 0
101 0
10
18332
