3
3269 3022 66.6667
3269 2641 60.3774
3269 748 60.8696
0 0
1 0
2 0
3 0
4 0
5 0
6 0
7 0
8 0
9 0
10 8
11 4
12 2
13 7
14 18
15 43
16 20
17 8
18 40
19 43
20 104
21 43
22 59
23 58
24 96
25 126
26 75
27 115
28 143
29 103
30 174
31 139
32 152
33 137
34 169
35 165
36 137
37 114
38 142
39 119
40 136
41 75
42 89
43 72
44 55
45 56
46 38
47 35
48 30
49 28
50 37
51 9
52 9
53 9
54 4
55 7
56 6
57 2
58 2
59 3
60 0
61 2
62 0
63 0
64 0
65 0
66 0
67 1
68 0
69 0
70 0
71 0
72 0
73 0
74 0
75 0
76 0
77 0
78 0
79 0
80 0
81 0
82 0
83 0
84 0
85 0
86 0
87 0
88 0
89 0
90 0
91 0
92 0
93 0
94 0
95 0
96 0
97 0
98 0
99 0
100 0
101 0
9
17506
