30
3240 3204 62.7451
3240 2989 61.5385
3240 2814 62.7451
3240 2626 63.0631
3240 2532 60.7143
3240 2459 61.7284
3240 2317 60.8696
3240 2215 63.5514
3240 2150 60
3240 2147 60
3240 2134 61.1765
3240 2124 65.4206
3240 2120 60.4167
3240 2007 60.8696
3240 1908 63.1579
3240 1837 60.4651
3240 1721 60.9524
3240 1653 60.4167
3240 1546 62.2642
3240 1439 62
3240 1385 62.2642
3240 1219 62.7451
3240 1031 60.5505
3240 1022 61.2613
3240 797 60.8696
3240 550 65.3061
3240 538 62.2642
3240 518 61.2245
3240 303 61.2245
3240 212 62.1359
0 0
1 0
2 0
3 0
4 0
5 0
6 0
7 0
8 0
9 0
10 0
11 0
12 0
13 0
14 0
15 0
16 2
17 0
18 4
19 14
20 4
21 13
22 28
23 23
24 28
25 54
26 37
27 42
28 67
29 85
30 64
31 90
32 91
33 78
34 120
35 105
36 83
37 121
38 102
39 128
40 143
41 68
42 121
43 112
44 127
45 123
46 119
47 129
48 134
49 106
50 126
51 85
52 98
53 64
54 72
55 58
56 48
57 44
58 25
59 15
60 11
61 9
62 7
63 7
64 3
65 0
66 2
67 0
68 0
69 0
70 0
71 0
72 0
73 0
74 0
75 0
76 0
77 0
78 0
79 0
80 0
81 0
82 0
83 0
84 0
85 0
86 0
87 0
88 0
89 0
90 0
91 0
92 0
93 0
94 0
95 0
96 0
97 0
98 0
99 0
100 0
101 0
13
17205
