0
0 0
1 0
2 0
3 0
4 0
5 1
6 3
7 0
8 0
9 1
10 6
11 12
12 18
13 8
14 15
15 35
16 37
17 68
18 70
19 41
20 94
21 79
22 104
23 118
24 152
25 121
26 118
27 146
28 157
29 148
30 182
31 141
32 149
33 153
34 130
35 126
36 103
37 86
38 112
39 62
40 91
41 41
42 72
43 47
44 41
45 31
46 16
47 9
48 14
49 11
50 17
51 2
52 10
53 9
54 3
55 5
56 2
57 1
58 5
59 2
60 4
61 1
62 2
63 0
64 0
65 0
66 0
67 0
68 0
69 0
70 1
71 0
72 0
73 0
74 1
75 0
76 0
77 0
78 0
79 0
80 0
81 0
82 0
83 0
84 0
85 0
86 0
87 0
88 0
89 0
90 0
91 0
92 0
93 0
94 0
95 0
96 0
97 0
98 0
99 0
100 0
101 0
8
18011
