8
3382 3129 62.1622
3382 2899 62.069
3382 2818 63.6364
3382 2674 60
3382 2028 60
3382 978 63.3333
3382 747 63.4146
3382 569 60
0 0
1 0
2 0
3 0
4 0
5 0
6 0
7 0
8 1
9 1
10 0
11 0
12 5
13 16
14 1
15 10
16 25
17 17
18 17
19 25
20 58
21 45
22 53
23 43
24 76
25 86
26 68
27 92
28 90
29 64
30 138
31 92
32 115
33 176
34 155
35 131
36 153
37 154
38 135
39 131
40 217
41 87
42 127
43 119
44 105
45 84
46 67
47 59
48 64
49 54
50 72
51 26
52 34
53 20
54 21
55 14
56 12
57 9
58 6
59 2
60 4
61 0
62 0
63 2
64 3
65 0
66 0
67 0
68 0
69 0
70 0
71 0
72 0
73 0
74 0
75 0
76 0
77 0
78 0
79 0
80 0
81 0
82 0
83 0
84 0
85 0
86 0
87 0
88 0
89 0
90 0
91 0
92 0
93 0
94 0
95 0
96 0
97 0
98 0
99 0
100 0
101 0
11
18786
