131
3378 3363 66.6667
3378 3343 65
3378 3341 62.1849
3378 3282 61.4035
3378 3239 60.1626
3378 3221 68.75
3378 3200 66.6667
3378 3186 61.7886
3378 3159 65.4545
3378 3152 66.6667
3378 3146 61.6667
3378 3130 60.7143
3378 3128 60.4651
3378 3127 66.6667
3378 3093 66.6667
3378 3085 66.1538
3378 3078 61.2903
3378 3038 61.2903
3378 3034 68.7023
3378 2997 60
3378 2983 63.5659
3378 2969 60.6557
3378 2890 62.9032
3378 2889 60.5042
3378 2881 65.5462
3378 2877 62.8099
3378 2835 62.5954
3378 2813 63.2479
3378 2803 62.9032
3378 2785 68.1818
3378 2763 60.8696
3378 2762 60.177
3378 2761 60
3378 2735 60.177
3378 2731 64.9573
3378 2727 60.4651
3378 2660 65.6
3378 2597 60
3378 2587 61.4173
3378 2560 60
3378 2520 64
3378 2512 60.1626
3378 2476 60
3378 2408 61.7886
3378 2358 66.6667
3378 2356 60
3378 2335 65.1163
3378 2334 61.0687
3378 2315 60
3378 2244 67.2269
3378 2210 61.2613
3378 2162 60
3378 2157 62.5
3378 2129 60.3448
3378 2095 60.8696
3378 2085 61.5385
3378 2066 65.0407
3378 2060 60.6061
3378 2022 62.7119
3378 1961 65.1515
3378 1939 61.157
3378 1897 62.069
3378 1894 60
3378 1841 60.177
3378 1816 61.6667
3378 1813 60.7143
3378 1796 60
3378 1715 65.0407
3378 1708 60.6557
3378 1698 64.1221
3378 1611 65.5462
3378 1609 60.8
3378 1597 60.5042
3378 1587 63.5659
3378 1531 60.1626
3378 1518 68.3333
3378 1516 62.9032
3378 1482 65.625
3378 1468 62.0155
3378 1445 60.4651
3378 1373 65.1163
3378 1367 61.2613
3378 1339 60.6061
3378 1260 62.7119
3378 1252 63.3333
3378 1226 60.1626
3378 1221 62.5
3378 1196 64.4068
3378 1192 66.6667
3378 1158 64.5669
3378 1114 60.9375
3378 1058 60.6557
3378 1057 65
3378 1036 62.0155
3378 992 62.0155
3378 987 63.7168
3378 981 63.3333
3378 949 60.8696
3378 931 67.2269
3378 924 67.8261
3378 909 65.0794
3378 870 60.4651
3378 869 60
3378 852 61.9469
3378 815 60.1942
3378 801 62.7119
3378 797 60.6061
3378 761 66.1017
3378 734 60.1626
3378 732 64.4068
3378 698 62.9032
3378 599 63.8655
3378 587 64.4628
3378 565 63.5659
3378 478 61.9469
3378 407 64.9123
3378 404 60.1626
3378 361 63.5659
3378 358 63.5659
3378 343 64.5669
3378 331 61.7886
3378 310 61.0169
3378 263 61.4035
3378 252 61.4035
3378 251 66.6667
3378 148 60
3378 132 60.5505
3378 104 61.7886
3378 51 60.6061
3378 34 61.0687
3378 11 60
0 0
1 0
2 0
3 0
4 0
5 0
6 0
7 0
8 0
9 0
10 0
11 0
12 0
13 0
14 0
15 3
16 0
17 1
18 8
19 0
20 29
21 2
22 28
23 39
24 23
25 66
26 21
27 63
28 82
29 53
30 100
31 81
32 86
33 89
34 60
35 93
36 103
37 104
38 108
39 97
40 100
41 102
42 77
43 107
44 89
45 101
46 119
47 100
48 85
49 90
50 144
51 82
52 104
53 106
54 111
55 74
56 82
57 86
58 55
59 50
60 56
61 32
62 21
63 16
64 11
65 10
66 11
67 10
68 3
69 4
70 0
71 0
72 0
73 0
74 0
75 0
76 0
77 0
78 0
79 0
80 0
81 0
82 0
83 0
84 0
85 0
86 0
87 0
88 0
89 0
90 0
91 0
92 0
93 0
94 0
95 0
96 0
97 0
98 0
99 0
100 0
101 0
16
18741
