12
3482 2689 60.4651
3482 2554 61.7647
3482 2499 60.241
3482 2005 60
3482 1895 64.5161
3482 1871 60
3482 1497 60.241
3482 1278 61.3636
3482 839 60.6742
3482 664 60.2151
3482 629 63.4146
3482 476 64.9351
0 0
1 0
2 0
3 0
4 0
5 0
6 0
7 0
8 0
9 0
10 0
11 1
12 1
13 0
14 3
15 21
16 5
17 8
18 28
19 38
20 12
21 27
22 62
23 59
24 40
25 66
26 65
27 67
28 75
29 83
30 114
31 97
32 90
33 145
34 127
35 98
36 137
37 124
38 144
39 148
40 172
41 109
42 164
43 136
44 142
45 116
46 121
47 83
48 113
49 87
50 82
51 39
52 50
53 43
54 38
55 24
56 16
57 11
58 10
59 15
60 15
61 5
62 2
63 0
64 1
65 2
66 0
67 0
68 0
69 0
70 0
71 0
72 0
73 0
74 0
75 0
76 0
77 0
78 0
79 0
80 0
81 0
82 0
83 0
84 0
85 0
86 0
87 0
88 0
89 0
90 0
91 0
92 0
93 0
94 0
95 0
96 0
97 0
98 0
99 0
100 0
101 0
12
20055
