1
3431 3405 61.1111
0 0
1 0
2 0
3 0
4 0
5 2
6 10
7 6
8 1
9 4
10 8
11 20
12 47
13 62
14 32
15 30
16 57
17 64
18 112
19 105
20 138
21 81
22 127
23 162
24 148
25 224
26 124
27 144
28 186
29 143
30 192
31 128
32 161
33 103
34 104
35 106
36 89
37 83
38 72
39 46
40 72
41 27
42 42
43 29
44 31
45 26
46 14
47 11
48 12
49 4
50 14
51 1
52 6
53 5
54 3
55 3
56 1
57 3
58 2
59 0
60 2
61 0
62 1
63 0
64 0
65 0
66 0
67 0
68 0
69 0
70 0
71 0
72 0
73 0
74 0
75 0
76 0
77 0
78 0
79 0
80 0
81 0
82 0
83 0
84 0
85 0
86 0
87 0
88 0
89 0
90 0
91 0
92 0
93 0
94 0
95 0
96 0
97 0
98 0
99 0
100 0
101 0
12
19373
