5
3459 2355 60.4651
3459 1205 60
3459 1148 60.3774
3459 520 65.1163
3459 351 63.8298
0 0
1 0
2 0
3 0
4 0
5 4
6 0
7 0
8 2
9 6
10 32
11 11
12 10
13 6
14 30
15 42
16 49
17 17
18 63
19 46
20 99
21 53
22 102
23 68
24 121
25 137
26 109
27 122
28 157
29 129
30 175
31 161
32 156
33 145
34 121
35 168
36 141
37 118
38 111
39 111
40 136
41 33
42 88
43 81
44 55
45 48
46 25
47 25
48 33
49 16
50 24
51 7
52 15
53 18
54 5
55 7
56 7
57 3
58 0
59 3
60 3
61 2
62 0
63 0
64 1
65 0
66 1
67 0
68 0
69 0
70 0
71 0
72 0
73 0
74 0
75 0
76 0
77 0
78 0
79 0
80 0
81 0
82 0
83 0
84 0
85 0
86 0
87 0
88 0
89 0
90 0
91 0
92 0
93 0
94 0
95 0
96 0
97 0
98 0
99 0
100 0
101 0
10
19757
