0
0 0
1 0
2 0
3 0
4 0
5 0
6 0
7 0
8 0
9 0
10 0
11 0
12 1
13 2
14 0
15 3
16 15
17 9
18 8
19 25
20 38
21 29
22 26
23 40
24 81
25 82
26 44
27 75
28 78
29 85
30 133
31 86
32 150
33 138
34 110
35 115
36 175
37 159
38 151
39 150
40 201
41 91
42 158
43 126
44 138
45 117
46 123
47 79
48 76
49 64
50 74
51 35
52 34
53 35
54 23
55 16
56 15
57 11
58 5
59 3
60 3
61 3
62 2
63 0
64 0
65 0
66 1
67 0
68 0
69 0
70 0
71 0
72 0
73 0
74 0
75 0
76 0
77 0
78 0
79 0
80 0
81 0
82 0
83 0
84 0
85 0
86 0
87 0
88 0
89 0
90 0
91 0
92 0
93 0
94 0
95 0
96 0
97 0
98 0
99 0
100 0
101 0
12
20381
