0
0 0
1 0
2 0
3 0
4 0
5 0
6 0
7 0
8 0
9 0
10 0
11 0
12 0
13 0
14 0
15 0
16 0
17 0
18 3
19 1
20 0
21 16
22 16
23 6
24 32
25 39
26 18
27 69
28 63
29 65
30 58
31 116
32 59
33 108
34 83
35 96
36 136
37 90
38 155
39 125
40 140
41 110
42 120
43 119
44 129
45 119
46 122
47 132
48 127
49 132
50 163
51 73
52 148
53 92
54 104
55 62
56 63
57 43
58 34
59 18
60 12
61 10
62 6
63 3
64 3
65 5
66 0
67 1
68 0
69 0
70 0
71 0
72 0
73 0
74 0
75 0
76 0
77 0
78 0
79 0
80 0
81 0
82 0
83 0
84 0
85 0
86 0
87 0
88 0
89 0
90 0
91 0
92 0
93 0
94 0
95 0
96 0
97 0
98 0
99 0
100 0
101 0
14
20417
