0
0 0
1 0
2 0
3 0
4 0
5 0
6 0
7 0
8 0
9 0
10 0
11 0
12 0
13 0
14 1
15 6
16 0
17 9
18 13
19 0
20 28
21 26
22 26
23 36
24 44
25 48
26 59
27 59
28 56
29 104
30 77
31 69
32 104
33 97
34 77
35 131
36 103
37 116
38 117
39 116
40 148
41 71
42 149
43 99
44 114
45 135
46 127
47 121
48 123
49 97
50 148
51 73
52 105
53 84
54 82
55 64
56 66
57 54
58 42
59 34
60 26
61 18
62 15
63 10
64 10
65 3
66 5
67 2
68 2
69 1
70 1
71 0
72 0
73 0
74 0
75 0
76 0
77 0
78 0
79 0
80 0
81 0
82 0
83 0
84 0
85 0
86 0
87 0
88 0
89 0
90 0
91 0
92 0
93 0
94 0
95 0
96 0
97 0
98 0
99 0
100 0
101 0
16
21727
