11
358 357 64.9123
358 354 61.157
358 343 61.9048
358 337 66.1157
358 331 62.2951
358 249 62.9032
358 185 64.6154
358 112 73.4375
358 89 61.2613
358 41 64.1221
358 34 66.1538
0 0
1 0
2 0
3 0
4 0
5 0
6 0
7 0
8 0
9 0
10 0
11 0
12 0
13 0
14 0
15 1
16 1
17 0
18 2
19 0
20 1
21 3
22 2
23 5
24 0
25 3
26 5
27 5
28 11
29 5
30 9
31 14
32 10
33 8
34 7
35 10
36 11
37 12
38 10
39 7
40 9
41 10
42 10
43 7
44 17
45 16
46 15
47 8
48 15
49 4
50 16
51 9
52 12
53 5
54 7
55 7
56 10
57 7
58 9
59 6
60 5
61 0
62 3
63 2
64 0
65 3
66 0
67 2
68 0
69 0
70 0
71 0
72 0
73 0
74 1
75 0
76 0
77 0
78 0
79 0
80 0
81 0
82 0
83 0
84 0
85 0
86 0
87 0
88 0
89 0
90 0
91 0
92 0
93 0
94 0
95 0
96 0
97 0
98 0
99 0
100 0
101 0
1
59
