3
3526 2808 60
3526 1633 63.1579
3526 597 60
0 2
1 0
2 0
3 0
4 0
5 0
6 2
7 6
8 0
9 0
10 16
11 20
12 34
13 57
14 47
15 29
16 71
17 62
18 119
19 128
20 161
21 100
22 134
23 165
24 174
25 245
26 156
27 174
28 223
29 128
30 144
31 130
32 167
33 118
34 111
35 81
36 85
37 69
38 68
39 45
40 54
41 17
42 24
43 23
44 23
45 11
46 27
47 13
48 16
49 10
50 9
51 1
52 7
53 3
54 3
55 4
56 2
57 1
58 1
59 2
60 2
61 0
62 0
63 0
64 1
65 0
66 0
67 0
68 0
69 0
70 0
71 0
72 0
73 0
74 0
75 0
76 0
77 0
78 0
79 0
80 0
81 0
82 0
83 0
84 0
85 0
86 0
87 0
88 0
89 0
90 0
91 0
92 0
93 0
94 0
95 0
96 0
97 0
98 0
99 0
100 0
101 0
8
20658
