20
3510 3433 64
3510 3363 60.3774
3510 2959 61.1765
3510 2827 62.1622
3510 2803 63.3663
3510 2660 62.7451
3510 2562 62.3656
3510 2211 61.7284
3510 2206 64.8649
3510 1880 65.9341
3510 1878 61.1765
3510 1741 60.2151
3510 1552 61.9718
3510 1516 61.3861
3510 1114 60.9524
3510 1048 60.274
3510 669 60.6742
3510 419 63.5294
3510 129 60.6061
3510 86 60.4651
0 0
1 0
2 0
3 0
4 0
5 0
6 0
7 0
8 0
9 0
10 0
11 0
12 0
13 0
14 6
15 1
16 1
17 15
18 15
19 7
20 28
21 30
22 32
23 43
24 42
25 73
26 30
27 64
28 84
29 80
30 82
31 106
32 97
33 88
34 114
35 121
36 102
37 145
38 126
39 121
40 225
41 97
42 152
43 150
44 160
45 113
46 150
47 111
48 124
49 88
50 120
51 50
52 80
53 35
54 60
55 33
56 28
57 22
58 25
59 6
60 7
61 7
62 5
63 3
64 3
65 1
66 1
67 0
68 0
69 0
70 0
71 0
72 0
73 0
74 0
75 0
76 0
77 0
78 0
79 0
80 0
81 0
82 0
83 0
84 0
85 0
86 0
87 0
88 0
89 0
90 0
91 0
92 0
93 0
94 0
95 0
96 0
97 0
98 0
99 0
100 0
101 0
13
20446
