18
3669 3205 62.3656
3669 2975 64.9351
3669 2913 67.6056
3669 2776 67.4699
3669 2745 61.2903
3669 2566 60.3175
3669 2285 60.7595
3669 2082 63.8298
3669 1980 63.7681
3669 1839 66.6667
3669 1628 60.8696
3669 1368 62.6263
3669 1321 63.6364
3669 988 61.7284
3669 821 63.5294
3669 445 62.1622
3669 429 60
3669 82 60.2151
0 0
1 0
2 0
3 0
4 0
5 0
6 0
7 0
8 3
9 0
10 0
11 3
12 23
13 0
14 4
15 20
16 45
17 10
18 15
19 44
20 69
21 21
22 47
23 60
24 89
25 82
26 77
27 78
28 111
29 103
30 124
31 107
32 156
33 107
34 138
35 148
36 154
37 137
38 181
39 137
40 175
41 126
42 106
43 108
44 122
45 122
46 96
47 65
48 90
49 73
50 78
51 40
52 36
53 26
54 24
55 22
56 19
57 10
58 10
59 6
60 4
61 4
62 2
63 3
64 4
65 1
66 0
67 1
68 2
69 0
70 0
71 0
72 0
73 0
74 0
75 0
76 0
77 0
78 0
79 0
80 0
81 0
82 0
83 0
84 0
85 0
86 0
87 0
88 0
89 0
90 0
91 0
92 0
93 0
94 0
95 0
96 0
97 0
98 0
99 0
100 0
101 0
16
22712
