8
3686 3207 62.963
3686 3086 61.2903
3686 3076 64.7059
3686 2377 63.3333
3686 2371 60.4651
3686 1621 61.9048
3686 268 62.8571
3686 163 67.8571
0 0
1 0
2 0
3 0
4 0
5 0
6 0
7 0
8 0
9 5
10 10
11 1
12 2
13 10
14 42
15 13
16 20
17 28
18 49
19 50
20 57
21 37
22 77
23 74
24 116
25 93
26 73
27 123
28 159
29 146
30 156
31 121
32 191
33 171
34 132
35 170
36 162
37 141
38 132
39 144
40 198
41 70
42 109
43 104
44 86
45 86
46 55
47 65
48 56
49 24
50 34
51 22
52 18
53 14
54 11
55 6
56 5
57 1
58 4
59 2
60 2
61 1
62 2
63 2
64 1
65 1
66 0
67 0
68 1
69 0
70 0
71 0
72 0
73 0
74 0
75 0
76 0
77 0
78 0
79 0
80 0
81 0
82 0
83 0
84 0
85 0
86 0
87 0
88 0
89 0
90 0
91 0
92 0
93 0
94 0
95 0
96 0
97 0
98 0
99 0
100 0
101 0
11
22980
