0
0 0
1 0
2 0
3 0
4 0
5 1
6 0
7 0
8 0
9 2
10 11
11 0
12 3
13 5
14 28
15 44
16 13
17 21
18 38
19 61
20 71
21 49
22 62
23 79
24 98
25 139
26 71
27 121
28 128
29 115
30 191
31 140
32 173
33 147
34 164
35 198
36 156
37 135
38 173
39 120
40 148
41 105
42 99
43 70
44 78
45 73
46 60
47 38
48 41
49 25
50 41
51 3
52 16
53 10
54 6
55 7
56 3
57 2
58 8
59 2
60 2
61 0
62 4
63 0
64 1
65 1
66 0
67 0
68 0
69 0
70 0
71 0
72 0
73 0
74 0
75 0
76 0
77 0
78 0
79 0
80 0
81 0
82 0
83 0
84 0
85 0
86 0
87 0
88 0
89 0
90 0
91 0
92 0
93 0
94 0
95 0
96 0
97 0
98 0
99 0
100 0
101 0
10
22354
