5
3685 2174 64.8649
3685 1970 60
3685 1694 61.2245
3685 393 63.1579
3685 43 62.7451
0 0
1 0
2 0
3 0
4 0
5 1
6 3
7 0
8 2
9 4
10 10
11 36
12 8
13 7
14 34
15 46
16 60
17 49
18 41
19 53
20 110
21 70
22 129
23 100
24 128
25 158
26 105
27 154
28 192
29 149
30 190
31 138
32 192
33 157
34 142
35 148
36 133
37 126
38 109
39 98
40 156
41 50
42 59
43 56
44 67
45 40
46 32
47 18
48 28
49 23
50 28
51 6
52 6
53 1
54 5
55 9
56 5
57 1
58 3
59 2
60 3
61 0
62 1
63 1
64 1
65 1
66 0
67 0
68 0
69 0
70 0
71 0
72 0
73 0
74 0
75 0
76 0
77 0
78 0
79 0
80 0
81 0
82 0
83 0
84 0
85 0
86 0
87 0
88 0
89 0
90 0
91 0
92 0
93 0
94 0
95 0
96 0
97 0
98 0
99 0
100 0
101 0
10
22969
