0
0 0
1 0
2 0
3 0
4 0
5 0
6 0
7 0
8 0
9 0
10 0
11 6
12 1
13 1
14 2
15 23
16 2
17 12
18 30
19 21
20 29
21 38
22 65
23 45
24 38
25 71
26 78
27 62
28 85
29 105
30 135
31 75
32 115
33 162
34 88
35 128
36 156
37 120
38 147
39 147
40 150
41 108
42 170
43 109
44 128
45 132
46 125
47 92
48 109
49 82
50 94
51 43
52 66
53 56
54 42
55 30
56 21
57 24
58 13
59 12
60 10
61 5
62 3
63 1
64 3
65 0
66 1
67 2
68 0
69 0
70 0
71 0
72 0
73 0
74 0
75 0
76 0
77 0
78 0
79 0
80 0
81 0
82 0
83 0
84 0
85 0
86 0
87 0
88 0
89 0
90 0
91 0
92 0
93 0
94 0
95 0
96 0
97 0
98 0
99 0
100 0
101 0
13
22591
