4
3642 2161 63.8298
3642 1607 66.6667
3642 1446 71.4286
3642 215 60.4651
0 0
1 0
2 0
3 0
4 0
5 1
6 2
7 0
8 0
9 5
10 8
11 27
12 8
13 9
14 25
15 48
16 58
17 56
18 37
19 53
20 97
21 62
22 118
23 129
24 132
25 170
26 113
27 134
28 180
29 169
30 173
31 144
32 189
33 186
34 126
35 159
36 142
37 131
38 89
39 75
40 130
41 58
42 62
43 56
44 71
45 49
46 22
47 9
48 27
49 28
50 24
51 4
52 13
53 6
54 7
55 5
56 4
57 2
58 2
59 2
60 1
61 1
62 0
63 0
64 1
65 0
66 0
67 1
68 0
69 0
70 0
71 0
72 1
73 0
74 0
75 0
76 0
77 0
78 0
79 0
80 0
81 0
82 0
83 0
84 0
85 0
86 0
87 0
88 0
89 0
90 0
91 0
92 0
93 0
94 0
95 0
96 0
97 0
98 0
99 0
100 0
101 0
16
22227
