0
0 0
1 0
2 0
3 0
4 0
5 0
6 0
7 0
8 0
9 0
10 0
11 0
12 3
13 5
14 0
15 6
16 22
17 12
18 8
19 20
20 51
21 31
22 32
23 43
24 82
25 78
26 46
27 70
28 91
29 97
30 133
31 102
32 127
33 163
34 142
35 135
36 178
37 151
38 169
39 177
40 221
41 106
42 171
43 131
44 145
45 105
46 109
47 81
48 75
49 60
50 83
51 41
52 34
53 26
54 21
55 23
56 14
57 4
58 10
59 3
60 9
61 1
62 0
63 1
64 3
65 0
66 0
67 0
68 0
69 0
70 0
71 0
72 0
73 0
74 0
75 0
76 0
77 0
78 0
79 0
80 0
81 0
82 0
83 0
84 0
85 0
86 0
87 0
88 0
89 0
90 0
91 0
92 0
93 0
94 0
95 0
96 0
97 0
98 0
99 0
100 0
101 0
12
23026
