44
3621 3607 60.9524
3621 3397 60
3621 3341 60.9524
3621 3254 61.2613
3621 2983 60.8696
3621 2963 67.3913
3621 2878 61.0526
3621 2849 60.8696
3621 2837 63.4615
3621 2835 66.6667
3621 2789 63.3663
3621 2776 62.6263
3621 2689 62.6263
3621 2655 60.1942
3621 2606 69.0265
3621 2543 62.3656
3621 2334 66.6667
3621 2299 60.9524
3621 2278 62.1359
3621 2234 62.7119
3621 2229 60.5505
3621 2158 61.4035
3621 2066 60.5505
3621 1996 64.6465
3621 1961 61.0169
3621 1889 62.8571
3621 1680 62.3656
3621 1606 67.8261
3621 1605 60.6742
3621 1521 60.6061
3621 1407 64
3621 1283 64.7059
3621 1187 60.3448
3621 1140 65.3061
3621 1073 62.1359
3621 1020 63.1579
3621 963 60.9524
3621 632 64.1509
3621 538 64.2202
3621 528 60.9524
3621 514 60.8696
3621 203 61.5385
3621 87 62.6263
3621 11 60.3448
0 0
1 0
2 0
3 0
4 0
5 0
6 0
7 0
8 0
9 0
10 0
11 0
12 0
13 0
14 0
15 4
16 2
17 0
18 15
19 3
20 8
21 29
22 26
23 28
24 57
25 31
26 42
27 79
28 79
29 86
30 81
31 95
32 84
33 149
34 67
35 116
36 113
37 105
38 138
39 102
40 175
41 99
42 107
43 137
44 162
45 120
46 148
47 105
48 144
49 134
50 126
51 101
52 84
53 81
54 76
55 66
56 63
57 26
58 39
59 25
60 20
61 15
62 5
63 9
64 4
65 4
66 1
67 2
68 2
69 0
70 1
71 0
72 0
73 0
74 0
75 0
76 0
77 0
78 0
79 0
80 0
81 0
82 0
83 0
84 0
85 0
86 0
87 0
88 0
89 0
90 0
91 0
92 0
93 0
94 0
95 0
96 0
97 0
98 0
99 0
100 0
101 0
16
21905
