0
0 0
1 0
2 0
3 0
4 0
5 1
6 13
7 11
8 0
9 7
10 21
11 17
12 57
13 32
14 42
15 45
16 55
17 72
18 144
19 94
20 156
21 74
22 162
23 183
24 168
25 206
26 99
27 181
28 193
29 171
30 206
31 175
32 174
33 111
34 126
35 134
36 96
37 81
38 81
39 49
40 75
41 21
42 29
43 37
44 40
45 31
46 13
47 10
48 19
49 15
50 15
51 1
52 2
53 10
54 4
55 3
56 1
57 3
58 2
59 0
60 0
61 0
62 2
63 0
64 1
65 0
66 0
67 0
68 0
69 0
70 0
71 0
72 0
73 0
74 0
75 0
76 0
77 0
78 0
79 0
80 0
81 0
82 0
83 0
84 0
85 0
86 0
87 0
88 0
89 0
90 0
91 0
92 0
93 0
94 0
95 0
96 0
97 0
98 0
99 0
100 0
101 0
10
24626
