0
0 0
1 0
2 0
3 0
4 0
5 0
6 0
7 0
8 0
9 4
10 0
11 0
12 4
13 16
14 11
15 3
16 26
17 30
18 45
19 18
20 39
21 62
22 71
23 53
24 72
25 102
26 72
27 110
28 106
29 104
30 122
31 159
32 151
33 126
34 178
35 167
36 147
37 123
38 173
39 140
40 179
41 123
42 134
43 112
44 120
45 97
46 77
47 73
48 82
49 61
50 56
51 29
52 37
53 18
54 14
55 20
56 11
57 11
58 9
59 7
60 4
61 2
62 1
63 1
64 1
65 0
66 1
67 1
68 0
69 0
70 0
71 0
72 0
73 0
74 0
75 0
76 0
77 0
78 0
79 0
80 0
81 0
82 0
83 0
84 0
85 0
86 0
87 0
88 0
89 0
90 0
91 0
92 0
93 0
94 0
95 0
96 0
97 0
98 0
99 0
100 0
101 0
11
23847
