55
3729 3707 64
3729 3621 64.0777
3729 3507 62.2642
3729 3371 63.9175
3729 3288 63.0631
3729 3177 63.7363
3729 3159 61.8557
3729 3097 60
3729 3063 62.6263
3729 2780 61.1111
3729 2727 63.7931
3729 2682 62.1359
3729 2663 60
3729 2655 61.5385
3729 2628 63.2653
3729 2613 60.7843
3729 2586 60
3729 2392 60.7843
3729 2263 60
3729 2241 61.5385
3729 2157 62.6087
3729 2121 62
3729 2066 61.8182
3729 2014 60.5042
3729 2011 64.7619
3729 1965 62.6087
3729 1961 60.5042
3729 1950 60.8696
3729 1918 61.2613
3729 1609 60.7143
3729 1421 62
3729 1410 65.9794
3729 1409 62
3729 1300 61.8557
3729 1260 64.7619
3729 1252 65.4206
3729 1234 60
3729 1114 62.6087
3729 1062 60.3774
3729 761 62.8571
3729 742 62.2642
3729 709 66.087
3729 658 63.0631
3729 538 60
3729 526 60
3729 514 65.5172
3729 354 66.055
3729 337 62.3853
3729 336 60
3729 203 62.7119
3729 121 61.5385
3729 87 70
3729 84 63.2653
3729 66 61.3636
3729 29 66.0194
0 0
1 0
2 0
3 0
4 0
5 0
6 0
7 0
8 0
9 0
10 0
11 0
12 0
13 0
14 0
15 3
16 0
17 0
18 21
19 2
20 16
21 26
22 14
23 36
24 51
25 25
26 45
27 88
28 65
29 97
30 105
31 85
32 104
33 103
34 90
35 144
36 91
37 120
38 144
39 90
40 181
41 89
42 143
43 130
44 137
45 111
46 144
47 113
48 123
49 123
50 159
51 96
52 94
53 107
54 83
55 76
56 65
57 50
58 38
59 28
60 26
61 7
62 12
63 10
64 8
65 3
66 3
67 3
68 0
69 0
70 1
71 0
72 0
73 0
74 0
75 0
76 0
77 0
78 0
79 0
80 0
81 0
82 0
83 0
84 0
85 0
86 0
87 0
88 0
89 0
90 0
91 0
92 0
93 0
94 0
95 0
96 0
97 0
98 0
99 0
100 0
101 0
16
23536
