0
0 0
1 0
2 0
3 0
4 0
5 0
6 0
7 0
8 0
9 0
10 0
11 0
12 0
13 0
14 4
15 0
16 10
17 5
18 4
19 30
20 8
21 29
22 46
23 16
24 64
25 44
26 64
27 65
28 80
29 81
30 95
31 66
32 131
33 84
34 81
35 133
36 78
37 138
38 101
39 91
40 138
41 111
42 106
43 120
44 127
45 111
46 125
47 118
48 125
49 120
50 144
51 102
52 98
53 106
54 90
55 89
56 75
57 71
58 50
59 42
60 33
61 29
62 23
63 18
64 7
65 6
66 4
67 6
68 4
69 0
70 2
71 1
72 1
73 0
74 0
75 0
76 0
77 0
78 0
79 0
80 0
81 0
82 0
83 0
84 0
85 0
86 0
87 0
88 0
89 0
90 0
91 0
92 0
93 0
94 0
95 0
96 0
97 0
98 0
99 0
100 0
101 0
18
24322
