8
3745 3653 60.274
3745 3067 60
3745 2376 64
3745 2314 63.8298
3745 1793 60.8696
3745 612 60.7143
3745 133 63.7681
3745 25 61.8182
0 0
1 0
2 0
3 0
4 0
5 1
6 0
7 0
8 1
9 6
10 9
11 0
12 4
13 14
14 38
15 26
16 14
17 20
18 41
19 63
20 68
21 41
22 58
23 102
24 115
25 112
26 78
27 128
28 139
29 123
30 176
31 137
32 183
33 204
34 185
35 182
36 156
37 144
38 163
39 117
40 173
41 77
42 107
43 75
44 87
45 65
46 54
47 41
48 50
49 47
50 28
51 15
52 17
53 13
54 7
55 11
56 11
57 3
58 4
59 2
60 2
61 3
62 1
63 0
64 3
65 0
66 0
67 0
68 0
69 0
70 0
71 0
72 0
73 0
74 0
75 0
76 0
77 0
78 0
79 0
80 0
81 0
82 0
83 0
84 0
85 0
86 0
87 0
88 0
89 0
90 0
91 0
92 0
93 0
94 0
95 0
96 0
97 0
98 0
99 0
100 0
101 0
12
23751
