53
3842 3724 60.7843
3842 3715 60.8696
3842 3665 63.0631
3842 3595 61.0169
3842 3547 60
3842 3417 60.1942
3842 3415 60.6742
3842 3370 62.1359
3842 3363 60.8696
3842 3350 60.2151
3842 3078 60
3842 2951 64.1509
3842 2935 63.6364
3842 2862 63.4615
3842 2819 60.5505
3842 2774 61.4035
3842 2730 60.1942
3842 2526 60.9524
3842 2427 62.963
3842 2403 60.241
3842 2350 60.8696
3842 2248 63.3663
3842 2229 60.5505
3842 2215 61.8182
3842 2183 63.7931
3842 2172 61.2613
3842 2139 60.4167
3842 2028 60.6061
3842 1935 60
3842 1873 62.8571
3842 1820 60.9524
3842 1816 60.3774
3842 1814 60
3842 1731 61.3861
3842 1606 60.8696
3842 1600 60
3842 1583 62.7119
3842 1563 63.1579
3842 1511 62.2642
3842 1418 62.5
3842 1120 61.5385
3842 910 65.9341
3842 840 62.8571
3842 832 64.1509
3842 782 60
3842 698 60
3842 689 61.1111
3842 677 60.7143
3842 669 61.2245
3842 632 60.3774
3842 560 66
3842 503 61.6822
3842 324 60.1942
0 0
1 0
2 0
3 0
4 0
5 0
6 0
7 0
8 0
9 0
10 0
11 0
12 0
13 0
14 0
15 0
16 0
17 0
18 6
19 2
20 5
21 19
22 10
23 18
24 54
25 21
26 29
27 74
28 58
29 79
30 99
31 75
32 90
33 119
34 80
35 122
36 133
37 118
38 147
39 102
40 178
41 122
42 112
43 136
44 144
45 152
46 166
47 104
48 150
49 162
50 172
51 109
52 132
53 84
54 89
55 74
56 79
57 68
58 43
59 36
60 23
61 20
62 9
63 7
64 6
65 2
66 2
67 0
68 0
69 0
70 0
71 0
72 0
73 0
74 0
75 0
76 0
77 0
78 0
79 0
80 0
81 0
82 0
83 0
84 0
85 0
86 0
87 0
88 0
89 0
90 0
91 0
92 0
93 0
94 0
95 0
96 0
97 0
98 0
99 0
100 0
101 0
19
25175
