0
0 0
1 0
2 0
3 0
4 0
5 0
6 0
7 0
8 0
9 2
10 6
11 4
12 2
13 3
14 17
15 41
16 48
17 9
18 32
19 47
20 111
21 55
22 87
23 66
24 113
25 148
26 104
27 133
28 153
29 110
30 180
31 166
32 201
33 171
34 168
35 191
36 184
37 152
38 161
39 153
40 188
41 49
42 112
43 88
44 68
45 47
46 40
47 32
48 43
49 11
50 37
51 14
52 12
53 14
54 6
55 5
56 5
57 4
58 9
59 1
60 5
61 3
62 3
63 0
64 1
65 1
66 0
67 0
68 0
69 0
70 0
71 0
72 0
73 0
74 0
75 0
76 0
77 0
78 0
79 0
80 0
81 0
82 0
83 0
84 0
85 0
86 0
87 0
88 0
89 0
90 0
91 0
92 0
93 0
94 0
95 0
96 0
97 0
98 0
99 0
100 0
101 0
10
25219
