24
3871 3816 60.6742
3871 3229 61.7647
3871 3158 62.5
3871 3052 61.9048
3871 2867 63.2653
3871 2685 61.2245
3871 2590 60.4651
3871 2446 61.3636
3871 2254 62
3871 2151 65.1163
3871 2059 60.6061
3871 1943 60.5263
3871 1885 61.0526
3871 1842 61.7647
3871 1355 65.1163
3871 1259 61.1111
3871 1194 60.4651
3871 1188 61.5385
3871 1124 62.8571
3871 964 62.069
3871 769 62.1622
3871 405 68.3544
3871 175 60
3871 69 60
0 0
1 0
2 0
3 0
4 0
5 0
6 0
7 0
8 0
9 0
10 0
11 0
12 0
13 0
14 4
15 6
16 0
17 6
18 15
19 4
20 23
21 34
22 41
23 33
24 47
25 84
26 31
27 60
28 69
29 105
30 113
31 83
32 161
33 116
34 133
35 148
36 124
37 119
38 169
39 142
40 201
41 116
42 159
43 162
44 183
45 140
46 134
47 121
48 112
49 105
50 137
51 57
52 79
53 60
54 54
55 48
56 38
57 21
58 21
59 11
60 19
61 5
62 9
63 4
64 1
65 0
66 2
67 0
68 0
69 1
70 0
71 0
72 0
73 0
74 0
75 0
76 0
77 0
78 0
79 0
80 0
81 0
82 0
83 0
84 0
85 0
86 0
87 0
88 0
89 0
90 0
91 0
92 0
93 0
94 0
95 0
96 0
97 0
98 0
99 0
100 0
101 0
14
25636
