85
3810 3801 60
3810 3796 62.7451
3810 3795 60
3810 3729 60.3774
3810 3701 61.6667
3810 3666 64.2857
3810 3647 60
3810 3618 61.1111
3810 3610 61.5385
3810 3591 60.5505
3810 3522 61.1111
3810 3510 66.6667
3810 3490 62.6263
3810 3445 61.5385
3810 3433 62.5
3810 3401 60.2151
3810 3381 60
3810 3221 64.9573
3810 3153 60.3774
3810 3093 60.3774
3810 3078 63.7168
3810 3051 61.5385
3810 2983 62.7119
3810 2977 60.5505
3810 2886 60.8696
3810 2803 65.4867
3810 2789 61.5385
3810 2776 66.6667
3810 2727 66.1017
3810 2678 61.5385
3810 2660 68.4211
3810 2602 66.6667
3810 2597 60.6742
3810 2586 62.5
3810 2572 61.4035
3810 2546 61.9469
3810 2512 62.5
3810 2380 63.9175
3810 2299 61.1111
3810 2264 65.4545
3810 2239 63.4615
3810 2228 60.6061
3810 2212 61.6667
3810 2206 62.7907
3810 2157 61.5385
3810 2147 60.3448
3810 2095 61.5385
3810 2060 64.4628
3810 2025 60.6742
3810 2009 60
3810 1979 63.2653
3810 1965 64.9573
3810 1946 60
3810 1924 69.8113
3810 1918 60.177
3810 1833 60
3810 1741 66.6667
3810 1702 62.7119
3810 1665 61.5385
3810 1410 64.6465
3810 1409 64.7059
3810 1376 62.8571
3810 1373 61.0169
3810 1339 62.8099
3810 1329 60.177
3810 1325 62.8571
3810 1322 63.7168
3810 1259 61.157
3810 1253 60.3448
3810 1188 61.5385
3810 1114 66.6667
3810 1109 61.2245
3810 923 61.3861
3810 609 60.7843
3810 600 67.2727
3810 579 61.9469
3810 457 62.5
3810 386 65.4545
3810 343 62.069
3810 336 60.7143
3810 281 61.5385
3810 244 63.7168
3810 84 64
3810 67 62.8571
3810 8 61.9469
0 0
1 0
2 0
3 0
4 0
5 0
6 0
7 0
8 0
9 0
10 0
11 0
12 0
13 0
14 0
15 2
16 0
17 13
18 8
19 8
20 37
21 17
22 18
23 60
24 53
25 51
26 65
27 51
28 68
29 111
30 65
31 101
32 98
33 90
34 110
35 115
36 108
37 131
38 119
39 119
40 129
41 107
42 128
43 119
44 145
45 140
46 132
47 142
48 124
49 117
50 148
51 81
52 112
53 81
54 98
55 68
56 80
57 44
58 52
59 32
60 34
61 16
62 23
63 14
64 7
65 6
66 3
67 6
68 1
69 1
70 1
71 0
72 0
73 0
74 0
75 0
76 0
77 0
78 0
79 0
80 0
81 0
82 0
83 0
84 0
85 0
86 0
87 0
88 0
89 0
90 0
91 0
92 0
93 0
94 0
95 0
96 0
97 0
98 0
99 0
100 0
101 0
16
24651
