0
0 0
1 0
2 0
3 0
4 0
5 0
6 0
7 0
8 0
9 0
10 0
11 0
12 0
13 0
14 0
15 0
16 2
17 3
18 2
19 13
20 15
21 8
22 34
23 31
24 17
25 72
26 57
27 47
28 70
29 117
30 79
31 101
32 121
33 76
34 109
35 135
36 97
37 139
38 160
39 113
40 194
41 87
42 151
43 139
44 161
45 143
46 152
47 153
48 149
49 137
50 141
51 90
52 106
53 86
54 71
55 62
56 60
57 51
58 30
59 21
60 28
61 8
62 9
63 2
64 4
65 4
66 1
67 2
68 0
69 0
70 0
71 0
72 0
73 0
74 0
75 0
76 0
77 0
78 0
79 0
80 0
81 0
82 0
83 0
84 0
85 0
86 0
87 0
88 0
89 0
90 0
91 0
92 0
93 0
94 0
95 0
96 0
97 0
98 0
99 0
100 0
101 0
16
25804
