0
0 0
1 0
2 0
3 0
4 0
5 0
6 0
7 0
8 0
9 0
10 0
11 0
12 0
13 0
14 0
15 8
16 0
17 1
18 13
19 8
20 15
21 34
22 28
23 34
24 66
25 40
26 41
27 83
28 73
29 79
30 96
31 103
32 94
33 125
34 65
35 133
36 119
37 93
38 151
39 116
40 169
41 122
42 108
43 134
44 142
45 115
46 166
47 114
48 134
49 131
50 158
51 83
52 109
53 111
54 85
55 83
56 65
57 47
58 38
59 27
60 32
61 20
62 11
63 14
64 3
65 3
66 2
67 1
68 4
69 0
70 0
71 0
72 1
73 0
74 0
75 0
76 0
77 0
78 0
79 0
80 0
81 0
82 0
83 0
84 0
85 0
86 0
87 0
88 0
89 0
90 0
91 0
92 0
93 0
94 0
95 0
96 0
97 0
98 0
99 0
100 0
101 0
16
25666
