0
0 0
1 0
2 0
3 0
4 0
5 0
6 0
7 0
8 0
9 0
10 1
11 4
12 0
13 2
14 12
15 12
16 5
17 28
18 36
19 14
20 45
21 50
22 62
23 38
24 68
25 115
26 50
27 74
28 88
29 104
30 80
31 91
32 157
33 115
34 115
35 138
36 107
37 142
38 152
39 137
40 222
41 122
42 149
43 164
44 169
45 120
46 125
47 120
48 129
49 70
50 115
51 51
52 69
53 51
54 33
55 42
56 30
57 22
58 24
59 10
60 8
61 6
62 5
63 5
64 0
65 2
66 1
67 0
68 0
69 0
70 1
71 0
72 0
73 0
74 0
75 0
76 0
77 0
78 0
79 0
80 0
81 0
82 0
83 0
84 0
85 0
86 0
87 0
88 0
89 0
90 0
91 0
92 0
93 0
94 0
95 0
96 0
97 0
98 0
99 0
100 0
101 0
19
26447
