59
3941 3841 65.4545
3941 3836 63.7168
3941 3805 62.6263
3941 3721 67.9245
3941 3720 67.2414
3941 3595 61.0169
3941 3542 64.8148
3941 3504 62.1359
3941 3399 61.5385
3941 3335 62.6263
3941 3330 60.2151
3941 3186 60.5505
3941 3182 62.2222
3941 3173 62.6087
3941 3169 60
3941 3128 64.3478
3941 3011 66.6667
3941 2891 64.2202
3941 2889 60.9524
3941 2766 60.1942
3941 2680 62
3941 2611 61.9469
3941 2587 65.4867
3941 2563 64.5161
3941 2542 60
3941 2532 64.3478
3941 2474 66.055
3941 2364 60.3448
3941 2356 60.3774
3941 2300 61.6822
3941 1918 60
3941 1856 60
3941 1723 62.3853
3941 1673 60.1942
3941 1609 61.2613
3941 1606 60.8696
3941 1468 60.8696
3941 1331 60
3941 1299 62.5
3941 1219 62.8571
3941 1169 62.6087
3941 1134 63.3663
3941 1086 63.3663
3941 1053 61.5385
3941 1031 64.2857
3941 1022 61.4035
3941 1007 60
3941 912 60.9524
3941 737 60.241
3941 720 65.3465
3941 718 60.4651
3941 660 60.2151
3941 659 64.4068
3941 643 60.8696
3941 593 60.2151
3941 514 60.8696
3941 431 66.6667
3941 357 69.3069
3941 155 60
0 0
1 0
2 0
3 0
4 0
5 0
6 0
7 0
8 0
9 0
10 0
11 0
12 0
13 0
14 0
15 7
16 2
17 2
18 18
19 5
20 13
21 43
22 23
23 24
24 54
25 44
26 39
27 75
28 59
29 92
30 98
31 100
32 112
33 139
34 83
35 139
36 135
37 113
38 160
39 95
40 175
41 113
42 123
43 137
44 173
45 124
46 177
47 138
48 157
49 122
50 160
51 107
52 112
53 92
54 83
55 49
56 51
57 32
58 30
59 31
60 28
61 16
62 8
63 9
64 3
65 7
66 3
67 3
68 2
69 0
70 1
71 0
72 0
73 0
74 0
75 0
76 0
77 0
78 0
79 0
80 0
81 0
82 0
83 0
84 0
85 0
86 0
87 0
88 0
89 0
90 0
91 0
92 0
93 0
94 0
95 0
96 0
97 0
98 0
99 0
100 0
101 0
17
26542
