0
0 0
1 0
2 0
3 0
4 0
5 0
6 0
7 0
8 0
9 0
10 0
11 5
12 0
13 2
14 10
15 27
16 3
17 27
18 51
19 17
20 32
21 42
22 69
23 43
24 55
25 86
26 58
27 65
28 94
29 125
30 123
31 81
32 143
33 130
34 129
35 151
36 137
37 132
38 174
39 151
40 181
41 101
42 139
43 149
44 173
45 144
46 120
47 123
48 98
49 97
50 116
51 48
52 64
53 53
54 41
55 39
56 37
57 27
58 15
59 13
60 7
61 9
62 5
63 1
64 3
65 1
66 2
67 0
68 3
69 0
70 0
71 0
72 0
73 1
74 0
75 0
76 0
77 0
78 0
79 0
80 0
81 0
82 0
83 0
84 0
85 0
86 0
87 0
88 0
89 0
90 0
91 0
92 0
93 0
94 0
95 0
96 0
97 0
98 0
99 0
100 0
101 0
15
27300
