23
3992 3883 62.069
3992 3360 60
3992 3356 60.2151
3992 2975 65
3992 2851 69.2308
3992 2725 61.1765
3992 2700 67.6923
3992 2607 62.1622
3992 1905 60.274
3992 1755 60
3992 1713 61.8557
3992 1533 63.1579
3992 1478 60.8696
3992 1436 61.3636
3992 1370 60.8696
3992 1198 60
3992 1005 61.3636
3992 645 63.8889
3992 556 63.6364
3992 524 60.2151
3992 411 61.3636
3992 322 60.4651
3992 232 60.7843
0 0
1 0
2 0
3 0
4 0
5 0
6 0
7 0
8 0
9 0
10 0
11 5
12 4
13 0
14 2
15 27
16 11
17 12
18 25
19 41
20 28
21 23
22 74
23 63
24 34
25 79
26 73
27 78
28 75
29 95
30 155
31 89
32 121
33 148
34 149
35 116
36 142
37 170
38 189
39 158
40 201
41 104
42 166
43 123
44 157
45 125
46 166
47 97
48 126
49 106
50 118
51 42
52 59
53 45
54 45
55 24
56 28
57 18
58 15
59 12
60 8
61 7
62 5
63 2
64 3
65 1
66 0
67 0
68 1
69 0
70 1
71 0
72 0
73 0
74 0
75 0
76 0
77 0
78 0
79 0
80 0
81 0
82 0
83 0
84 0
85 0
86 0
87 0
88 0
89 0
90 0
91 0
92 0
93 0
94 0
95 0
96 0
97 0
98 0
99 0
100 0
101 0
14
27238
