28
4052 4024 61.8182
4052 3928 61.3636
4052 3849 61.6822
4052 3570 60.2151
4052 3356 63.2653
4052 3271 65.0602
4052 2756 62.069
4052 2610 65.4206
4052 2127 64.2857
4052 2066 63.3663
4052 1639 61.2245
4052 1594 60.4167
4052 1252 61.2245
4052 1198 63.1579
4052 1185 61.0526
4052 1083 61.0526
4052 1001 62.3656
4052 973 62.3656
4052 918 61.3636
4052 821 64.5161
4052 761 64.5833
4052 531 64.2857
4052 429 65.3061
4052 384 60.6742
4052 383 61.3636
4052 232 63.5514
4052 85 64.1026
4052 41 61.8182
0 0
1 0
2 0
3 0
4 0
5 0
6 0
7 0
8 0
9 0
10 0
11 0
12 0
13 1
14 9
15 0
16 5
17 24
18 9
19 7
20 33
21 38
22 22
23 57
24 52
25 49
26 59
27 91
28 92
29 69
30 131
31 125
32 100
33 118
34 157
35 105
36 103
37 175
38 135
39 178
40 194
41 103
42 169
43 155
44 165
45 158
46 169
47 131
48 143
49 109
50 145
51 80
52 85
53 59
54 56
55 46
56 39
57 23
58 26
59 21
60 3
61 3
62 10
63 3
64 4
65 5
66 3
67 0
68 0
69 0
70 0
71 0
72 0
73 0
74 0
75 0
76 0
77 0
78 0
79 0
80 0
81 0
82 0
83 0
84 0
85 0
86 0
87 0
88 0
89 0
90 0
91 0
92 0
93 0
94 0
95 0
96 0
97 0
98 0
99 0
100 0
101 0
16
28082
