0
0 1
1 0
2 0
3 0
4 0
5 0
6 6
7 6
8 1
9 5
10 10
11 23
12 51
13 60
14 45
15 43
16 82
17 92
18 142
19 141
20 169
21 100
22 169
23 197
24 172
25 275
26 141
27 172
28 220
29 153
30 217
31 149
32 212
33 135
34 109
35 118
36 117
37 97
38 73
39 60
40 67
41 27
42 28
43 29
44 36
45 27
46 22
47 12
48 18
49 16
50 14
51 0
52 9
53 6
54 4
55 0
56 2
57 1
58 1
59 3
60 0
61 1
62 1
63 1
64 0
65 0
66 0
67 0
68 0
69 0
70 0
71 0
72 0
73 1
74 0
75 0
76 0
77 0
78 0
79 0
80 0
81 0
82 0
83 0
84 0
85 0
86 0
87 0
88 0
89 0
90 0
91 0
92 0
93 0
94 0
95 0
96 0
97 0
98 0
99 0
100 0
101 0
10
28915
