0
0 0
1 0
2 0
3 0
4 0
5 0
6 0
7 0
8 0
9 0
10 0
11 0
12 0
13 0
14 1
15 9
16 0
17 3
18 19
19 16
20 12
21 31
22 51
23 45
24 33
25 74
26 64
27 51
28 57
29 102
30 137
31 78
32 121
33 190
34 108
35 162
36 167
37 134
38 170
39 201
40 183
41 135
42 219
43 153
44 179
45 145
46 144
47 127
48 167
49 111
50 87
51 65
52 84
53 59
54 54
55 33
56 22
57 23
58 19
59 23
60 8
61 6
62 5
63 2
64 2
65 2
66 1
67 2
68 0
69 2
70 1
71 0
72 0
73 0
74 0
75 0
76 0
77 0
78 0
79 0
80 0
81 0
82 0
83 0
84 0
85 0
86 0
87 0
88 0
89 0
90 0
91 0
92 0
93 0
94 0
95 0
96 0
97 0
98 0
99 0
100 0
101 0
14
29059
