131
4028 4024 61.9048
4028 4013 60
4028 4008 60.1626
4028 3983 62.6087
4028 3934 61.7886
4028 3894 66.0714
4028 3856 60.3175
4028 3850 62.5
4028 3796 63.5514
4028 3786 64.3478
4028 3768 60.177
4028 3751 62.7119
4028 3743 63.1579
4028 3737 62.1849
4028 3734 60.7143
4028 3731 61.6822
4028 3730 60.1626
4028 3691 60.177
4028 3672 67.2
4028 3666 66.6667
4028 3629 62.9032
4028 3626 63.1579
4028 3618 60.177
4028 3593 61.4035
4028 3558 64.8649
4028 3549 60.6557
4028 3530 60.4167
4028 3507 69.0265
4028 3463 66.6667
4028 3420 60.6557
4028 3298 61.7886
4028 3278 64.6465
4028 3248 65.0407
4028 3245 60.177
4028 3224 61.2613
4028 3217 64.7059
4028 3150 64.4628
4028 3010 60.1626
4028 2983 61.7886
4028 2938 62.8099
4028 2910 60.3448
4028 2886 65
4028 2867 60.3448
4028 2829 60.177
4028 2820 60.3175
4028 2800 62.1849
4028 2775 60
4028 2772 73.1707
4028 2685 65.5172
4028 2678 64.2202
4028 2663 63.2479
4028 2662 60.3448
4028 2613 60.5505
4028 2610 63.4146
4028 2599 63.4146
4028 2572 62.1849
4028 2561 70.4762
4028 2503 64.9573
4028 2405 61.3861
4028 2360 67.9245
4028 2358 60
4028 2348 61.7886
4028 2255 63.5514
4028 2234 65.0794
4028 2212 60.8
4028 2194 60
4028 2158 62.2951
4028 2155 60.8696
4028 2150 61.2613
4028 2092 65.5462
4028 2071 60.8696
4028 2068 60.8696
4028 2063 60
4028 2030 60.8
4028 2018 60.5505
4028 1992 62.1359
4028 1965 60.6557
4028 1877 63.3333
4028 1796 61.2903
4028 1794 60.177
4028 1783 60.1942
4028 1738 63.7168
4028 1722 66.087
4028 1702 61.7886
4028 1596 61.4035
4028 1584 62.1359
4028 1531 61.5385
4028 1519 61.1111
4028 1516 62.7119
4028 1504 62.069
4028 1465 61.1111
4028 1462 60.5042
4028 1407 61.1111
4028 1390 62.069
4028 1373 60.1626
4028 1368 66.6667
4028 1364 66.087
4028 1325 60
4028 1268 60.7843
4028 1259 63.4921
4028 1221 62.2951
4028 1193 64.2857
4028 1187 62.9032
4028 1129 60.7143
4028 1104 60.1626
4028 1093 60.177
4028 1062 60.177
4028 1039 60
4028 1036 68.2927
4028 1031 65
4028 1001 62.3853
4028 991 60.4167
4028 982 62.1849
4028 930 60
4028 872 63.2479
4028 803 60.1626
4028 774 62.963
4028 647 61.9469
4028 604 61.2903
4028 572 60.3774
4028 562 60
4028 561 63.7931
4028 493 60.5505
4028 396 63.5514
4028 305 64.0777
4028 253 63.4146
4028 249 63.8655
4028 232 63.4146
4028 121 64.5161
4028 50 63.1579
4028 41 61.9048
0 0
1 0
2 0
3 0
4 0
5 0
6 0
7 0
8 0
9 0
10 0
11 0
12 0
13 0
14 0
15 0
16 4
17 1
18 2
19 21
20 1
21 16
22 48
23 16
24 54
25 29
26 56
27 70
28 57
29 93
30 91
31 84
32 128
33 105
34 72
35 125
36 103
37 144
38 107
39 109
40 148
41 113
42 132
43 116
44 157
45 119
46 142
47 119
48 128
49 140
50 171
51 103
52 112
53 129
54 105
55 96
56 91
57 66
58 71
59 48
60 63
61 38
62 20
63 19
64 17
65 12
66 4
67 6
68 2
69 1
70 1
71 1
72 0
73 0
74 1
75 0
76 0
77 0
78 0
79 0
80 0
81 0
82 0
83 0
84 0
85 0
86 0
87 0
88 0
89 0
90 0
91 0
92 0
93 0
94 0
95 0
96 0
97 0
98 0
99 0
100 0
101 0
19
27733
