0
0 0
1 0
2 0
3 0
4 0
5 0
6 0
7 0
8 0
9 0
10 0
11 0
12 0
13 0
14 0
15 6
16 0
17 1
18 17
19 4
20 18
21 31
22 14
23 37
24 78
25 42
26 65
27 90
28 69
29 96
30 101
31 100
32 109
33 118
34 81
35 172
36 104
37 121
38 153
39 115
40 177
41 82
42 159
43 127
44 152
45 118
46 162
47 135
48 162
49 144
50 158
51 101
52 99
53 111
54 83
55 94
56 57
57 64
58 33
59 39
60 30
61 20
62 15
63 8
64 9
65 3
66 3
67 2
68 2
69 1
70 0
71 1
72 0
73 0
74 0
75 0
76 0
77 0
78 0
79 0
80 0
81 0
82 0
83 0
84 0
85 0
86 0
87 0
88 0
89 0
90 0
91 0
92 0
93 0
94 0
95 0
96 0
97 0
98 0
99 0
100 0
101 0
18
28985
