1
405 211 60
0 0
1 0
2 0
3 0
4 0
5 0
6 0
7 0
8 0
9 0
10 0
11 2
12 0
13 0
14 1
15 5
16 1
17 1
18 2
19 5
20 1
21 4
22 7
23 5
24 6
25 6
26 5
27 8
28 6
29 5
30 23
31 7
32 13
33 15
34 12
35 15
36 23
37 17
38 20
39 19
40 14
41 15
42 24
43 10
44 12
45 8
46 17
47 8
48 9
49 14
50 5
51 4
52 9
53 2
54 6
55 3
56 3
57 2
58 1
59 0
60 4
61 0
62 0
63 0
64 0
65 0
66 0
67 0
68 0
69 0
70 0
71 0
72 0
73 0
74 0
75 0
76 0
77 0
78 0
79 0
80 0
81 0
82 0
83 0
84 0
85 0
86 0
87 0
88 0
89 0
90 0
91 0
92 0
93 0
94 0
95 0
96 0
97 0
98 0
99 0
100 0
101 0
1
99
