0
0 0
1 0
2 0
3 0
4 0
5 0
6 0
7 0
8 0
9 0
10 0
11 3
12 4
13 1
14 1
15 21
16 5
17 10
18 28
19 40
20 21
21 23
22 48
23 71
24 35
25 94
26 74
27 77
28 81
29 96
30 146
31 113
32 126
33 173
34 132
35 116
36 157
37 168
38 169
39 172
40 220
41 107
42 192
43 131
44 180
45 141
46 162
47 96
48 122
49 92
50 104
51 42
52 55
53 53
54 39
55 29
56 24
57 9
58 12
59 9
60 6
61 7
62 4
63 4
64 2
65 1
66 1
67 1
68 0
69 0
70 0
71 0
72 0
73 0
74 0
75 0
76 0
77 0
78 0
79 0
80 0
81 0
82 0
83 0
84 0
85 0
86 0
87 0
88 0
89 0
90 0
91 0
92 0
93 0
94 0
95 0
96 0
97 0
98 0
99 0
100 0
101 0
15
28376
