0
0 0
1 0
2 0
3 0
4 0
5 0
6 3
7 0
8 0
9 1
10 10
11 21
12 31
13 9
14 10
15 36
16 46
17 55
18 75
19 57
20 108
21 90
22 122
23 150
24 170
25 186
26 149
27 199
28 228
29 190
30 230
31 185
32 213
33 194
34 179
35 182
36 158
37 115
38 138
39 128
40 98
41 47
42 74
43 52
44 42
45 33
46 21
47 24
48 24
49 12
50 13
51 1
52 18
53 8
54 3
55 5
56 4
57 2
58 3
59 0
60 1
61 0
62 2
63 0
64 0
65 1
66 0
67 1
68 0
69 1
70 0
71 0
72 0
73 0
74 0
75 0
76 0
77 0
78 0
79 0
80 0
81 0
82 0
83 0
84 0
85 0
86 0
87 0
88 0
89 0
90 0
91 0
92 0
93 0
94 0
95 0
96 0
97 0
98 0
99 0
100 0
101 0
10
29869
