18
4190 4147 64.5161
4190 3747 65.8228
4190 3680 60
4190 3649 60.6742
4190 3363 62.1359
4190 2751 63.1579
4190 2685 60.4167
4190 2562 60
4190 2210 61.1765
4190 2172 60.6061
4190 2099 61.1111
4190 1610 63.4146
4190 1418 60
4190 1147 62.6866
4190 801 60.8696
4190 773 60.3175
4190 601 61.1765
4190 310 60.8696
0 0
1 0
2 0
3 0
4 0
5 0
6 0
7 0
8 0
9 0
10 0
11 5
12 1
13 1
14 3
15 22
16 2
17 16
18 41
19 33
20 25
21 44
22 62
23 58
24 49
25 83
26 82
27 63
28 95
29 108
30 139
31 90
32 135
33 168
34 115
35 162
36 194
37 133
38 154
39 186
40 190
41 126
42 198
43 147
44 164
45 149
46 133
47 123
48 127
49 111
50 106
51 52
52 68
53 57
54 47
55 30
56 22
57 18
58 19
59 12
60 6
61 6
62 3
63 2
64 2
65 1
66 1
67 0
68 0
69 0
70 0
71 0
72 0
73 0
74 0
75 0
76 0
77 0
78 0
79 0
80 0
81 0
82 0
83 0
84 0
85 0
86 0
87 0
88 0
89 0
90 0
91 0
92 0
93 0
94 0
95 0
96 0
97 0
98 0
99 0
100 0
101 0
15
30023
