38
4171 3869 62.2642
4171 3628 61.3861
4171 3595 60.7143
4171 3554 65.9091
4171 3333 60.8696
4171 3182 61.9048
4171 3160 60.6061
4171 3114 64
4171 3024 64
4171 3011 60.6061
4171 2891 60.1942
4171 2761 63.6364
4171 2648 61.1765
4171 2596 60.4651
4171 2532 62.3853
4171 2492 63.7363
4171 2474 64.0777
4171 2401 62.1622
4171 2215 65.3846
4171 1962 65.8228
4171 1935 63.8298
4171 1902 63.2911
4171 1758 60.8696
4171 1739 60.241
4171 1698 61.2613
4171 1609 62.8571
4171 1511 60
4171 1449 61.3636
4171 1403 60.1942
4171 1231 61.0526
4171 1022 61.1111
4171 912 60.6061
4171 909 60.3774
4171 908 62.1359
4171 635 61.0526
4171 268 65.9091
4171 175 61.7021
4171 106 66.6667
0 0
1 0
2 0
3 0
4 0
5 0
6 0
7 0
8 0
9 0
10 0
11 0
12 0
13 2
14 3
15 0
16 10
17 14
18 3
19 14
20 50
21 15
22 45
23 71
24 46
25 62
26 60
27 95
28 80
29 98
30 130
31 89
32 124
33 147
34 92
35 127
36 155
37 133
38 151
39 161
40 181
41 131
42 198
43 156
44 188
45 151
46 148
47 119
48 129
49 124
50 126
51 61
52 92
53 70
54 67
55 67
56 39
57 40
58 28
59 27
60 14
61 11
62 9
63 5
64 6
65 1
66 4
67 1
68 0
69 0
70 0
71 0
72 0
73 0
74 0
75 0
76 0
77 0
78 0
79 0
80 0
81 0
82 0
83 0
84 0
85 0
86 0
87 0
88 0
89 0
90 0
91 0
92 0
93 0
94 0
95 0
96 0
97 0
98 0
99 0
100 0
101 0
17
29749
