117
4278 4254 60.5042
4278 4243 60.7843
4278 4236 61.8557
4278 4170 61.1111
4278 4024 60.8
4278 3969 60
4278 3934 63.9344
4278 3927 61.5385
4278 3894 63.0631
4278 3867 61.2245
4278 3859 62.9032
4278 3849 60.6557
4278 3844 60
4278 3823 63.6364
4278 3795 61.4035
4278 3740 63.1579
4278 3705 63.7931
4278 3691 62.5
4278 3689 60.9524
4278 3629 60.1626
4278 3616 60.5505
4278 3602 62.8099
4278 3592 61.9469
4278 3591 63.7168
4278 3551 61.5385
4278 3507 60.7143
4278 3493 60
4278 3457 63.9344
4278 3378 60.1626
4278 3343 65.4867
4278 3274 60
4278 3239 62.069
4278 3200 60.6557
4278 3198 60.5505
4278 3173 62.2951
4278 3048 62.963
4278 3034 66.129
4278 3010 65.5738
4278 2834 61.1111
4278 2820 68.8
4278 2785 64
4278 2775 63.8655
4278 2727 62.2951
4278 2649 60.7843
4278 2599 60.6557
4278 2545 70.6897
4278 2542 61.5385
4278 2530 64.9573
4278 2519 66.6667
4278 2517 67.3684
4278 2503 65.5172
4278 2463 62.069
4278 2339 62.1359
4278 2335 60.6557
4278 2223 64.8148
4278 2168 60.3448
4278 2164 62.963
4278 2154 62.6087
4278 2150 65.4545
4278 2149 62.7451
4278 2147 66.6667
4278 2124 64.9573
4278 1961 65.6
4278 1908 64.5161
4278 1821 62
4278 1797 62.2642
4278 1796 61.7886
4278 1693 62.3853
4278 1665 61.1111
4278 1605 60.4167
4278 1597 62.5
4278 1563 61.157
4278 1504 67.8261
4278 1488 63.2479
4278 1482 61.157
4278 1475 63.3333
4278 1444 60.5042
4278 1439 61.8182
4278 1419 61.8557
4278 1373 60.6557
4278 1368 60.6557
4278 1332 62.6087
4278 1305 60.7143
4278 1252 60.177
4278 1234 64.1509
4278 1201 60.8
4278 1158 60
4278 1133 60.1942
4278 1104 60.6557
4278 923 62.8571
4278 866 62.6263
4278 821 62.963
4278 803 60.6557
4278 800 63.3333
4278 797 62.4
4278 734 63.7931
4278 727 60.8696
4278 672 60
4278 659 62.4
4278 657 66.6667
4278 617 62.963
4278 599 60.7143
4278 596 61.2903
4278 587 64.9123
4278 530 62
4278 513 60.3448
4278 468 60.3448
4278 466 60.6557
4278 425 64.9123
4278 348 60.5042
4278 255 62.2951
4278 198 61.4035
4278 129 62.6087
4278 125 61.5385
4278 117 63.4146
4278 104 62.069
4278 80 68.9655
0 0
1 0
2 0
3 0
4 0
5 0
6 0
7 0
8 0
9 0
10 0
11 0
12 0
13 0
14 0
15 0
16 2
17 1
18 1
19 11
20 9
21 10
22 48
23 7
24 52
25 64
26 43
27 54
28 81
29 76
30 113
31 80
32 138
33 134
34 85
35 161
36 82
37 120
38 130
39 111
40 170
41 99
42 154
43 126
44 158
45 132
46 156
47 126
48 169
49 162
50 177
51 125
52 138
53 134
54 96
55 106
56 79
57 73
58 82
59 48
60 43
61 31
62 20
63 25
64 14
65 7
66 5
67 4
68 2
69 2
70 0
71 1
72 0
73 0
74 0
75 0
76 0
77 0
78 0
79 0
80 0
81 0
82 0
83 0
84 0
85 0
86 0
87 0
88 0
89 0
90 0
91 0
92 0
93 0
94 0
95 0
96 0
97 0
98 0
99 0
100 0
101 0
20
31359
