177
4209 4200 62.7451
4209 4194 67.1875
4209 4172 63.2479
4209 4163 62.6087
4209 4126 60.8
4209 4124 60.5505
4209 4067 61.9048
4209 4066 65.625
4209 4063 63.0631
4209 4032 69.4215
4209 4031 61.5385
4209 4028 65.0407
4209 4013 62.4
4209 3909 66.0714
4209 3891 61.2613
4209 3887 62.1849
4209 3882 60.1942
4209 3871 62.8571
4209 3859 63.0769
4209 3856 68.7023
4209 3836 60.3175
4209 3830 70.3125
4209 3823 63.7931
4209 3822 60.5042
4209 3786 66.6667
4209 3759 62.069
4209 3757 60
4209 3730 71.875
4209 3695 60.5042
4209 3672 63.0769
4209 3661 60.9375
4209 3593 65.5462
4209 3563 60
4209 3547 65.0407
4209 3543 63.1579
4209 3507 61.0169
4209 3495 66.0194
4209 3471 61.5385
4209 3463 70.4
4209 3440 61.157
4209 3420 64.5669
4209 3410 62.5
4209 3403 60.4651
4209 3319 60.4651
4209 3314 62.069
4209 3298 62.5
4209 3248 64.0625
4209 3239 60.6557
4209 3192 63.8655
4209 3167 61.1111
4209 3152 62.5954
4209 3150 61.9048
4209 3105 62.4
4209 3099 61.5385
4209 3088 62.963
4209 3036 62.1849
4209 3034 60
4209 3010 60.9375
4209 2938 60.3175
4209 2910 64.4628
4209 2901 61.7886
4209 2890 61.7886
4209 2882 61.6667
4209 2867 64.4628
4209 2849 62.5
4209 2835 61.5385
4209 2830 63.1579
4209 2825 63.6364
4209 2801 60.3175
4209 2796 68.8525
4209 2787 60.7143
4209 2777 66.1417
4209 2775 65.6
4209 2772 62.5
4209 2743 62.069
4209 2718 62.2951
4209 2696 62.6087
4209 2685 61.157
4209 2669 61.4035
4209 2572 62.9032
4209 2571 62.069
4209 2559 64.4628
4209 2526 71.1864
4209 2519 61.7886
4209 2486 61.4035
4209 2482 60.1942
4209 2475 61.2903
4209 2446 61.2613
4209 2427 61.157
4209 2398 62.9921
4209 2364 63.5659
4209 2350 60.9375
4209 2348 62.5
4209 2327 65.5462
4209 2256 60
4209 2255 60.7143
4209 2254 61.7886
4209 2223 61.4035
4209 2212 63.0769
4209 2172 62.9032
4209 2162 62.0155
4209 2150 60.3448
4209 2137 62.7119
4209 2100 60
4209 2074 63.0769
4209 2060 65.6489
4209 2059 65.5738
4209 2058 65
4209 2046 70.9677
4209 2010 63.7168
4209 1965 62.9921
4209 1919 60.5505
4209 1908 60
4209 1886 66.1157
4209 1885 64.4068
4209 1883 61.5385
4209 1877 70.4
4209 1873 64.4068
4209 1833 61.5385
4209 1825 60.9375
4209 1796 65.1163
4209 1780 60.8
4209 1774 63.7168
4209 1747 68.2927
4209 1707 60.5042
4209 1702 64.0625
4209 1639 60.5042
4209 1562 60.3774
4209 1531 63.9344
4209 1451 68.7023
4209 1420 64.9123
4209 1418 64
4209 1403 65.5738
4209 1299 65.6
4209 1279 62.5954
4209 1236 64.2202
4209 1216 61.157
4209 1204 66.1538
4209 1194 66.055
4209 1193 63.2479
4209 1161 60.177
4209 1155 64.4628
4209 1122 62.069
4209 1101 61.4035
4209 1077 62.5954
4209 1064 63.4146
4209 1044 60.5042
4209 1031 62.4
4209 992 64.0625
4209 982 64.5161
4209 896 64.6154
4209 839 60.8696
4209 833 60
4209 803 64.0625
4209 786 60.7143
4209 745 67.2269
4209 617 61.4035
4209 604 62.0155
4209 594 60.9375
4209 572 61.2613
4209 565 62.5
4209 503 63.3333
4209 346 60.9524
4209 329 62.069
4209 317 60.177
4209 253 62.5
4209 217 65.5172
4209 203 66.1538
4209 199 60
4209 185 60
4209 175 60.177
4209 127 62.2951
4209 125 63.4146
4209 69 66.6667
4209 45 64.5161
4209 34 61.5385
4209 8 60.1626
0 0
1 0
2 0
3 0
4 0
5 0
6 0
7 0
8 0
9 0
10 0
11 0
12 0
13 0
14 0
15 1
16 0
17 0
18 5
19 0
20 27
21 16
22 25
23 43
24 15
25 85
26 37
27 85
28 98
29 74
30 102
31 75
32 90
33 149
34 74
35 156
36 80
37 158
38 99
39 130
40 135
41 119
42 139
43 105
44 148
45 101
46 143
47 123
48 131
49 114
50 180
51 115
52 137
53 138
54 95
55 119
56 93
57 80
58 82
59 60
60 59
61 33
62 29
63 35
64 20
65 17
66 12
67 9
68 2
69 4
70 1
71 4
72 2
73 0
74 0
75 0
76 0
77 0
78 0
79 0
80 0
81 0
82 0
83 0
84 0
85 0
86 0
87 0
88 0
89 0
90 0
91 0
92 0
93 0
94 0
95 0
96 0
97 0
98 0
99 0
100 0
101 0
20
30329
