0
0 0
1 0
2 0
3 0
4 0
5 0
6 0
7 0
8 0
9 0
10 0
11 0
12 0
13 0
14 0
15 0
16 2
17 0
18 8
19 6
20 7
21 41
22 14
23 36
24 59
25 39
26 71
27 57
28 72
29 101
30 77
31 97
32 92
33 131
34 118
35 111
36 143
37 99
38 151
39 124
40 161
41 120
42 116
43 148
44 149
45 123
46 152
47 116
48 161
49 119
50 177
51 106
52 125
53 122
54 115
55 106
56 122
57 88
58 85
59 58
60 52
61 34
62 36
63 24
64 10
65 11
66 2
67 8
68 2
69 3
70 2
71 2
72 0
73 0
74 0
75 0
76 0
77 0
78 0
79 0
80 0
81 0
82 0
83 0
84 0
85 0
86 0
87 0
88 0
89 0
90 0
91 0
92 0
93 0
94 0
95 0
96 0
97 0
98 0
99 0
100 0
101 0
20
32127
