0
0 0
1 0
2 0
3 0
4 0
5 0
6 0
7 0
8 0
9 0
10 0
11 0
12 0
13 0
14 0
15 0
16 0
17 0
18 7
19 1
20 12
21 16
22 4
23 41
24 51
25 29
26 51
27 67
28 59
29 106
30 65
31 104
32 127
33 91
34 122
35 151
36 115
37 176
38 145
39 148
40 185
41 111
42 168
43 127
44 166
45 143
46 170
47 167
48 160
49 138
50 185
51 88
52 124
53 137
54 118
55 90
56 87
57 64
58 55
59 31
60 42
61 19
62 18
63 17
64 4
65 2
66 4
67 3
68 4
69 1
70 0
71 1
72 0
73 0
74 0
75 0
76 0
77 0
78 0
79 0
80 0
81 0
82 0
83 0
84 0
85 0
86 0
87 0
88 0
89 0
90 0
91 0
92 0
93 0
94 0
95 0
96 0
97 0
98 0
99 0
100 0
101 0
19
32218
