158
4305 4267 60.5042
4305 4197 61.5385
4305 4138 60.1626
4305 4128 61.2903
4305 4103 61.157
4305 4023 61.9048
4305 4022 63.8655
4305 3996 63.1579
4305 3987 60.1626
4305 3934 61.9048
4305 3917 61.8182
4305 3905 61.9048
4305 3860 60.7843
4305 3816 61.8182
4305 3810 60.3448
4305 3796 60
4305 3795 62.7119
4305 3770 60.6557
4305 3753 63.5659
4305 3666 68.3333
4305 3647 62.963
4305 3646 62.5
4305 3629 62.9921
4305 3602 60.8
4305 3592 61.5385
4305 3582 60.3448
4305 3571 60.3448
4305 3549 62.4
4305 3514 60.7143
4305 3471 62.5
4305 3457 61.9048
4305 3445 62.5
4305 3433 61.6667
4305 3410 60.3175
4305 3378 62.9921
4305 3348 63.6364
4305 3347 63.4615
4305 3343 61.5385
4305 3326 64.4628
4305 3288 61.157
4305 3204 62.069
4305 3186 61.6667
4305 3169 61.2613
4305 3168 60.3774
4305 3097 61.8182
4305 3080 63.1579
4305 3010 61.9048
4305 2977 64.9573
4305 2930 61.157
4305 2901 61.157
4305 2829 63.7931
4305 2749 60
4305 2727 60.3175
4305 2651 61.5385
4305 2650 60.7143
4305 2628 61.1111
4305 2610 66.6667
4305 2587 62.9032
4305 2586 70
4305 2546 61.157
4305 2519 61.157
4305 2512 63.3333
4305 2498 61.4035
4305 2476 61.4173
4305 2472 63.1579
4305 2463 63.3333
4305 2458 63.3333
4305 2261 63.1579
4305 2225 60.7143
4305 2215 61.157
4305 2179 60.177
4305 2158 60.8
4305 2157 64
4305 2154 62.1849
4305 2147 61.2903
4305 2074 62.5
4305 2030 62.5
4305 2014 60.4651
4305 2001 61.3861
4305 1977 61.1111
4305 1965 65.6
4305 1936 61.157
4305 1918 66.1157
4305 1886 62.1849
4305 1877 60.1626
4305 1873 60.3448
4305 1833 62.5
4305 1760 68.3333
4305 1721 60.5042
4305 1708 62.1849
4305 1673 63.1579
4305 1611 60.3448
4305 1583 60.4651
4305 1516 61.157
4305 1511 63.2479
4305 1504 62.1849
4305 1468 60.3175
4305 1445 61.9048
4305 1428 60.177
4305 1398 60.3175
4305 1373 60.3175
4305 1339 60.4651
4305 1332 62.1849
4305 1329 61.157
4305 1325 60.177
4305 1324 62.069
4305 1322 64.4628
4305 1285 61.6822
4305 1259 62.0155
4305 1234 61.8182
4305 1218 60.5042
4305 1214 60
4305 1201 60.4651
4305 1196 60.8696
4305 1192 63.5659
4305 1169 65.0794
4305 1134 60.7143
4305 1120 62.5
4305 1114 62.4
4305 1109 60.3774
4305 1104 60.3175
4305 1080 61.0169
4305 1063 63.3333
4305 1053 60.9375
4305 1022 60.8
4305 940 60.3774
4305 909 60.1626
4305 895 60.8696
4305 870 66.6667
4305 797 66.6667
4305 742 63.7931
4305 732 60.8696
4305 727 63.8655
4305 709 65.6
4305 647 62.069
4305 604 61.4173
4305 600 64.4068
4305 596 60.9375
4305 579 66.1157
4305 559 60
4305 526 60
4305 466 63.4921
4305 455 64.4628
4305 425 61.0169
4305 411 60.7143
4305 386 61.0169
4305 354 67.2269
4305 336 66.6667
4305 255 60.3175
4305 203 64.0625
4305 195 64.2857
4305 187 62.9032
4305 185 67.1875
4305 180 60.177
4305 47 67.2269
4305 45 60.6557
4305 41 60.4651
4305 29 60.177
0 0
1 0
2 0
3 0
4 0
5 0
6 0
7 0
8 0
9 0
10 0
11 0
12 0
13 0
14 0
15 0
16 2
17 0
18 11
19 1
20 10
21 33
22 9
23 33
24 44
25 51
26 82
27 32
28 82
29 111
30 91
31 124
32 78
33 174
34 92
35 132
36 136
37 88
38 159
39 72
40 179
41 105
42 150
43 126
44 114
45 136
46 124
47 128
48 141
49 156
50 186
51 129
52 109
53 127
54 122
55 105
56 110
57 85
58 67
59 59
60 46
61 48
62 39
63 24
64 20
65 7
66 3
67 6
68 3
69 2
70 1
71 0
72 0
73 0
74 0
75 0
76 0
77 0
78 0
79 0
80 0
81 0
82 0
83 0
84 0
85 0
86 0
87 0
88 0
89 0
90 0
91 0
92 0
93 0
94 0
95 0
96 0
97 0
98 0
99 0
100 0
101 0
20
31757
