0
0 0
1 0
2 0
3 0
4 0
5 0
6 0
7 0
8 0
9 0
10 0
11 7
12 0
13 1
14 11
15 16
16 1
17 10
18 36
19 15
20 34
21 37
22 74
23 45
24 69
25 116
26 52
27 69
28 104
29 151
30 112
31 95
32 168
33 166
34 115
35 180
36 169
37 147
38 195
39 174
40 214
41 171
42 170
43 162
44 164
45 161
46 153
47 125
48 123
49 110
50 109
51 47
52 63
53 43
54 50
55 38
56 43
57 18
58 19
59 14
60 11
61 2
62 9
63 4
64 3
65 0
66 2
67 0
68 0
69 2
70 0
71 0
72 0
73 0
74 0
75 0
76 0
77 0
78 0
79 0
80 0
81 0
82 0
83 0
84 0
85 0
86 0
87 0
88 0
89 0
90 0
91 0
92 0
93 0
94 0
95 0
96 0
97 0
98 0
99 0
100 0
101 0
16
33443
