22
4343 4292 60.9756
4343 4094 62.3656
4343 3855 64.7887
4343 3782 61.9048
4343 3508 60.7843
4343 3374 65.0602
4343 3258 67.5676
4343 2978 60
4343 2910 63.2653
4343 2826 60.6742
4343 2602 60.4651
4343 2451 64
4343 2292 61.9718
4343 2095 63.7363
4343 2076 60.4651
4343 2012 60.7595
4343 1911 60.8696
4343 1841 62.9213
4343 1628 61.3333
4343 346 60.9756
4343 343 60.1942
4343 281 61.5385
0 0
1 0
2 0
3 0
4 0
5 0
6 0
7 0
8 0
9 0
10 1
11 4
12 0
13 1
14 20
15 14
16 10
17 27
18 42
19 8
20 38
21 52
22 50
23 43
24 68
25 106
26 61
27 75
28 97
29 137
30 111
31 112
32 181
33 124
34 149
35 160
36 137
37 147
38 173
39 147
40 260
41 120
42 159
43 163
44 186
45 147
46 135
47 131
48 110
49 113
50 111
51 45
52 74
53 58
54 55
55 45
56 28
57 24
58 37
59 13
60 12
61 9
62 4
63 2
64 3
65 1
66 1
67 0
68 1
69 0
70 0
71 0
72 0
73 0
74 0
75 0
76 0
77 0
78 0
79 0
80 0
81 0
82 0
83 0
84 0
85 0
86 0
87 0
88 0
89 0
90 0
91 0
92 0
93 0
94 0
95 0
96 0
97 0
98 0
99 0
100 0
101 0
16
32359
