9
4462 3873 62.8571
4462 2904 63.6364
4462 2375 64.7059
4462 1972 60.6061
4462 1423 61.1111
4462 1067 66.6667
4462 944 64.7059
4462 93 68.4211
4462 33 61.1111
0 0
1 0
2 0
3 0
4 0
5 0
6 11
7 4
8 0
9 8
10 18
11 27
12 62
13 63
14 43
15 50
16 86
17 85
18 159
19 154
20 192
21 90
22 186
23 225
24 205
25 305
26 151
27 188
28 228
29 181
30 227
31 195
32 228
33 139
34 112
35 132
36 112
37 121
38 79
39 66
40 82
41 26
42 36
43 25
44 30
45 31
46 23
47 9
48 12
49 7
50 14
51 1
52 8
53 3
54 0
55 4
56 3
57 2
58 2
59 1
60 1
61 1
62 2
63 1
64 1
65 2
66 0
67 1
68 0
69 1
70 0
71 0
72 0
73 0
74 0
75 0
76 0
77 0
78 0
79 0
80 0
81 0
82 0
83 0
84 0
85 0
86 0
87 0
88 0
89 0
90 0
91 0
92 0
93 0
94 0
95 0
96 0
97 0
98 0
99 0
100 0
101 0
9
34146
