62
4427 4414 61.5385
4427 4292 60
4427 4197 61.5385
4427 4113 60
4427 4070 60.2151
4427 3974 64.2857
4427 3810 62.1359
4427 3678 62.5
4427 3647 63.1579
4427 3628 62.8571
4427 3571 60.1942
4427 3536 61.3636
4427 3317 68.0412
4427 3221 67.8571
4427 3206 61.2245
4427 3169 63.2653
4427 3134 60.4651
4427 3128 60.177
4427 3099 62.7451
4427 2983 60.177
4427 2801 61.2613
4427 2791 62.2642
4427 2731 61.3861
4427 2651 61.5385
4427 2602 72.3404
4427 2587 61.2613
4427 2498 63.3663
4427 2486 60.6061
4427 2458 61.6822
4427 2299 64.0777
4427 2073 60.7595
4427 1946 63.1579
4427 1939 62.8571
4427 1918 61.1111
4427 1873 64.0777
4427 1847 60.2151
4427 1841 65.9794
4427 1723 61.6822
4427 1702 60.177
4427 1647 64.6465
4427 1582 61.2245
4427 1322 70.3704
4427 1298 60.6742
4427 1123 60.3774
4427 1075 62.2222
4427 967 62.1359
4427 870 60.177
4427 740 65.9794
4427 709 62.5
4427 658 64.8148
4427 600 62.8571
4427 469 63.2653
4427 457 63.5514
4427 455 66.6667
4427 441 65.8824
4427 417 63.7363
4427 341 63.5294
4427 251 61.3861
4427 185 64.3478
4427 152 62.1359
4427 107 61.1765
4427 89 66.6667
0 0
1 0
2 0
3 0
4 0
5 0
6 0
7 0
8 0
9 0
10 0
11 0
12 2
13 6
14 2
15 5
16 16
17 3
18 19
19 38
20 18
21 42
22 71
23 27
24 64
25 93
26 54
27 74
28 102
29 112
30 82
31 155
32 95
33 125
34 147
35 123
36 147
37 140
38 138
39 185
40 160
41 142
42 161
43 140
44 177
45 162
46 135
47 173
48 141
49 132
50 160
51 84
52 105
53 88
54 93
55 69
56 44
57 37
58 37
59 24
60 17
61 12
62 14
63 11
64 8
65 6
66 3
67 2
68 1
69 1
70 0
71 1
72 0
73 1
74 0
75 0
76 0
77 0
78 0
79 0
80 0
81 0
82 0
83 0
84 0
85 0
86 0
87 0
88 0
89 0
90 0
91 0
92 0
93 0
94 0
95 0
96 0
97 0
98 0
99 0
100 0
101 0
18
33589
