10
4442 4001 60.8696
4442 3839 63.8298
4442 2117 60.4651
4442 2086 71.4286
4442 1267 61.0169
4442 592 68.2927
4442 566 60.8696
4442 533 67.9245
4442 529 60.4651
4442 156 61.0169
0 0
1 0
2 0
3 0
4 0
5 2
6 4
7 0
8 3
9 4
10 27
11 17
12 15
13 6
14 58
15 64
16 66
17 23
18 57
19 67
20 158
21 81
22 137
23 92
24 163
25 177
26 148
27 171
28 191
29 163
30 195
31 199
32 202
33 165
34 161
35 207
36 175
37 133
38 138
39 158
40 172
41 51
42 92
43 95
44 81
45 55
46 42
47 35
48 39
49 25
50 35
51 14
52 18
53 10
54 9
55 10
56 6
57 4
58 5
59 5
60 1
61 4
62 2
63 0
64 1
65 0
66 0
67 0
68 1
69 1
70 0
71 0
72 1
73 0
74 0
75 0
76 0
77 0
78 0
79 0
80 0
81 0
82 0
83 0
84 0
85 0
86 0
87 0
88 0
89 0
90 0
91 0
92 0
93 0
94 0
95 0
96 0
97 0
98 0
99 0
100 0
101 0
10
33822
