5
4467 3352 61.5385
4467 2218 60
4467 1749 66.6667
4467 757 62.5
4467 480 61.1111
0 0
1 0
2 0
3 0
4 0
5 2
6 9
7 12
8 2
9 9
10 18
11 30
12 65
13 69
14 49
15 57
16 83
17 85
18 132
19 154
20 168
21 92
22 182
23 226
24 202
25 306
26 155
27 203
28 247
29 174
30 232
31 166
32 206
33 166
34 131
35 146
36 99
37 114
38 74
39 51
40 87
41 35
42 43
43 27
44 23
45 22
46 20
47 15
48 16
49 11
50 11
51 1
52 9
53 9
54 3
55 8
56 0
57 0
58 5
59 0
60 1
61 0
62 2
63 1
64 0
65 0
66 0
67 1
68 0
69 0
70 0
71 0
72 0
73 0
74 0
75 0
76 0
77 0
78 0
79 0
80 0
81 0
82 0
83 0
84 0
85 0
86 0
87 0
88 0
89 0
90 0
91 0
92 0
93 0
94 0
95 0
96 0
97 0
98 0
99 0
100 0
101 0
11
34205
