0
0 0
1 0
2 0
3 0
4 0
5 0
6 1
7 0
8 0
9 1
10 14
11 31
12 22
13 6
14 22
15 39
16 57
17 74
18 54
19 70
20 105
21 98
22 129
23 163
24 180
25 178
26 147
27 166
28 262
29 213
30 263
31 195
32 193
33 223
34 189
35 173
36 187
37 137
38 150
39 91
40 149
41 77
42 67
43 58
44 47
45 39
46 30
47 14
48 18
49 16
50 22
51 1
52 16
53 6
54 4
55 10
56 5
57 1
58 3
59 1
60 1
61 2
62 2
63 2
64 0
65 0
66 0
67 0
68 0
69 0
70 0
71 0
72 0
73 0
74 0
75 0
76 0
77 0
78 0
79 0
80 0
81 0
82 0
83 0
84 0
85 0
86 0
87 0
88 0
89 0
90 0
91 0
92 0
93 0
94 0
95 0
96 0
97 0
98 0
99 0
100 0
101 0
12
33795
