6
4460 4132 61.5385
4460 3258 60
4460 3023 60
4460 1174 63.4921
4460 900 60.3774
4460 24 64
0 0
1 0
2 0
3 0
4 0
5 1
6 0
7 0
8 0
9 6
10 6
11 1
12 8
13 11
14 49
15 13
16 29
17 31
18 73
19 81
20 83
21 49
22 106
23 89
24 163
25 110
26 120
27 139
28 166
29 156
30 182
31 144
32 235
33 235
34 157
35 177
36 200
37 173
38 177
39 157
40 225
41 79
42 141
43 102
44 99
45 73
46 79
47 58
48 71
49 40
50 48
51 22
52 23
53 8
54 17
55 6
56 13
57 5
58 9
59 4
60 6
61 1
62 1
63 0
64 2
65 0
66 0
67 0
68 0
69 0
70 0
71 0
72 0
73 0
74 0
75 0
76 0
77 0
78 0
79 0
80 0
81 0
82 0
83 0
84 0
85 0
86 0
87 0
88 0
89 0
90 0
91 0
92 0
93 0
94 0
95 0
96 0
97 0
98 0
99 0
100 0
101 0
15
34125
