0
0 0
1 0
2 0
3 0
4 0
5 0
6 0
7 0
8 0
9 1
10 4
11 0
12 1
13 5
14 31
15 1
16 14
17 15
18 57
19 51
20 41
21 23
22 75
23 72
24 102
25 101
26 72
27 127
28 167
29 140
30 169
31 146
32 221
33 190
34 177
35 234
36 217
37 185
38 177
39 217
40 256
41 117
42 162
43 134
44 151
45 97
46 100
47 72
48 64
49 55
50 74
51 16
52 23
53 22
54 18
55 11
56 7
57 7
58 8
59 0
60 6
61 3
62 0
63 1
64 0
65 0
66 2
67 0
68 0
69 0
70 0
71 0
72 0
73 0
74 0
75 0
76 0
77 0
78 0
79 0
80 0
81 0
82 0
83 0
84 0
85 0
86 0
87 0
88 0
89 0
90 0
91 0
92 0
93 0
94 0
95 0
96 0
97 0
98 0
99 0
100 0
101 0
13
34027
