170
4554 4473 64.4628
4554 4468 67.2414
4554 4434 60.7843
4554 4403 62.5
4554 4397 60.177
4554 4379 62.5
4554 4378 64.4628
4554 4333 60.177
4554 4312 62.2951
4554 4278 67.2269
4554 4267 62.7119
4554 4254 60.6557
4554 4240 61.4035
4554 4207 62.7451
4554 4186 60.3175
4554 4138 62.2951
4554 4104 67.8571
4554 4087 60.8696
4554 4069 66.6667
4554 4067 61.7886
4554 4024 62.5
4554 3934 64
4554 3849 60.8
4554 3823 63.7168
4554 3775 64
4554 3758 60.4167
4554 3751 61.6667
4554 3734 63.1579
4554 3720 63.4921
4554 3689 62.963
4554 3665 62.8099
4554 3661 62.4
4554 3656 60.5042
4554 3653 66.6667
4554 3605 61.7886
4554 3602 64.5161
4554 3591 62.069
4554 3582 64.3478
4554 3578 60.5042
4554 3575 60
4554 3559 62.069
4554 3558 60.177
4554 3547 65
4554 3507 60.8696
4554 3450 60.6557
4554 3420 64.5161
4554 3403 60.3175
4554 3381 61.4173
4554 3356 62.069
4554 3337 63.2479
4554 3326 60
4554 3319 65.0794
4554 3299 65
4554 3298 60.8
4554 3274 61.7886
4554 3248 62.4
4554 3240 62.3853
4554 3204 66.087
4554 3198 64.2857
4554 3129 60.1942
4554 3128 60.8
4554 3063 61.1111
4554 3048 61.2613
4554 3044 64.7619
4554 3038 61.6667
4554 3010 67.2
4554 2989 61.5385
4554 2938 60.1626
4554 2930 63.3333
4554 2905 61.5385
4554 2901 60
4554 2886 62.2951
4554 2882 61.5385
4554 2867 61.0169
4554 2836 61.8557
4554 2820 62.5
4554 2814 60.8696
4554 2801 60.1626
4554 2785 62.5
4554 2775 60.6557
4554 2772 62.4
4554 2752 61.5385
4554 2695 60.5505
4554 2685 64.4068
4554 2657 60
4554 2651 63.7931
4554 2626 64.5161
4554 2545 60.5042
4554 2542 60
4554 2530 63.3333
4554 2503 67.2269
4554 2398 61.2903
4554 2385 61.6822
4554 2350 64
4554 2348 64
4554 2334 67.7165
4554 2317 62.8571
4554 2280 62.6263
4554 2272 62.3853
4554 2255 60.5505
4554 2254 61.6667
4554 2223 61.2613
4554 2158 62.9032
4554 2154 62.7119
4554 2152 61.7886
4554 2150 60.177
4554 2147 60.1626
4554 2138 60.1942
4554 2014 65.625
4554 1961 60.9375
4554 1908 66.1417
4554 1896 65.4867
4554 1883 61.4173
4554 1877 65.5738
4554 1857 61.2613
4554 1851 61.8557
4554 1797 64.2202
4554 1796 65.0794
4554 1774 63.6364
4554 1715 60.5042
4554 1702 60.8
4554 1639 67.2414
4554 1600 63.3333
4554 1597 66.087
4554 1563 61.2903
4554 1546 63.8655
4554 1504 64.4068
4554 1475 60.1626
4554 1451 64.0625
4554 1403 60.5042
4554 1368 65.6
4554 1364 68.3761
4554 1289 63.7168
4554 1219 60.8696
4554 1208 60.3448
4554 1184 62.5
4554 1104 62.4
4554 1064 61.6667
4554 1063 62.1849
4554 1031 62.2951
4554 1002 60.9524
4554 924 61.2613
4554 920 64.9123
4554 861 60.9524
4554 851 64.9123
4554 845 64.5669
4554 803 64
4554 797 60.9375
4554 739 61.8557
4554 665 60.7143
4554 657 65
4554 635 61.2613
4554 565 64
4554 513 62.1849
4554 348 60.6557
4554 255 64
4554 253 60.8
4554 232 60.8
4554 198 66.6667
4554 187 65.0407
4554 185 62.9921
4554 180 66.0714
4554 168 60.177
4554 127 62.1849
4554 117 63.4921
4554 112 68.8
4554 80 65.5462
4554 76 62.9032
4554 69 61.6667
4554 1 61.6822
0 0
1 0
2 0
3 0
4 0
5 0
6 0
7 0
8 0
9 0
10 0
11 0
12 0
13 0
14 0
15 0
16 2
17 0
18 3
19 15
20 4
21 22
22 16
23 26
24 83
25 46
26 93
27 49
28 87
29 115
30 92
31 106
32 106
33 149
34 115
35 125
36 165
37 76
38 163
39 112
40 169
41 112
42 122
43 130
44 152
45 129
46 147
47 137
48 168
49 118
50 207
51 127
52 141
53 129
54 141
55 110
56 121
57 76
58 75
59 54
60 53
61 42
62 30
63 32
64 19
65 18
66 8
67 7
68 7
69 2
70 0
71 0
72 0
73 0
74 0
75 0
76 0
77 0
78 0
79 0
80 0
81 0
82 0
83 0
84 0
85 0
86 0
87 0
88 0
89 0
90 0
91 0
92 0
93 0
94 0
95 0
96 0
97 0
98 0
99 0
100 0
101 0
22
35581
