1
4642 4558 64.5161
0 0
1 0
2 0
3 0
4 0
5 0
6 6
7 23
8 0
9 1
10 11
11 23
12 40
13 86
14 50
15 40
16 95
17 77
18 122
19 154
20 213
21 130
22 196
23 222
24 262
25 287
26 206
27 209
28 283
29 177
30 230
31 187
32 227
33 166
34 126
35 118
36 97
37 91
38 87
39 54
40 79
41 17
42 48
43 32
44 37
45 20
46 29
47 19
48 10
49 12
50 15
51 1
52 6
53 5
54 2
55 4
56 2
57 2
58 2
59 1
60 1
61 0
62 0
63 0
64 0
65 1
66 0
67 0
68 0
69 0
70 0
71 0
72 0
73 0
74 0
75 0
76 0
77 0
78 0
79 0
80 0
81 0
82 0
83 0
84 0
85 0
86 0
87 0
88 0
89 0
90 0
91 0
92 0
93 0
94 0
95 0
96 0
97 0
98 0
99 0
100 0
101 0
10
36973
