0
0 0
1 0
2 0
3 0
4 0
5 0
6 0
7 0
8 0
9 0
10 0
11 0
12 0
13 0
14 1
15 14
16 1
17 5
18 20
19 21
20 17
21 20
22 65
23 50
24 41
25 94
26 91
27 65
28 101
29 116
30 140
31 89
32 135
33 195
34 129
35 148
36 202
37 178
38 196
39 217
40 219
41 161
42 229
43 186
44 203
45 202
46 190
47 118
48 158
49 139
50 127
51 60
52 78
53 56
54 55
55 40
56 30
57 22
58 23
59 22
60 10
61 6
62 2
63 1
64 2
65 3
66 1
67 0
68 1
69 0
70 0
71 0
72 0
73 0
74 0
75 0
76 0
77 0
78 0
79 0
80 0
81 0
82 0
83 0
84 0
85 0
86 0
87 0
88 0
89 0
90 0
91 0
92 0
93 0
94 0
95 0
96 0
97 0
98 0
99 0
100 0
101 0
17
38040
