0
0 0
1 0
2 0
3 0
4 0
5 0
6 0
7 0
8 0
9 0
10 0
11 0
12 0
13 7
14 3
15 1
16 10
17 12
18 13
19 33
20 56
21 12
22 56
23 83
24 35
25 78
26 89
27 76
28 91
29 103
30 122
31 107
32 140
33 126
34 81
35 200
36 136
37 155
38 182
39 116
40 240
41 154
42 186
43 178
44 200
45 166
46 174
47 142
48 138
49 135
50 147
51 56
52 137
53 74
54 87
55 62
56 43
57 41
58 34
59 31
60 19
61 11
62 12
63 6
64 4
65 1
66 4
67 1
68 2
69 0
70 0
71 1
72 0
73 0
74 0
75 0
76 0
77 0
78 0
79 0
80 0
81 0
82 0
83 0
84 0
85 0
86 0
87 0
88 0
89 0
90 0
91 0
92 0
93 0
94 0
95 0
96 0
97 0
98 0
99 0
100 0
101 0
18
36661
