0
0 0
1 0
2 0
3 0
4 0
5 0
6 0
7 0
8 0
9 5
10 1
11 0
12 6
13 8
14 26
15 6
16 17
17 12
18 56
19 36
20 40
21 47
22 84
23 94
24 80
25 132
26 70
27 166
28 153
29 131
30 155
31 159
32 228
33 174
34 193
35 247
36 216
37 200
38 230
39 231
40 219
41 149
42 167
43 129
44 143
45 117
46 116
47 66
48 71
49 57
50 66
51 27
52 27
53 22
54 21
55 10
56 10
57 11
58 11
59 4
60 2
61 2
62 1
63 1
64 0
65 0
66 0
67 0
68 0
69 1
70 0
71 0
72 0
73 0
74 0
75 0
76 0
77 0
78 0
79 0
80 0
81 0
82 0
83 0
84 0
85 0
86 0
87 0
88 0
89 0
90 0
91 0
92 0
93 0
94 0
95 0
96 0
97 0
98 0
99 0
100 0
101 0
15
37364
