13
4607 4577 62.1622
4607 4283 65.5738
4607 4214 66.6667
4607 3438 60.8696
4607 3231 62.963
4607 3092 66.6667
4607 2952 63.3333
4607 2803 60.8696
4607 2621 67.5676
4607 2094 61.0169
4607 1647 60.241
4607 442 65.5738
4607 244 60.8696
0 0
1 0
2 0
3 0
4 0
5 0
6 0
7 0
8 4
9 0
10 0
11 3
12 16
13 18
14 2
15 19
16 46
17 42
18 28
19 35
20 84
21 72
22 56
23 46
24 107
25 114
26 66
27 115
28 116
29 134
30 168
31 128
32 182
33 226
34 179
35 180
36 203
37 203
38 187
39 179
40 206
41 117
42 196
43 145
44 159
45 118
46 135
47 88
48 78
49 83
50 76
51 29
52 49
53 36
54 34
55 26
56 17
57 18
58 12
59 6
60 7
61 4
62 1
63 2
64 1
65 0
66 2
67 2
68 1
69 0
70 0
71 0
72 0
73 0
74 0
75 0
76 0
77 0
78 0
79 0
80 0
81 0
82 0
83 0
84 0
85 0
86 0
87 0
88 0
89 0
90 0
91 0
92 0
93 0
94 0
95 0
96 0
97 0
98 0
99 0
100 0
101 0
16
36421
