1
461 266 61.0169
0 0
1 0
2 0
3 0
4 0
5 0
6 0
7 0
8 0
9 0
10 0
11 0
12 0
13 3
14 3
15 1
16 5
17 1
18 7
19 6
20 4
21 8
22 6
23 21
24 10
25 11
26 6
27 14
28 21
29 7
30 17
31 17
32 27
33 19
34 28
35 22
36 15
37 14
38 19
39 13
40 22
41 13
42 13
43 8
44 13
45 10
46 9
47 10
48 5
49 3
50 10
51 3
52 6
53 1
54 3
55 2
56 1
57 1
58 1
59 0
60 0
61 0
62 1
63 0
64 0
65 0
66 0
67 0
68 0
69 0
70 0
71 0
72 0
73 0
74 0
75 0
76 0
77 0
78 0
79 0
80 0
81 0
82 0
83 0
84 0
85 0
86 0
87 0
88 0
89 0
90 0
91 0
92 0
93 0
94 0
95 0
96 0
97 0
98 0
99 0
100 0
101 0
1
155
