172
4679 4664 60.9375
4679 4646 60.3448
4679 4616 60.1626
4679 4615 63.5659
4679 4598 65.6489
4679 4595 62.9921
4679 4533 60.9375
4679 4515 60.5042
4679 4513 60.8
4679 4501 61.157
4679 4471 64.0625
4679 4313 63.8655
4679 4309 68.2927
4679 4305 66.6667
4679 4278 60.6557
4679 4272 61.0169
4679 4205 60.3774
4679 4187 60
4679 4163 71.3043
4679 4128 60.3175
4679 4070 62.963
4679 4034 60
4679 4028 63.4146
4679 4024 62.5954
4679 4022 62.8099
4679 3976 61.5385
4679 3934 60.9375
4679 3905 62.5
4679 3887 62.1849
4679 3859 60
4679 3857 61.5385
4679 3810 64.4068
4679 3802 66.6667
4679 3798 62.8099
4679 3796 64.2857
4679 3795 60
4679 3786 61.6667
4679 3770 62.9032
4679 3768 61.0169
4679 3753 70.229
4679 3737 62.9032
4679 3730 64.0625
4679 3729 63.7931
4679 3724 60.8696
4679 3701 60
4679 3695 62.1849
4679 3672 61.5385
4679 3666 65.5738
4679 3661 64.0625
4679 3592 62.1849
4679 3560 63.8655
4679 3519 63.7931
4679 3507 72.8814
4679 3457 60.9375
4679 3433 63.9344
4679 3372 63.4146
4679 3363 60.9375
4679 3351 61.6822
4679 3343 63.8655
4679 3326 60.1626
4679 3319 60.4651
4679 3317 60.7143
4679 3300 61.5385
4679 3254 61.2903
4679 3248 60.9375
4679 3242 62.6263
4679 3221 62.9921
4679 3173 60.9375
4679 3097 60.7143
4679 3078 63.4146
4679 3010 64.0625
4679 2900 60
4679 2829 62.7119
4679 2825 60
4679 2785 61.0687
4679 2783 60.1626
4679 2727 65.625
4679 2610 65.625
4679 2586 65.5738
4679 2546 60.1626
4679 2519 60.1626
4679 2512 65.5738
4679 2498 67.2414
4679 2476 63.5659
4679 2463 60.6557
4679 2458 60.6557
4679 2364 63.5659
4679 2289 62.9921
4679 2264 63.3333
4679 2183 63.5659
4679 2180 61.5385
4679 2172 62.9032
4679 2158 61.4173
4679 2157 69.2913
4679 2155 61.6667
4679 2147 60.3175
4679 2074 63.0769
4679 2011 63.2479
4679 1965 62.9921
4679 1961 61.0687
4679 1918 61.7886
4679 1873 64.4068
4679 1847 64.8148
4679 1830 62.5954
4679 1825 60.9375
4679 1708 62.8099
4679 1702 62.5
4679 1698 60
4679 1606 68.75
4679 1600 60.1626
4679 1597 61.0169
4679 1531 60.6557
4679 1483 63.5659
4679 1444 67.2
4679 1421 60.7143
4679 1418 64
4679 1410 64.2202
4679 1374 60.6557
4679 1373 60.9375
4679 1368 64.0625
4679 1341 60
4679 1339 61.0687
4679 1332 64.4628
4679 1331 61.7886
4679 1322 60.1626
4679 1305 61.0169
4679 1259 62.5954
4679 1234 66.0714
4679 1226 60.6557
4679 1214 60.7143
4679 1204 64.6154
4679 1158 63.4921
4679 1142 60
4679 1114 70.8661
4679 1104 60.9375
4679 1084 64.1509
4679 1065 60.177
4679 1011 61.2613
4679 963 62.7119
4679 940 61.1111
4679 870 60.9375
4679 821 61.4035
4679 766 60
4679 749 60
4679 742 64.4068
4679 727 61.157
4679 709 61.4173
4679 658 60.1626
4679 609 62.5
4679 604 69.7674
4679 600 63.3333
4679 594 60.9375
4679 561 61.157
4679 526 60.6557
4679 524 63.8655
4679 466 64.0625
4679 457 60.6557
4679 404 60.6557
4679 383 60.5505
4679 361 62.5
4679 354 66.1157
4679 336 72.1311
4679 317 61.9469
4679 283 62.7119
4679 255 60.9375
4679 203 61.5385
4679 187 60.3175
4679 185 63.0769
4679 121 60.4651
4679 76 61.4173
4679 11 60.4651
4679 8 66.6667
0 0
1 0
2 0
3 0
4 0
5 0
6 0
7 0
8 0
9 0
10 0
11 0
12 0
13 0
14 0
15 2
16 2
17 0
18 8
19 1
20 30
21 9
22 26
23 62
24 14
25 84
26 53
27 79
28 113
29 86
30 128
31 94
32 107
33 163
34 88
35 178
36 118
37 160
38 100
39 129
40 146
41 126
42 125
43 129
44 167
45 118
46 183
47 136
48 133
49 119
50 180
51 114
52 123
53 142
54 143
55 140
56 118
57 96
58 104
59 80
60 62
61 47
62 29
63 25
64 22
65 15
66 6
67 5
68 2
69 2
70 2
71 2
72 1
73 2
74 0
75 0
76 0
77 0
78 0
79 0
80 0
81 0
82 0
83 0
84 0
85 0
86 0
87 0
88 0
89 0
90 0
91 0
92 0
93 0
94 0
95 0
96 0
97 0
98 0
99 0
100 0
101 0
21
37593
