0
0 0
1 0
2 0
3 0
4 0
5 0
6 0
7 0
8 0
9 0
10 3
11 3
12 1
13 7
14 19
15 4
16 19
17 50
18 27
19 12
20 74
21 48
22 33
23 83
24 83
25 67
26 92
27 97
28 115
29 97
30 136
31 164
32 120
33 142
34 164
35 145
36 138
37 207
38 161
39 175
40 228
41 127
42 208
43 173
44 179
45 157
46 164
47 117
48 157
49 94
50 150
51 87
52 100
53 64
54 63
55 57
56 41
57 29
58 32
59 14
60 19
61 10
62 8
63 5
64 9
65 2
66 4
67 1
68 0
69 0
70 0
71 0
72 0
73 0
74 0
75 0
76 0
77 0
78 0
79 0
80 0
81 0
82 0
83 0
84 0
85 0
86 0
87 0
88 0
89 0
90 0
91 0
92 0
93 0
94 0
95 0
96 0
97 0
98 0
99 0
100 0
101 0
19
39721
