3
4777 4327 71.1111
4777 2449 61.5385
4777 2073 64.1509
0 0
1 0
2 0
3 0
4 0
5 7
6 1
7 0
8 2
9 8
10 31
11 20
12 8
13 21
14 54
15 56
16 77
17 24
18 67
19 60
20 169
21 78
22 121
23 87
24 177
25 173
26 160
27 195
28 230
29 204
30 257
31 233
32 247
33 174
34 177
35 235
36 198
37 127
38 146
39 168
40 164
41 52
42 102
43 95
44 76
45 50
46 32
47 50
48 40
49 15
50 29
51 16
52 11
53 13
54 11
55 6
56 5
57 3
58 6
59 3
60 2
61 0
62 1
63 0
64 0
65 1
66 0
67 0
68 0
69 0
70 0
71 0
72 1
73 0
74 0
75 0
76 0
77 0
78 0
79 0
80 0
81 0
82 0
83 0
84 0
85 0
86 0
87 0
88 0
89 0
90 0
91 0
92 0
93 0
94 0
95 0
96 0
97 0
98 0
99 0
100 0
101 0
12
39240
