0
0 0
1 0
2 0
3 0
4 0
5 0
6 0
7 0
8 0
9 0
10 0
11 0
12 0
13 0
14 9
15 1
16 3
17 22
18 21
19 10
20 35
21 45
22 39
23 47
24 45
25 93
26 53
27 65
28 100
29 109
30 97
31 133
32 149
33 135
34 182
35 161
36 134
37 192
38 182
39 163
40 261
41 120
42 209
43 202
44 219
45 160
46 229
47 139
48 166
49 143
50 148
51 75
52 93
53 65
54 63
55 44
56 34
57 33
58 19
59 18
60 19
61 7
62 6
63 1
64 5
65 2
66 2
67 1
68 0
69 1
70 0
71 0
72 0
73 0
74 0
75 0
76 0
77 0
78 0
79 0
80 0
81 0
82 0
83 0
84 0
85 0
86 0
87 0
88 0
89 0
90 0
91 0
92 0
93 0
94 0
95 0
96 0
97 0
98 0
99 0
100 0
101 0
18
38287
