0
0 1
1 0
2 0
3 0
4 0
5 2
6 10
7 7
8 2
9 3
10 15
11 26
12 60
13 75
14 48
15 40
16 92
17 76
18 169
19 141
20 185
21 94
22 180
23 267
24 227
25 340
26 149
27 213
28 278
29 209
30 233
31 183
32 220
33 150
34 122
35 155
36 111
37 113
38 99
39 63
40 88
41 32
42 46
43 41
44 36
45 26
46 23
47 13
48 14
49 5
50 10
51 2
52 6
53 3
54 3
55 6
56 1
57 2
58 4
59 0
60 0
61 1
62 0
63 0
64 0
65 0
66 0
67 0
68 0
69 0
70 0
71 0
72 0
73 0
74 0
75 0
76 0
77 0
78 0
79 0
80 0
81 0
82 0
83 0
84 0
85 0
86 0
87 0
88 0
89 0
90 0
91 0
92 0
93 0
94 0
95 0
96 0
97 0
98 0
99 0
100 0
101 0
9
38451
