0
0 0
1 0
2 0
3 0
4 0
5 0
6 0
7 0
8 0
9 0
10 0
11 0
12 0
13 0
14 0
15 0
16 0
17 7
18 3
19 7
20 30
21 13
22 53
23 21
24 63
25 62
26 65
27 104
28 69
29 104
30 87
31 114
32 131
33 123
34 120
35 108
36 166
37 112
38 193
39 100
40 181
41 92
42 127
43 134
44 120
45 120
46 147
47 141
48 144
49 146
50 178
51 119
52 128
53 150
54 116
55 128
56 115
57 97
58 85
59 97
60 87
61 44
62 47
63 36
64 25
65 10
66 8
67 5
68 9
69 6
70 3
71 0
72 0
73 0
74 0
75 0
76 0
77 0
78 1
79 0
80 0
81 0
82 0
83 0
84 0
85 0
86 0
87 0
88 0
89 0
90 0
91 0
92 0
93 0
94 0
95 0
96 0
97 0
98 0
99 0
100 0
101 0
23
38153
