2
486 130 64.2857
486 39 63.4921
0 0
1 0
2 0
3 0
4 0
5 0
6 0
7 0
8 0
9 0
10 0
11 0
12 1
13 1
14 2
15 1
16 6
17 5
18 7
19 14
20 4
21 6
22 8
23 9
24 15
25 19
26 11
27 11
28 16
29 28
30 18
31 12
32 21
33 24
34 20
35 14
36 22
37 17
38 21
39 20
40 26
41 14
42 16
43 16
44 13
45 5
46 6
47 8
48 6
49 3
50 5
51 3
52 3
53 1
54 2
55 2
56 0
57 0
58 1
59 0
60 0
61 0
62 0
63 0
64 1
65 1
66 0
67 0
68 0
69 0
70 0
71 0
72 0
73 0
74 0
75 0
76 0
77 0
78 0
79 0
80 0
81 0
82 0
83 0
84 0
85 0
86 0
87 0
88 0
89 0
90 0
91 0
92 0
93 0
94 0
95 0
96 0
97 0
98 0
99 0
100 0
101 0
1
182
