25
4819 4562 70
4819 4410 61.5385
4819 4032 60.2151
4819 3769 67.6056
4819 3640 60.8696
4819 3341 60
4819 3177 61.3333
4819 3084 60.2151
4819 2973 65.7895
4819 2457 60
4819 2192 62.5
4819 2003 60.5263
4819 1875 63.4146
4819 1827 61.1765
4819 1810 64.7059
4819 1748 61.1765
4819 1505 65.7895
4819 1421 66.6667
4819 1362 63.4921
4819 1278 62.7907
4819 1266 64.9351
4819 1166 60.5263
4819 1161 63.5294
4819 910 60.5263
4819 518 60.4651
0 0
1 0
2 0
3 0
4 0
5 0
6 0
7 0
8 4
9 0
10 1
11 2
12 19
13 1
14 10
15 35
16 36
17 18
18 39
19 63
20 62
21 32
22 78
23 88
24 95
25 111
26 105
27 115
28 126
29 137
30 138
31 153
32 166
33 144
34 220
35 195
36 157
37 196
38 220
39 160
40 245
41 136
42 167
43 167
44 167
45 144
46 148
47 124
48 115
49 107
50 87
51 48
52 49
53 41
54 42
55 20
56 15
57 11
58 15
59 14
60 7
61 7
62 4
63 2
64 3
65 2
66 2
67 1
68 1
69 0
70 1
71 0
72 0
73 0
74 0
75 0
76 0
77 0
78 0
79 0
80 0
81 0
82 0
83 0
84 0
85 0
86 0
87 0
88 0
89 0
90 0
91 0
92 0
93 0
94 0
95 0
96 0
97 0
98 0
99 0
100 0
101 0
17
39928
