0
0 0
1 0
2 0
3 0
4 0
5 0
6 0
7 0
8 4
9 3
10 0
11 0
12 15
13 19
14 4
15 12
16 35
17 41
18 25
19 30
20 88
21 55
22 80
23 68
24 118
25 126
26 98
27 108
28 97
29 130
30 241
31 138
32 142
33 202
34 182
35 185
36 203
37 219
38 197
39 180
40 293
41 119
42 181
43 169
44 182
45 140
46 131
47 108
48 75
49 58
50 89
51 32
52 46
53 28
54 27
55 19
56 22
57 9
58 11
59 3
60 10
61 3
62 2
63 3
64 0
65 1
66 2
67 0
68 1
69 0
70 0
71 0
72 0
73 1
74 0
75 0
76 0
77 0
78 0
79 0
80 0
81 0
82 0
83 0
84 0
85 0
86 0
87 0
88 0
89 0
90 0
91 0
92 0
93 0
94 0
95 0
96 0
97 0
98 0
99 0
100 0
101 0
17
40131
