0
0 1
1 0
2 0
3 0
4 0
5 4
6 14
7 9
8 1
9 6
10 20
11 36
12 79
13 53
14 63
15 71
16 89
17 109
18 163
19 141
20 172
21 80
22 201
23 231
24 211
25 248
26 102
27 237
28 240
29 187
30 236
31 222
32 217
33 186
34 152
35 173
36 149
37 97
38 95
39 75
40 127
41 24
42 50
43 47
44 50
45 35
46 17
47 13
48 22
49 22
50 13
51 3
52 9
53 8
54 5
55 5
56 4
57 2
58 3
59 1
60 0
61 0
62 0
63 0
64 0
65 1
66 1
67 0
68 0
69 0
70 0
71 0
72 0
73 0
74 0
75 0
76 0
77 0
78 0
79 0
80 0
81 0
82 0
83 0
84 0
85 0
86 0
87 0
88 0
89 0
90 0
91 0
92 0
93 0
94 0
95 0
96 0
97 0
98 0
99 0
100 0
101 0
13
40566
