2
4864 273 60
4864 177 60
0 0
1 0
2 0
3 0
4 0
5 4
6 0
7 0
8 2
9 8
10 31
11 9
12 16
13 15
14 50
15 79
16 45
17 36
18 60
19 100
20 144
21 85
22 100
23 123
24 174
25 219
26 139
27 192
28 212
29 211
30 257
31 227
32 198
33 181
34 215
35 225
36 169
37 162
38 171
39 165
40 148
41 74
42 113
43 80
44 82
45 75
46 58
47 41
48 34
49 23
50 32
51 6
52 16
53 20
54 10
55 5
56 7
57 4
58 7
59 0
60 4
61 0
62 0
63 0
64 0
65 0
66 0
67 0
68 0
69 0
70 0
71 0
72 0
73 0
74 0
75 0
76 0
77 0
78 0
79 0
80 0
81 0
82 0
83 0
84 0
85 0
86 0
87 0
88 0
89 0
90 0
91 0
92 0
93 0
94 0
95 0
96 0
97 0
98 0
99 0
100 0
101 0
13
40682
