0
0 0
1 0
2 0
3 0
4 0
5 0
6 0
7 0
8 0
9 0
10 0
11 6
12 0
13 1
14 13
15 22
16 5
17 20
18 53
19 31
20 35
21 39
22 86
23 55
24 83
25 134
26 78
27 100
28 108
29 157
30 148
31 105
32 162
33 169
34 133
35 204
36 152
37 152
38 200
39 200
40 235
41 159
42 199
43 198
44 190
45 180
46 146
47 142
48 141
49 148
50 118
51 43
52 75
53 73
54 45
55 55
56 42
57 30
58 19
59 11
60 11
61 6
62 6
63 5
64 3
65 1
66 2
67 0
68 1
69 0
70 0
71 1
72 0
73 0
74 0
75 0
76 0
77 0
78 0
79 0
80 0
81 0
82 0
83 0
84 0
85 0
86 0
87 0
88 0
89 0
90 0
91 0
92 0
93 0
94 0
95 0
96 0
97 0
98 0
99 0
100 0
101 0
26
42363
