4
5029 4000 61.9048
5029 2605 62.5
5029 1599 60.4651
5029 299 100
0 0
1 0
2 0
3 0
4 0
5 1
6 0
7 0
8 0
9 3
10 29
11 0
12 4
13 14
14 28
15 54
16 17
17 26
18 47
19 74
20 96
21 50
22 61
23 140
24 159
25 180
26 112
27 157
28 197
29 178
30 261
31 174
32 253
33 220
34 249
35 244
36 200
37 207
38 238
39 160
40 219
41 128
42 152
43 109
44 94
45 122
46 93
47 45
48 47
49 40
50 50
51 12
52 23
53 9
54 10
55 12
56 10
57 6
58 3
59 5
60 2
61 1
62 1
63 1
64 0
65 0
66 0
67 0
68 0
69 0
70 0
71 0
72 0
73 0
74 0
75 0
76 0
77 0
78 0
79 0
80 0
81 0
82 0
83 0
84 0
85 0
86 0
87 0
88 0
89 0
90 0
91 0
92 0
93 0
94 0
95 0
96 0
97 0
98 0
99 0
100 0
101 1
15
43473
