0
0 2
1 0
2 0
3 0
4 3
5 16
6 0
7 8
8 44
9 85
10 45
11 40
12 92
13 99
14 157
15 94
16 166
17 130
18 272
19 190
20 266
21 193
22 338
23 231
24 301
25 287
26 225
27 263
28 231
29 212
30 172
31 132
32 169
33 128
34 79
35 83
36 80
37 43
38 36
39 32
40 42
41 6
42 16
43 9
44 3
45 6
46 8
47 3
48 6
49 0
50 4
51 1
52 0
53 0
54 0
55 0
56 1
57 0
58 0
59 0
60 0
61 0
62 0
63 0
64 0
65 0
66 0
67 0
68 0
69 0
70 0
71 0
72 0
73 0
74 0
75 0
76 0
77 0
78 0
79 1
80 0
81 0
82 0
83 0
84 0
85 0
86 0
87 0
88 0
89 0
90 0
91 0
92 0
93 0
94 0
95 0
96 0
97 0
98 0
99 0
100 0
101 0
13
44437
