1
5026 1244 100
0 0
1 0
2 0
3 0
4 0
5 0
6 0
7 0
8 0
9 0
10 0
11 0
12 9
13 1
14 0
15 6
16 38
17 13
18 15
19 18
20 74
21 34
22 56
23 61
24 108
25 100
26 78
27 112
28 119
29 154
30 131
31 145
32 203
33 183
34 165
35 218
36 215
37 180
38 235
39 249
40 232
41 167
42 245
43 174
44 186
45 179
46 166
47 106
48 138
49 87
50 108
51 40
52 62
53 48
54 51
55 30
56 21
57 13
58 18
59 11
60 8
61 4
62 4
63 2
64 0
65 2
66 1
67 0
68 1
69 0
70 0
71 0
72 0
73 0
74 0
75 0
76 0
77 0
78 0
79 0
80 0
81 0
82 0
83 0
84 0
85 0
86 0
87 0
88 0
89 0
90 0
91 0
92 0
93 0
94 0
95 0
96 0
97 0
98 0
99 0
100 0
101 1
17
44012
