0
0 0
1 0
2 0
3 0
4 0
5 0
6 0
7 0
8 0
9 0
10 0
11 0
12 0
13 0
14 0
15 3
16 1
17 0
18 30
19 8
20 20
21 42
22 27
23 40
24 77
25 61
26 70
27 121
28 111
29 113
30 145
31 126
32 126
33 172
34 91
35 156
36 181
37 130
38 212
39 121
40 227
41 148
42 181
43 160
44 207
45 188
46 204
47 147
48 173
49 163
50 220
51 119
52 142
53 120
54 111
55 100
56 93
57 48
58 55
59 41
60 35
61 19
62 15
63 15
64 9
65 9
66 5
67 6
68 0
69 0
70 1
71 0
72 0
73 0
74 0
75 0
76 0
77 0
78 0
79 0
80 0
81 0
82 0
83 0
84 0
85 0
86 0
87 0
88 0
89 0
90 0
91 0
92 0
93 0
94 0
95 1
96 0
97 0
98 0
99 0
100 0
101 0
23
46126
