9
5118 5045 62.2222
5118 5000 62.2222
5118 4656 70.5882
5118 3067 60
5118 2535 64.5161
5118 2049 60.6061
5118 1850 74.2857
5118 965 100
5118 642 65
0 2
1 0
2 0
3 0
4 0
5 4
6 8
7 6
8 1
9 9
10 16
11 43
12 83
13 78
14 56
15 55
16 93
17 83
18 167
19 169
20 207
21 113
22 191
23 256
24 224
25 350
26 182
27 213
28 251
29 213
30 246
31 189
32 245
33 169
34 141
35 171
36 123
37 131
38 100
39 78
40 123
41 37
42 47
43 32
44 45
45 24
46 25
47 16
48 23
49 11
50 21
51 0
52 8
53 4
54 3
55 11
56 3
57 3
58 6
59 0
60 1
61 1
62 0
63 2
64 0
65 2
66 0
67 0
68 0
69 0
70 0
71 1
72 0
73 0
74 0
75 1
76 0
77 0
78 0
79 0
80 0
81 0
82 0
83 0
84 0
85 0
86 0
87 0
88 0
89 0
90 0
91 0
92 0
93 0
94 0
95 0
96 0
97 0
98 0
99 0
100 0
101 1
11
44999
