29
5178 4621 66.6667
5178 4433 92.3077
5178 3542 60.8696
5178 3447 61.5385
5178 3323 61.9718
5178 3312 64.1026
5178 3099 61.3636
5178 2939 61.1765
5178 2643 63.1579
5178 2544 60.274
5178 2502 63.5294
5178 2486 61.1765
5178 2448 61.3333
5178 2378 63.5294
5178 2300 61.5385
5178 2283 62.6506
5178 2081 67.6923
5178 1781 62.069
5178 1567 65.2174
5178 1355 60
5178 1319 60
5178 1277 62.069
5178 1236 60
5178 1037 67.5676
5178 1032 60.5263
5178 841 64.2857
5178 786 60.241
5178 484 60
5178 52 60.3175
0 0
1 0
2 0
3 0
4 0
5 0
6 0
7 0
8 3
9 0
10 0
11 7
12 27
13 2
14 10
15 21
16 55
17 10
18 24
19 62
20 87
21 35
22 80
23 108
24 120
25 102
26 121
27 125
28 139
29 166
30 140
31 157
32 221
33 151
34 216
35 212
36 208
37 171
38 234
39 198
40 245
41 151
42 181
43 157
44 162
45 190
46 148
47 110
48 115
49 81
50 101
51 51
52 55
53 43
54 36
55 32
56 20
57 28
58 18
59 5
60 11
61 5
62 7
63 3
64 3
65 2
66 1
67 1
68 2
69 0
70 0
71 0
72 0
73 0
74 0
75 0
76 0
77 0
78 0
79 0
80 0
81 0
82 0
83 0
84 0
85 0
86 0
87 0
88 0
89 0
90 0
91 0
92 0
93 1
94 0
95 0
96 0
97 0
98 0
99 0
100 0
101 0
18
46101
