0
0 0
1 0
2 0
3 0
4 0
5 0
6 0
7 0
8 0
9 0
10 0
11 1
12 4
13 0
14 5
15 12
16 10
17 48
18 15
19 21
20 67
21 17
22 53
23 92
24 54
25 83
26 82
27 61
28 118
29 140
30 107
31 175
32 136
33 131
34 173
35 129
36 185
37 130
38 145
39 153
40 184
41 157
42 169
43 169
44 178
45 156
46 163
47 151
48 182
49 122
50 186
51 109
52 118
53 115
54 117
55 89
56 98
57 68
58 52
59 45
60 38
61 35
62 22
63 18
64 12
65 8
66 8
67 2
68 5
69 4
70 0
71 1
72 1
73 1
74 3
75 0
76 0
77 0
78 0
79 0
80 0
81 0
82 0
83 0
84 0
85 0
86 0
87 0
88 0
89 0
90 0
91 0
92 0
93 0
94 0
95 0
96 1
97 0
98 0
99 0
100 0
101 0
25
45890
