0
0 0
1 0
2 0
3 0
4 0
5 0
6 0
7 0
8 0
9 0
10 1
11 3
12 29
13 2
14 13
15 36
16 31
17 24
18 27
19 64
20 72
21 43
22 91
23 79
24 114
25 124
26 96
27 130
28 138
29 150
30 162
31 193
32 158
33 181
34 192
35 185
36 146
37 190
38 254
39 184
40 286
41 136
42 193
43 185
44 185
45 162
46 148
47 131
48 110
49 95
50 107
51 49
52 55
53 51
54 48
55 24
56 25
57 20
58 18
59 11
60 9
61 4
62 5
63 0
64 5
65 0
66 1
67 0
68 1
69 0
70 2
71 0
72 0
73 1
74 0
75 0
76 0
77 0
78 0
79 0
80 0
81 0
82 0
83 0
84 0
85 0
86 0
87 0
88 0
89 0
90 0
91 0
92 0
93 1
94 0
95 0
96 0
97 0
98 0
99 0
100 0
101 0
17
46769
