22
5186 4990 64.5161
5186 4925 68.8172
5186 4817 60.6742
5186 4798 60.7595
5186 4791 64.1975
5186 4135 62.5
5186 3948 60
5186 3895 60.4651
5186 3761 60.6061
5186 3589 61.3333
5186 3449 100
5186 3164 61.7647
5186 2825 65.1163
5186 2759 64
5186 2689 61.3636
5186 2305 61.7021
5186 1278 66.6667
5186 910 65
5186 894 60.7595
5186 752 60
5186 664 61.0526
5186 629 64.2857
0 0
1 0
2 0
3 0
4 0
5 0
6 0
7 0
8 0
9 0
10 0
11 0
12 0
13 0
14 3
15 9
16 1
17 10
18 33
19 9
20 34
21 43
22 62
23 26
24 54
25 118
26 74
27 79
28 100
29 165
30 131
31 81
32 165
33 149
34 119
35 207
36 199
37 166
38 222
39 217
40 273
41 184
42 213
43 204
44 231
45 210
46 199
47 180
48 172
49 161
50 168
51 82
52 91
53 76
54 79
55 49
56 42
57 33
58 22
59 14
60 6
61 5
62 5
63 1
64 1
65 4
66 1
67 1
68 0
69 1
70 0
71 0
72 0
73 0
74 0
75 0
76 0
77 0
78 0
79 0
80 0
81 0
82 0
83 0
84 0
85 0
86 0
87 0
88 0
89 0
90 0
91 0
92 0
93 0
94 0
95 0
96 0
97 0
98 0
99 0
100 0
101 1
20
46240
