42
5204 5105 61.2245
5204 5034 61.3636
5204 4895 60.2151
5204 4879 64.1026
5204 4693 90.4762
5204 4633 60.4167
5204 4629 60.6742
5204 4313 61.8557
5204 3883 63.7363
5204 3695 61.8557
5204 3674 60.4651
5204 3670 63.5294
5204 3631 65.9341
5204 3629 61.6822
5204 3552 61.0526
5204 3466 62.069
5204 3372 61.3861
5204 3345 60.7595
5204 2960 60.5263
5204 2873 60.4651
5204 2701 62.2222
5204 2694 60.6742
5204 2521 60.5263
5204 2479 64.1026
5204 2249 60
5204 2068 61.2245
5204 1775 62.7907
5204 1722 61.2245
5204 1525 61.3636
5204 1499 60.5263
5204 1371 62.1622
5204 1198 61.7021
5204 1181 64.1975
5204 1039 60.241
5204 1020 62.7907
5204 930 62.3656
5204 872 64
5204 722 60.7595
5204 643 62.2642
5204 470 61.1111
5204 396 60
5204 41 64.2202
0 0
1 0
2 0
3 0
4 0
5 0
6 0
7 0
8 0
9 0
10 4
11 5
12 0
13 6
14 18
15 6
16 5
17 42
18 35
19 20
20 56
21 48
22 71
23 82
24 91
25 115
26 96
27 104
28 130
29 151
30 136
31 163
32 174
33 147
34 183
35 169
36 150
37 211
38 182
39 160
40 271
41 103
42 195
43 181
44 207
45 162
46 173
47 171
48 168
49 141
50 141
51 55
52 94
53 77
54 69
55 60
56 41
57 32
58 22
59 19
60 21
61 12
62 12
63 7
64 3
65 4
66 1
67 0
68 0
69 0
70 0
71 0
72 0
73 0
74 0
75 0
76 0
77 0
78 0
79 0
80 0
81 0
82 0
83 0
84 0
85 0
86 0
87 0
88 0
89 0
90 0
91 1
92 0
93 0
94 0
95 0
96 0
97 0
98 0
99 0
100 0
101 0
20
46584
