3
5209 4711 64.5161
5209 3749 62.069
5209 938 81.4815
0 1
1 0
2 0
3 0
4 0
5 0
6 1
7 9
8 18
9 1
10 6
11 10
12 32
13 55
14 65
15 115
16 117
17 96
18 188
19 210
20 345
21 241
22 347
23 319
24 370
25 326
26 251
27 276
28 270
29 199
30 261
31 185
32 139
33 100
34 92
35 111
36 88
37 34
38 56
39 54
40 59
41 8
42 32
43 32
44 11
45 12
46 12
47 22
48 4
49 9
50 5
51 0
52 6
53 2
54 1
55 2
56 0
57 0
58 0
59 0
60 0
61 0
62 0
63 1
64 0
65 1
66 0
67 0
68 0
69 0
70 0
71 0
72 0
73 0
74 0
75 0
76 0
77 0
78 0
79 0
80 0
81 0
82 1
83 0
84 0
85 0
86 0
87 0
88 0
89 0
90 0
91 0
92 0
93 0
94 0
95 0
96 0
97 0
98 0
99 0
100 0
101 0
11
46657
