1
5232 2669 100
0 0
1 0
2 0
3 0
4 0
5 0
6 0
7 0
8 0
9 0
10 0
11 0
12 0
13 0
14 0
15 0
16 0
17 0
18 7
19 6
20 0
21 18
22 27
23 14
24 65
25 75
26 27
27 104
28 88
29 80
30 87
31 142
32 115
33 168
34 135
35 148
36 168
37 142
38 212
39 153
40 207
41 159
42 212
43 182
44 215
45 196
46 215
47 198
48 204
49 208
50 202
51 109
52 208
53 110
54 148
55 99
56 88
57 84
58 60
59 34
60 40
61 22
62 12
63 11
64 12
65 7
66 4
67 3
68 0
69 0
70 0
71 0
72 0
73 0
74 0
75 0
76 0
77 0
78 0
79 0
80 0
81 0
82 0
83 0
84 0
85 0
86 0
87 0
88 0
89 0
90 0
91 0
92 0
93 0
94 0
95 0
96 0
97 0
98 0
99 0
100 0
101 1
22
47729
