0
0 0
1 0
2 0
3 0
4 0
5 6
6 0
7 0
8 6
9 15
10 51
11 5
12 21
13 45
14 106
15 112
16 52
17 89
18 119
19 152
20 219
21 151
22 178
23 197
24 236
25 314
26 174
27 309
28 248
29 254
30 312
31 234
32 231
33 195
34 191
35 169
36 136
37 137
38 142
39 79
40 103
41 37
42 44
43 34
44 18
45 29
46 18
47 10
48 9
49 5
50 6
51 1
52 4
53 3
54 6
55 3
56 3
57 0
58 0
59 0
60 0
61 0
62 0
63 0
64 0
65 0
66 1
67 0
68 0
69 0
70 0
71 0
72 0
73 0
74 0
75 0
76 0
77 0
78 0
79 0
80 0
81 0
82 0
83 0
84 0
85 0
86 0
87 0
88 0
89 1
90 0
91 0
92 0
93 0
94 0
95 0
96 0
97 0
98 0
99 0
100 0
101 0
14
47486
