2
5318 5308 63.1579
5318 2031 61.5385
0 0
1 0
2 0
3 0
4 0
5 0
6 2
7 5
8 13
9 8
10 8
11 9
12 12
13 35
14 47
15 88
16 152
17 200
18 217
19 264
20 444
21 230
22 422
23 440
24 435
25 430
26 206
27 221
28 278
29 150
30 164
31 108
32 125
33 99
34 116
35 97
36 47
37 15
38 60
39 43
40 35
41 0
42 28
43 16
44 16
45 7
46 5
47 4
48 3
49 0
50 7
51 0
52 0
53 4
54 0
55 0
56 0
57 0
58 0
59 0
60 0
61 0
62 1
63 0
64 1
65 0
66 0
67 0
68 0
69 0
70 0
71 0
72 0
73 0
74 0
75 0
76 0
77 0
78 0
79 0
80 0
81 0
82 0
83 0
84 0
85 0
86 0
87 0
88 0
89 0
90 0
91 0
92 0
93 0
94 0
95 0
96 0
97 0
98 0
99 0
100 0
101 0
11
48701
