159
5321 5298 62.9921
5321 5149 63.9344
5321 5119 67.7686
5321 5117 62.6087
5321 5105 60.3448
5321 5078 61.194
5321 5076 64.4628
5321 5047 62.4
5321 4984 62.7119
5321 4928 61.7886
5321 4908 62.7119
5321 4895 61.2613
5321 4858 60.5042
5321 4852 61.9048
5321 4804 60
5321 4754 63.1579
5321 4749 66.0377
5321 4744 60.6061
5321 4722 61.7886
5321 4697 66.6667
5321 4687 61.5385
5321 4664 62.9032
5321 4605 64.5161
5321 4486 62.2642
5321 4468 60.8696
5321 4441 62.9921
5321 4416 61.9469
5321 4379 67.7165
5321 4363 65.4867
5321 4356 63.6364
5321 4346 60.6557
5321 4282 63.1579
5321 4229 63.7168
5321 4192 60
5321 4187 65.5172
5321 4186 62.4
5321 4138 64.4628
5321 4119 64.2202
5321 4028 62.1849
5321 4024 64.5669
5321 3987 62.8099
5321 3983 60.3448
5321 3943 60.3774
5321 3894 60.177
5321 3875 61.5385
5321 3859 61.9048
5321 3844 63.9344
5321 3743 62.6087
5321 3691 63.1579
5321 3672 65.0794
5321 3665 61.6667
5321 3656 66.1017
5321 3602 61.7886
5321 3582 64.9123
5321 3576 60.1942
5321 3560 62.6087
5321 3558 62.5
5321 3549 66.6667
5321 3506 61.4035
5321 3473 62.4
5321 3471 60.3175
5321 3457 62.9032
5321 3384 62.8099
5321 3356 62.6087
5321 3298 62.9032
5321 3213 60.3774
5321 3199 61.4035
5321 3116 60.3448
5321 3113 71.3043
5321 3074 63.0631
5321 3029 67.3077
5321 2934 61.0169
5321 2905 63.7931
5321 2886 62.8099
5321 2877 60.3448
5321 2800 100
5321 2761 62.4
5321 2749 64.4068
5321 2674 61.1111
5321 2662 61.5385
5321 2658 62.1359
5321 2650 61.8182
5321 2610 64.5161
5321 2561 62.2642
5321 2546 63.8655
5321 2530 60.5042
5321 2526 61.4035
5321 2476 60.8
5321 2460 62.069
5321 2358 66.1157
5321 2342 63.9344
5321 2334 61.9048
5321 2289 63.4146
5321 2234 64.5669
5321 2215 60.5042
5321 2158 61.7886
5321 2124 62.1849
5321 2018 63.6364
5321 1927 63.0631
5321 1878 60.1942
5321 1797 61.1111
5321 1760 62.7119
5321 1722 62.069
5321 1693 63.0631
5321 1663 64.9123
5321 1647 60
5321 1639 62.6087
5321 1564 60
5321 1553 60
5321 1516 60.5042
5321 1504 63.2479
5321 1443 60.1626
5321 1440 60.5042
5321 1428 63.0631
5321 1390 61.5385
5321 1363 61.2903
5321 1259 67.7165
5321 1218 61.5385
5321 1198 60.7143
5321 1187 65.6
5321 1158 60.6557
5321 1093 61.4035
5321 1062 63.1579
5321 1053 61.9048
5321 1036 62.9032
5321 1001 60
5321 998 65.4867
5321 982 60
5321 973 61.8182
5321 930 61.2613
5321 918 60.9524
5321 909 61.157
5321 872 61.0169
5321 845 63.4921
5321 827 67.2414
5321 774 67.8899
5321 727 64.9573
5321 689 64.9573
5321 672 60.7143
5321 666 62.9921
5321 647 63.1579
5321 643 61.2903
5321 599 64.9123
5321 561 63.2479
5321 429 62.6087
5321 384 64.1509
5321 383 60.9524
5321 343 60.6557
5321 259 61.3861
5321 253 62.9032
5321 232 66.129
5321 121 62.4
5321 91 60.7843
5321 76 63.4146
5321 74 60.9524
5321 51 62.9921
5321 41 72.4409
5321 11 62.4
5321 8 62.1849
0 0
1 0
2 0
3 0
4 0
5 0
6 0
7 0
8 0
9 0
10 0
11 0
12 0
13 0
14 0
15 0
16 3
17 1
18 4
19 17
20 4
21 29
22 40
23 29
24 92
25 42
26 76
27 79
28 80
29 128
30 108
31 92
32 178
33 120
34 163
35 158
36 144
37 147
38 148
39 192
40 184
41 160
42 140
43 152
44 194
45 147
46 170
47 168
48 206
49 143
50 229
51 126
52 157
53 171
54 155
55 118
56 142
57 107
58 81
59 75
60 69
61 28
62 32
63 36
64 22
65 14
66 5
67 6
68 6
69 0
70 0
71 0
72 1
73 1
74 0
75 0
76 0
77 0
78 0
79 0
80 0
81 0
82 0
83 0
84 0
85 0
86 0
87 0
88 0
89 0
90 0
91 0
92 0
93 0
94 0
95 0
96 0
97 0
98 0
99 0
100 0
101 1
25
48759
