0
0 0
1 0
2 0
3 0
4 0
5 0
6 0
7 0
8 0
9 0
10 0
11 0
12 0
13 0
14 1
15 0
16 11
17 7
18 2
19 7
20 39
21 20
22 18
23 39
24 98
25 100
26 52
27 112
28 119
29 139
30 158
31 130
32 173
33 238
34 172
35 172
36 251
37 231
38 251
39 259
40 350
41 167
42 340
43 218
44 218
45 192
46 211
47 139
48 126
49 111
50 135
51 50
52 70
53 43
54 38
55 32
56 21
57 11
58 15
59 8
60 5
61 4
62 3
63 1
64 0
65 0
66 0
67 0
68 0
69 0
70 0
71 0
72 0
73 0
74 0
75 0
76 0
77 0
78 0
79 0
80 0
81 0
82 0
83 0
84 0
85 0
86 0
87 1
88 0
89 0
90 0
91 0
92 0
93 0
94 0
95 0
96 0
97 0
98 0
99 0
100 0
101 0
18
49123
