0
0 0
1 0
2 0
3 0
4 0
5 0
6 0
7 0
8 0
9 0
10 0
11 0
12 0
13 0
14 0
15 1
16 0
17 0
18 1
19 0
20 1
21 1
22 2
23 5
24 2
25 14
26 12
27 8
28 20
29 8
30 11
31 12
32 12
33 18
34 12
35 20
36 14
37 14
38 15
39 20
40 18
41 19
42 19
43 17
44 22
45 13
46 25
47 8
48 20
49 11
50 23
51 12
52 19
53 17
54 22
55 9
56 10
57 11
58 11
59 11
60 3
61 5
62 4
63 4
64 2
65 1
66 3
67 1
68 1
69 0
70 0
71 0
72 0
73 0
74 0
75 0
76 0
77 0
78 0
79 0
80 0
81 0
82 0
83 0
84 0
85 0
86 0
87 0
88 0
89 0
90 0
91 0
92 0
93 0
94 0
95 0
96 0
97 0
98 0
99 0
100 0
101 0
2
294
