0
0 0
1 0
2 0
3 0
4 0
5 0
6 0
7 0
8 0
9 0
10 0
11 0
12 0
13 0
14 0
15 0
16 0
17 0
18 0
19 0
20 1
21 2
22 3
23 9
24 2
25 11
26 6
27 11
28 12
29 3
30 22
31 16
32 16
33 18
34 18
35 24
36 18
37 19
38 20
39 24
40 18
41 15
42 17
43 14
44 18
45 16
46 26
47 19
48 19
49 17
50 18
51 10
52 20
53 26
54 14
55 11
56 19
57 14
58 5
59 8
60 5
61 5
62 5
63 5
64 1
65 0
66 1
67 0
68 1
69 0
70 0
71 0
72 1
73 0
74 0
75 0
76 0
77 0
78 0
79 0
80 0
81 0
82 0
83 0
84 0
85 0
86 0
87 0
88 0
89 0
90 0
91 0
92 0
93 0
94 0
95 0
96 0
97 0
98 0
99 0
100 0
101 0
2
349
