7
672 647 60.3774
672 599 62.2642
672 562 64.0777
672 384 65.3061
672 232 62.069
672 8 63.0631
672 7 60.3774
0 0
1 0
2 0
3 0
4 0
5 0
6 0
7 0
8 0
9 0
10 0
11 0
12 0
13 0
14 0
15 0
16 0
17 0
18 1
19 0
20 2
21 1
22 0
23 2
24 19
25 6
26 8
27 13
28 11
29 7
30 20
31 15
32 21
33 15
34 15
35 18
36 15
37 24
38 21
39 23
40 36
41 16
42 24
43 24
44 25
45 33
46 28
47 18
48 26
49 22
50 25
51 18
52 9
53 21
54 12
55 15
56 19
57 14
58 7
59 11
60 4
61 2
62 0
63 2
64 1
65 1
66 1
67 0
68 0
69 0
70 0
71 0
72 0
73 0
74 0
75 0
76 0
77 0
78 0
79 0
80 0
81 0
82 0
83 0
84 0
85 0
86 0
87 0
88 0
89 0
90 0
91 0
92 0
93 0
94 0
95 0
96 0
97 0
98 0
99 0
100 0
101 0
2
455
