0
0 0
1 0
2 0
3 0
4 0
5 0
6 0
7 0
8 0
9 0
10 0
11 0
12 0
13 0
14 0
15 0
16 1
17 4
18 0
19 3
20 3
21 1
22 3
23 6
24 11
25 14
26 8
27 7
28 22
29 12
30 22
31 24
32 11
33 30
34 17
35 14
36 20
37 16
38 28
39 21
40 33
41 12
42 27
43 15
44 28
45 22
46 20
47 22
48 26
49 23
50 23
51 16
52 13
53 18
54 9
55 11
56 16
57 8
58 13
59 7
60 7
61 5
62 4
63 3
64 4
65 2
66 1
67 1
68 1
69 0
70 0
71 0
72 0
73 0
74 0
75 0
76 0
77 0
78 0
79 0
80 0
81 0
82 0
83 0
84 0
85 0
86 0
87 0
88 0
89 0
90 0
91 0
92 0
93 0
94 0
95 0
96 0
97 0
98 0
99 0
100 0
101 0
3
499
