13
733 718 62.6506
733 596 61.4035
733 559 66.0377
733 429 62.1359
733 404 60.3774
733 366 60
733 358 60.7143
733 341 64.2857
733 268 65.9341
733 203 61.4035
733 121 60.177
733 106 60.4167
733 11 63.7168
0 0
1 0
2 0
3 0
4 0
5 0
6 0
7 0
8 0
9 0
10 0
11 0
12 0
13 0
14 0
15 0
16 2
17 0
18 1
19 4
20 1
21 0
22 6
23 4
24 8
25 20
26 8
27 10
28 13
29 28
30 12
31 24
32 15
33 17
34 20
35 26
36 20
37 27
38 19
39 37
40 31
41 24
42 37
43 31
44 21
45 36
46 23
47 20
48 24
49 12
50 30
51 19
52 17
53 15
54 16
55 16
56 7
57 5
58 10
59 2
60 2
61 4
62 2
63 2
64 1
65 1
66 1
67 1
68 0
69 0
70 0
71 0
72 0
73 0
74 0
75 0
76 0
77 0
78 0
79 0
80 0
81 0
82 0
83 0
84 0
85 0
86 0
87 0
88 0
89 0
90 0
91 0
92 0
93 0
94 0
95 0
96 0
97 0
98 0
99 0
100 0
101 0
2
567
