0
0 0
1 0
2 0
3 0
4 0
5 0
6 0
7 0
8 0
9 0
10 0
11 0
12 0
13 0
14 0
15 0
16 3
17 0
18 1
19 1
20 9
21 1
22 5
23 9
24 6
25 9
26 21
27 19
28 10
29 21
30 24
31 17
32 31
33 21
34 17
35 41
36 26
37 30
38 25
39 28
40 40
41 28
42 34
43 30
44 26
45 22
46 33
47 24
48 34
49 20
50 24
51 11
52 17
53 14
54 16
55 10
56 12
57 4
58 6
59 2
60 4
61 1
62 3
63 1
64 2
65 0
66 0
67 0
68 0
69 0
70 0
71 0
72 0
73 0
74 0
75 0
76 0
77 0
78 0
79 0
80 0
81 0
82 0
83 0
84 0
85 0
86 0
87 0
88 0
89 0
90 0
91 0
92 0
93 0
94 0
95 0
96 0
97 0
98 0
99 0
100 0
101 0
3
711
