0
0 0
1 0
2 0
3 0
4 0
5 1
6 3
7 0
8 0
9 2
10 4
11 4
12 3
13 2
14 8
15 11
16 16
17 10
18 9
19 12
20 21
21 8
22 24
23 23
24 30
25 39
26 22
27 24
28 52
29 37
30 33
31 34
32 45
33 34
34 27
35 35
36 37
37 37
38 33
39 24
40 24
41 11
42 13
43 7
44 12
45 12
46 8
47 2
48 4
49 2
50 3
51 3
52 5
53 0
54 3
55 2
56 0
57 0
58 0
59 0
60 0
61 0
62 1
63 0
64 0
65 0
66 0
67 0
68 0
69 0
70 0
71 0
72 0
73 0
74 0
75 0
76 0
77 0
78 0
79 0
80 0
81 0
82 0
83 0
84 0
85 0
86 0
87 0
88 0
89 0
90 0
91 0
92 0
93 0
94 0
95 0
96 0
97 0
98 0
99 0
100 0
101 0
2
763
