1
830 156 60.7143
0 0
1 0
2 0
3 0
4 0
5 0
6 0
7 0
8 0
9 1
10 6
11 9
12 5
13 2
14 9
15 13
16 5
17 18
18 16
19 7
20 17
21 22
22 26
23 25
24 23
25 36
26 22
27 33
28 46
29 40
30 52
31 34
32 45
33 45
34 42
35 25
36 27
37 25
38 24
39 17
40 31
41 7
42 14
43 8
44 8
45 7
46 7
47 5
48 6
49 3
50 5
51 0
52 4
53 3
54 0
55 2
56 1
57 0
58 0
59 0
60 0
61 1
62 0
63 0
64 0
65 0
66 0
67 0
68 0
69 0
70 0
71 0
72 0
73 0
74 0
75 0
76 0
77 0
78 0
79 0
80 0
81 0
82 0
83 0
84 0
85 0
86 0
87 0
88 0
89 0
90 0
91 0
92 0
93 0
94 0
95 0
96 0
97 0
98 0
99 0
100 0
101 0
2
776
