5
874 789 62.5
874 493 61.9048
874 426 67.6923
874 355 65.6716
874 170 60.3175
0 0
1 0
2 0
3 0
4 0
5 0
6 0
7 0
8 1
9 0
10 0
11 1
12 3
13 1
14 1
15 4
16 10
17 2
18 2
19 11
20 14
21 9
22 12
23 11
24 13
25 17
26 19
27 23
28 23
29 31
30 33
31 23
32 55
33 36
34 26
35 37
36 41
37 29
38 36
39 41
40 38
41 25
42 39
43 28
44 25
45 25
46 28
47 14
48 16
49 14
50 14
51 6
52 5
53 9
54 1
55 5
56 4
57 2
58 2
59 1
60 2
61 1
62 1
63 1
64 0
65 0
66 1
67 0
68 1
69 0
70 0
71 0
72 0
73 0
74 0
75 0
76 0
77 0
78 0
79 0
80 0
81 0
82 0
83 0
84 0
85 0
86 0
87 0
88 0
89 0
90 0
91 0
92 0
93 0
94 0
95 0
96 0
97 0
98 0
99 0
100 0
101 0
3
881
