6
883 693 61.9048
883 688 63.4146
883 559 65.3846
883 249 60.3774
883 187 61.1111
883 76 64.2202
0 0
1 0
2 0
3 0
4 0
5 0
6 0
7 0
8 0
9 0
10 0
11 0
12 0
13 1
14 0
15 0
16 2
17 3
18 2
19 1
20 9
21 4
22 12
23 13
24 10
25 14
26 16
27 19
28 17
29 20
30 23
31 15
32 27
33 18
34 17
35 41
36 27
37 35
38 36
39 25
40 47
41 28
42 46
43 22
44 42
45 29
46 35
47 35
48 35
49 27
50 33
51 13
52 18
53 14
54 15
55 8
56 5
57 7
58 4
59 3
60 3
61 1
62 2
63 0
64 1
65 1
66 1
67 0
68 0
69 0
70 0
71 0
72 0
73 0
74 0
75 0
76 0
77 0
78 0
79 0
80 0
81 0
82 0
83 0
84 0
85 0
86 0
87 0
88 0
89 0
90 0
91 0
92 0
93 0
94 0
95 0
96 0
97 0
98 0
99 0
100 0
101 0
3
902
