4
885 872 60
885 828 63.0137
885 609 66.6667
885 214 62.069
0 0
1 0
2 0
3 0
4 0
5 0
6 0
7 0
8 0
9 0
10 0
11 0
12 0
13 0
14 0
15 2
16 1
17 2
18 3
19 2
20 14
21 6
22 15
23 6
24 7
25 19
26 16
27 10
28 24
29 20
30 19
31 28
32 30
33 22
34 27
35 26
36 30
37 33
38 40
39 37
40 43
41 18
42 40
43 33
44 45
45 46
46 29
47 32
48 32
49 25
50 15
51 14
52 17
53 12
54 11
55 8
56 8
57 5
58 6
59 2
60 1
61 0
62 0
63 1
64 1
65 0
66 0
67 1
68 0
69 0
70 0
71 0
72 0
73 0
74 0
75 0
76 0
77 0
78 0
79 0
80 0
81 0
82 0
83 0
84 0
85 0
86 0
87 0
88 0
89 0
90 0
91 0
92 0
93 0
94 0
95 0
96 0
97 0
98 0
99 0
100 0
101 0
3
907
