20
963 845 60
963 777 61.5385
963 658 60.177
963 647 61.1111
963 524 60.5505
963 514 61.0169
963 457 60.7143
963 396 60.7843
963 387 69.3878
963 361 62.7119
963 244 65.4867
963 232 64.4068
963 211 62.2642
963 91 62.5
963 82 62.5
963 51 61.157
963 45 64.9123
963 41 66.1157
963 11 62.1849
963 8 63.7168
0 0
1 0
2 0
3 0
4 0
5 0
6 0
7 0
8 0
9 0
10 0
11 0
12 0
13 0
14 0
15 0
16 0
17 0
18 0
19 0
20 7
21 3
22 1
23 13
24 7
25 10
26 17
27 10
28 19
29 26
30 12
31 20
32 22
33 28
34 32
35 35
36 25
37 36
38 27
39 30
40 39
41 30
42 31
43 35
44 43
45 33
46 34
47 34
48 36
49 33
50 41
51 28
52 38
53 19
54 23
55 18
56 13
57 10
58 12
59 7
60 6
61 4
62 4
63 5
64 1
65 2
66 1
67 1
68 0
69 0
70 1
71 0
72 0
73 0
74 0
75 0
76 0
77 0
78 0
79 0
80 0
81 0
82 0
83 0
84 0
85 0
86 0
87 0
88 0
89 0
90 0
91 0
92 0
93 0
94 0
95 0
96 0
97 0
98 0
99 0
100 0
101 0
4
1109
