0
0 0
1 0
2 0
3 0
4 0
5 0
6 0
7 0
8 0
9 1
10 3
11 0
12 1
13 4
14 6
15 13
16 1
17 7
18 15
19 16
20 17
21 8
22 21
23 25
24 25
25 44
26 17
27 32
28 36
29 33
30 57
31 40
32 45
33 40
34 52
35 41
36 37
37 33
38 44
39 28
40 62
41 25
42 28
43 14
44 25
45 12
46 18
47 7
48 5
49 7
50 14
51 2
52 5
53 7
54 4
55 1
56 4
57 1
58 1
59 1
60 0
61 0
62 0
63 0
64 1
65 0
66 1
67 1
68 0
69 0
70 0
71 0
72 0
73 0
74 0
75 0
76 0
77 0
78 0
79 0
80 0
81 0
82 0
83 0
84 0
85 0
86 0
87 0
88 0
89 0
90 0
91 0
92 0
93 0
94 0
95 0
96 0
97 0
98 0
99 0
100 0
101 0
2
1216
