17
1149 964 62.5
1149 872 71.7949
1149 835 72.7273
1149 788 63.1579
1149 769 62.7451
1149 690 63.3333
1149 663 61.5385
1149 491 61.2245
1149 410 60
1149 270 60
1149 262 78.9474
1149 247 63.1579
1149 135 62.7451
1149 129 63.8298
1149 99 63.1579
1149 34 64.4068
1149 12 61.5385
0 0
1 0
2 0
3 0
4 1
5 2
6 2
7 1
8 3
9 5
10 13
11 10
12 4
13 3
14 17
15 11
16 21
17 17
18 25
19 24
20 23
21 14
22 25
23 32
24 29
25 35
26 27
27 39
28 38
29 24
30 44
31 21
32 49
33 44
34 31
35 34
36 42
37 40
38 37
39 28
40 46
41 15
42 29
43 35
44 13
45 30
46 18
47 15
48 21
49 14
50 18
51 6
52 12
53 9
54 9
55 5
56 8
57 5
58 7
59 0
60 3
61 0
62 3
63 3
64 5
65 1
66 0
67 0
68 0
69 0
70 0
71 0
72 1
73 1
74 0
75 0
76 0
77 0
78 0
79 1
80 0
81 0
82 0
83 0
84 0
85 0
86 0
87 0
88 0
89 0
90 0
91 0
92 0
93 0
94 0
95 0
96 0
97 0
98 0
99 0
100 0
101 0
12
6796
