7
1141 1048 61.3861
1141 818 61.6822
1141 615 63.0631
1141 555 63.3663
1141 416 72.3404
1141 135 60
1141 134 62.963
0 0
1 0
2 0
3 3
4 1
5 1
6 8
7 2
8 8
9 10
10 4
11 12
12 22
13 14
14 24
15 29
16 25
17 16
18 30
19 23
20 32
21 28
22 34
23 21
24 45
25 62
26 18
27 32
28 49
29 28
30 28
31 36
32 24
33 27
34 42
35 33
36 32
37 27
38 31
39 37
40 27
41 15
42 23
43 18
44 29
45 14
46 15
47 15
48 15
49 7
50 12
51 5
52 8
53 10
54 3
55 1
56 3
57 6
58 2
59 3
60 5
61 0
62 2
63 1
64 2
65 0
66 0
67 0
68 0
69 0
70 0
71 0
72 0
73 1
74 0
75 0
76 0
77 0
78 0
79 0
80 0
81 0
82 0
83 0
84 0
85 0
86 0
87 0
88 0
89 0
90 0
91 0
92 0
93 0
94 0
95 0
96 0
97 0
98 0
99 0
100 0
101 0
14
6698
