7
115 98 61.5385
115 70 60.6742
115 52 66.6667
115 19 60
115 17 60.7143
115 14 60.7595
115 8 61.3333
0 0
1 0
2 0
3 0
4 0
5 0
6 0
7 0
8 0
9 0
10 0
11 0
12 2
13 0
14 0
15 1
16 2
17 0
18 3
19 4
20 1
21 1
22 1
23 3
24 3
25 2
26 3
27 2
28 2
29 2
30 5
31 3
32 3
33 5
34 4
35 3
36 2
37 8
38 4
39 3
40 5
41 1
42 4
43 5
44 0
45 2
46 2
47 1
48 5
49 1
50 3
51 0
52 2
53 0
54 1
55 1
56 0
57 1
58 0
59 0
60 2
61 3
62 2
63 0
64 0
65 0
66 0
67 1
68 0
69 0
70 0
71 0
72 0
73 0
74 0
75 0
76 0
77 0
78 0
79 0
80 0
81 0
82 0
83 0
84 0
85 0
86 0
87 0
88 0
89 0
90 0
91 0
92 0
93 0
94 0
95 0
96 0
97 0
98 0
99 0
100 0
101 0
1
21
