9
130 100 64.3478
130 98 61.5385
130 94 63.7168
130 91 60.1942
130 87 62.1359
130 78 60.3448
130 61 64.5669
130 15 60.6742
130 14 62.8571
0 0
1 0
2 0
3 0
4 0
5 0
6 0
7 0
8 0
9 0
10 0
11 0
12 0
13 1
14 1
15 2
16 1
17 1
18 0
19 3
20 0
21 2
22 0
23 2
24 2
25 5
26 2
27 1
28 4
29 0
30 0
31 9
32 3
33 4
34 7
35 2
36 4
37 5
38 8
39 2
40 6
41 4
42 1
43 2
44 3
45 1
46 2
47 5
48 2
49 1
50 5
51 2
52 1
53 4
54 3
55 3
56 1
57 1
58 1
59 1
60 0
61 3
62 1
63 2
64 1
65 2
66 0
67 0
68 0
69 0
70 0
71 0
72 0
73 0
74 0
75 0
76 0
77 0
78 0
79 0
80 0
81 0
82 0
83 0
84 0
85 0
86 0
87 0
88 0
89 0
90 0
91 0
92 0
93 0
94 0
95 0
96 0
97 0
98 0
99 0
100 0
101 0
1
35
