8
1297 901 61.2245
1297 855 60.3774
1297 802 65
1297 786 62.963
1297 528 75
1297 425 64.7059
1297 347 62.069
1297 150 61.9048
0 4
1 0
2 0
3 1
4 4
5 10
6 26
7 6
8 12
9 15
10 27
11 23
12 30
13 21
14 26
15 32
16 37
17 40
18 41
19 37
20 55
21 38
22 45
23 55
24 63
25 32
26 32
27 43
28 44
29 40
30 41
31 27
32 31
33 38
34 38
35 33
36 13
37 24
38 27
39 21
40 21
41 12
42 13
43 13
44 9
45 10
46 10
47 12
48 7
49 8
50 8
51 4
52 7
53 7
54 4
55 4
56 2
57 1
58 3
59 0
60 1
61 1
62 2
63 2
64 0
65 2
66 0
67 0
68 0
69 0
70 0
71 0
72 0
73 0
74 0
75 1
76 0
77 0
78 0
79 0
80 0
81 0
82 0
83 0
84 0
85 0
86 0
87 0
88 0
89 0
90 0
91 0
92 0
93 0
94 0
95 0
96 0
97 0
98 0
99 0
100 0
101 0
10
8756
