22
1294 1288 63.4146
1294 1282 77.551
1294 1276 66.6667
1294 1228 65.3846
1294 1216 60
1294 1129 66.6667
1294 907 60.274
1294 751 72.7273
1294 634 73.6842
1294 627 63.1579
1294 564 60.7143
1294 498 60
1294 484 61.7647
1294 367 68.1818
1294 341 68.2927
1294 313 60.6061
1294 263 68.2927
1294 233 61.8182
1294 215 71.4286
1294 212 60
1294 55 65.4545
1294 1 70.8333
0 0
1 0
2 0
3 0
4 1
5 4
6 5
7 3
8 3
9 4
10 8
11 11
12 9
13 12
14 13
15 19
16 21
17 7
18 26
19 12
20 44
21 27
22 25
23 21
24 33
25 37
26 35
27 47
28 38
29 31
30 42
31 39
32 38
33 46
34 41
35 53
36 45
37 28
38 32
39 28
40 49
41 15
42 37
43 35
44 34
45 20
46 17
47 26
48 31
49 14
50 24
51 7
52 20
53 8
54 9
55 5
56 6
57 8
58 8
59 8
60 5
61 3
62 2
63 0
64 2
65 0
66 2
67 2
68 0
69 3
70 0
71 1
72 1
73 1
74 1
75 0
76 0
77 0
78 1
79 0
80 0
81 0
82 0
83 0
84 0
85 0
86 0
87 0
88 0
89 0
90 0
91 0
92 0
93 0
94 0
95 0
96 0
97 0
98 0
99 0
100 0
101 0
15
8715
