18
1346 1267 68.1818
1346 1250 70.8333
1346 1226 63.1579
1346 1177 65.2174
1346 909 69.0909
1346 878 78.0488
1346 877 64.6154
1346 870 69.2308
1346 832 64.8649
1346 700 60.3175
1346 687 65.2174
1346 612 61.5385
1346 545 61.8182
1346 431 65.5738
1346 375 62.5
1346 326 61.5385
1346 298 64
1346 196 64.1509
0 0
1 0
2 0
3 1
4 0
5 3
6 9
7 1
8 2
9 4
10 13
11 10
12 5
13 7
14 16
15 19
16 26
17 21
18 28
19 23
20 35
21 24
22 29
23 24
24 39
25 39
26 27
27 42
28 44
29 39
30 45
31 30
32 44
33 47
34 27
35 43
36 45
37 37
38 44
39 35
40 66
41 12
42 27
43 26
44 30
45 35
46 17
47 23
48 26
49 22
50 20
51 11
52 16
53 12
54 10
55 12
56 8
57 7
58 5
59 10
60 5
61 1
62 3
63 1
64 2
65 3
66 3
67 0
68 0
69 1
70 2
71 1
72 0
73 0
74 0
75 0
76 0
77 0
78 0
79 1
80 0
81 0
82 0
83 0
84 0
85 0
86 0
87 0
88 0
89 0
90 0
91 0
92 0
93 0
94 0
95 0
96 0
97 0
98 0
99 0
100 0
101 0
14
9464
