48
1565 1556 64.4068
1565 1548 68.5714
1565 1534 65.8537
1565 1521 61.5385
1565 1479 62.2951
1565 1401 61.5385
1565 1375 67.6056
1565 1323 68.75
1565 1291 63.2911
1565 1289 73.3333
1565 1286 77.6471
1565 1264 64.1026
1565 1245 61.5385
1565 1193 63.0435
1565 1150 64.1975
1565 1133 72.2222
1565 1115 60.7143
1565 1114 64
1565 1088 69.8413
1565 1085 66.6667
1565 1081 62.3656
1565 1076 60.8696
1565 1031 62.6506
1565 1016 64
1565 921 61.0169
1565 903 60.5263
1565 822 60.4651
1565 781 61.3636
1565 751 64.7059
1565 742 63.7363
1565 739 63.4921
1565 735 67.6923
1565 729 61.8182
1565 690 69.3333
1565 666 64.1026
1565 510 62.5
1565 508 60.7595
1565 488 61.1111
1565 390 69.0909
1565 231 62.5
1565 224 61.8182
1565 213 63.1579
1565 204 63.4146
1565 192 61.9048
1565 156 61.1765
1565 147 62.069
1565 118 61.9718
1565 34 62.1622
0 0
1 0
2 0
3 0
4 1
5 0
6 0
7 0
8 3
9 0
10 0
11 3
12 7
13 6
14 6
15 9
16 15
17 13
18 11
19 24
20 20
21 15
22 39
23 26
24 29
25 29
26 33
27 37
28 44
29 42
30 47
31 50
32 66
33 33
34 59
35 35
36 45
37 55
38 48
39 38
40 58
41 29
42 45
43 34
44 42
45 50
46 41
47 33
48 41
49 34
50 39
51 21
52 28
53 25
54 25
55 11
56 19
57 14
58 20
59 12
60 7
61 5
62 11
63 7
64 8
65 5
66 1
67 1
68 2
69 2
70 3
71 0
72 0
73 1
74 1
75 0
76 0
77 0
78 1
79 0
80 0
81 0
82 0
83 0
84 0
85 0
86 0
87 0
88 0
89 0
90 0
91 0
92 0
93 0
94 0
95 0
96 0
97 0
98 0
99 0
100 0
101 0
19
12977
