18
1502 1479 60
1502 1474 64.8649
1502 1338 63.1579
1502 1222 61.5385
1502 1187 63.1579
1502 1149 66.6667
1502 1146 60.8696
1502 1115 68.5714
1502 958 64.5161
1502 912 64.8649
1502 835 68.4211
1502 806 61.1111
1502 657 70
1502 616 60
1502 425 60
1502 390 70.5882
1502 254 60.6061
1502 246 61.1111
0 0
1 0
2 0
3 0
4 0
5 1
6 1
7 0
8 1
9 5
10 4
11 8
12 8
13 14
14 18
15 10
16 17
17 21
18 39
19 35
20 39
21 22
22 32
23 39
24 47
25 49
26 45
27 36
28 56
29 44
30 62
31 51
32 71
33 62
34 48
35 50
36 53
37 43
38 55
39 42
40 57
41 25
42 33
43 35
44 22
45 22
46 23
47 20
48 22
49 14
50 18
51 0
52 11
53 10
54 7
55 14
56 7
57 4
58 6
59 4
60 4
61 2
62 3
63 0
64 2
65 3
66 0
67 1
68 0
69 2
70 1
71 1
72 0
73 0
74 0
75 0
76 0
77 0
78 0
79 0
80 0
81 0
82 0
83 0
84 0
85 0
86 0
87 0
88 0
89 0
90 0
91 0
92 0
93 0
94 0
95 0
96 0
97 0
98 0
99 0
100 0
101 0
15
11914
