19
1697 1573 60.7143
1697 1296 60.177
1697 1113 60.8696
1697 1098 62.069
1697 1021 63.8655
1697 907 60.7143
1697 813 61.8182
1697 757 60.1626
1697 731 61.4035
1697 714 60.5042
1697 700 64.0777
1697 688 63.4146
1697 591 76.0331
1697 549 61.9469
1697 501 71.6667
1697 431 63.3663
1697 266 62.2222
1697 163 67.7686
1697 159 69.7674
0 0
1 0
2 0
3 1
4 0
5 2
6 3
7 1
8 13
9 1
10 14
11 10
12 11
13 28
14 10
15 25
16 33
17 22
18 47
19 32
20 37
21 45
22 37
23 59
24 58
25 54
26 52
27 51
28 52
29 53
30 66
31 63
32 53
33 62
34 53
35 56
36 63
37 41
38 58
39 38
40 47
41 26
42 36
43 28
44 29
45 26
46 20
47 27
48 25
49 11
50 26
51 9
52 13
53 6
54 12
55 11
56 7
57 4
58 4
59 2
60 4
61 6
62 3
63 2
64 3
65 1
66 0
67 0
68 1
69 0
70 1
71 0
72 1
73 0
74 0
75 0
76 0
77 1
78 0
79 0
80 0
81 0
82 0
83 0
84 0
85 0
86 0
87 0
88 0
89 0
90 0
91 0
92 0
93 0
94 0
95 0
96 0
97 0
98 0
99 0
100 0
101 0
20
15341
