64
1651 1613 61.8557
1651 1596 67.8571
1651 1595 65.9091
1651 1563 64.3678
1651 1535 60
1651 1498 74.7475
1651 1482 60.4167
1651 1426 60.8696
1651 1414 60
1651 1398 74.0741
1651 1369 72.9167
1651 1345 66.6667
1651 1313 61.6822
1651 1300 62.3656
1651 1154 67.3267
1651 1145 60.7595
1651 1111 68.75
1651 1105 62.3656
1651 1094 60
1651 1070 62.6506
1651 1068 66.1017
1651 1066 63.6364
1651 1055 66.6667
1651 1045 61.1765
1651 1042 60.6061
1651 1010 60
1651 1001 62
1651 993 64.5161
1651 954 69.0909
1651 916 61.7284
1651 906 71.3043
1651 860 61.2245
1651 852 64.0777
1651 840 71.5789
1651 757 63.1579
1651 673 61.5385
1651 612 60.4167
1651 610 61.1111
1651 606 60.3774
1651 580 66.6667
1651 556 61.2245
1651 553 64.0777
1651 551 63.0631
1651 533 63.3663
1651 509 60.1942
1651 486 60.4651
1651 442 63.3663
1651 440 64.8148
1651 395 62.963
1651 394 67.3684
1651 359 68.1319
1651 309 60.4651
1651 296 62.7451
1651 273 60.7143
1651 216 60.4167
1651 207 63.3663
1651 200 62.8571
1651 179 64.0777
1651 168 61.7284
1651 94 64.7619
1651 61 60.5042
1651 54 68.0851
1651 36 60.241
1651 8 70.9677
0 0
1 0
2 0
3 0
4 0
5 0
6 0
7 0
8 2
9 9
10 0
11 0
12 7
13 2
14 10
15 10
16 8
17 9
18 10
19 13
20 23
21 20
22 17
23 22
24 35
25 28
26 28
27 45
28 33
29 50
30 45
31 47
32 36
33 46
34 45
35 67
36 45
37 44
38 52
39 48
40 67
41 34
42 57
43 49
44 50
45 56
46 47
47 33
48 32
49 35
50 44
51 13
52 33
53 30
54 33
55 28
56 17
57 11
58 25
59 19
60 21
61 13
62 10
63 6
64 6
65 7
66 1
67 4
68 3
69 3
70 1
71 1
72 2
73 1
74 0
75 2
76 0
77 0
78 0
79 0
80 0
81 0
82 0
83 0
84 0
85 0
86 0
87 0
88 0
89 0
90 0
91 0
92 0
93 0
94 0
95 0
96 0
97 0
98 0
99 0
100 0
101 0
21
14497
