43
1686 1667 62.3656
1686 1651 65.3061
1686 1647 66
1686 1595 60
1686 1544 63.6364
1686 1541 64.7059
1686 1531 65.9341
1686 1519 62.6263
1686 1482 63.6364
1686 1438 61.3333
1686 1408 62.2222
1686 1376 61.5385
1686 1325 68.9655
1686 1312 63.7363
1686 1137 60.7843
1686 1089 63.2911
1686 1010 60.9756
1686 1003 61.3333
1686 988 62.5
1686 983 61.1765
1686 956 68.4932
1686 938 65
1686 860 75.5556
1686 840 62.069
1686 772 68.4932
1686 681 63.2911
1686 662 62.5
1686 652 61.3861
1686 553 61.0526
1686 466 68.6869
1686 459 61.5385
1686 395 66
1686 334 65.3846
1686 315 62
1686 264 62.6263
1686 233 62.3377
1686 207 64.5161
1686 200 76.2887
1686 173 62.3377
1686 101 60.1942
1686 54 60.4651
1686 32 60.1942
1686 25 61.3333
0 0
1 0
2 0
3 0
4 0
5 0
6 1
7 7
8 1
9 4
10 9
11 4
12 7
13 14
14 9
15 12
16 19
17 21
18 26
19 21
20 43
21 24
22 41
23 32
24 37
25 37
26 37
27 45
28 46
29 36
30 49
31 50
32 55
33 58
34 52
35 49
36 47
37 41
38 54
39 59
40 43
41 34
42 50
43 26
44 41
45 40
46 40
47 35
48 39
49 42
50 54
51 18
52 22
53 18
54 17
55 17
56 8
57 13
58 18
59 9
60 12
61 5
62 9
63 9
64 5
65 3
66 5
67 0
68 0
69 4
70 0
71 0
72 0
73 0
74 0
75 0
76 1
77 1
78 0
79 0
80 0
81 0
82 0
83 0
84 0
85 0
86 0
87 0
88 0
89 0
90 0
91 0
92 0
93 0
94 0
95 0
96 0
97 0
98 0
99 0
100 0
101 0
20
15137
