10
1758 1321 65.6716
1758 1313 63.7363
1758 1208 61.5385
1758 1022 61.2903
1758 841 65.4545
1758 656 61.1111
1758 462 61.5385
1758 450 62.6506
1758 354 63.7681
1758 242 65.2174
0 0
1 0
2 0
3 1
4 9
5 2
6 4
7 13
8 24
9 4
10 15
11 33
12 32
13 19
14 28
15 42
16 41
17 44
18 43
19 77
20 61
21 42
22 74
23 63
24 55
25 74
26 45
27 73
28 52
29 54
30 57
31 50
32 73
33 50
34 50
35 41
36 42
37 37
38 37
39 37
40 45
41 17
42 21
43 33
44 13
45 18
46 14
47 15
48 13
49 9
50 9
51 7
52 5
53 10
54 3
55 2
56 2
57 3
58 7
59 1
60 2
61 0
62 4
63 1
64 2
65 0
66 3
67 0
68 0
69 0
70 0
71 0
72 0
73 0
74 0
75 0
76 0
77 0
78 0
79 0
80 0
81 0
82 0
83 0
84 0
85 0
86 0
87 0
88 0
89 0
90 0
91 0
92 0
93 0
94 0
95 0
96 0
97 0
98 0
99 0
100 0
101 0
20
16486
