56
1765 1701 60.7143
1765 1695 64.1509
1765 1693 64.7887
1765 1626 61.2903
1765 1612 61.1765
1765 1589 60.5263
1765 1586 68.8525
1765 1493 63.7363
1765 1482 61.3333
1765 1358 66.6667
1765 1342 60.274
1765 1330 64.6154
1765 1278 70.5882
1765 1232 61.8182
1765 1196 60.6742
1765 1168 61.9718
1765 1154 60
1765 1124 65.5738
1765 1083 62.2951
1765 1052 70.1299
1765 1024 64.7059
1765 1008 60.9756
1765 953 63.0137
1765 902 65.3061
1765 853 60.7595
1765 837 70.1754
1765 801 70.1299
1765 716 67.8571
1765 695 64.1975
1765 679 67.6056
1765 626 65.7534
1765 601 67.6056
1765 558 80.6452
1765 529 71.4286
1765 518 63.6364
1765 509 60.9756
1765 475 61.7647
1765 444 81.3559
1765 436 62.8571
1765 420 63.1579
1765 377 61.8182
1765 364 66.6667
1765 338 62.3377
1765 296 66.6667
1765 283 64.7059
1765 276 60
1765 261 67.7966
1765 251 62.6506
1765 250 62.069
1765 202 60
1765 181 63.6364
1765 142 73.0159
1765 140 62.3377
1765 105 69.0909
1765 90 62.963
1765 5 68.8525
0 0
1 0
2 0
3 0
4 0
5 1
6 0
7 0
8 4
9 2
10 4
11 8
12 5
13 11
14 3
15 15
16 16
17 22
18 18
19 20
20 35
21 30
22 26
23 22
24 46
25 60
26 33
27 42
28 53
29 45
30 67
31 44
32 49
33 64
34 40
35 40
36 76
37 56
38 38
39 43
40 78
41 34
42 63
43 44
44 58
45 39
46 41
47 31
48 39
49 32
50 42
51 17
52 24
53 16
54 20
55 20
56 16
57 15
58 20
59 12
60 12
61 7
62 7
63 7
64 5
65 6
66 3
67 3
68 4
69 2
70 1
71 4
72 1
73 0
74 1
75 0
76 0
77 0
78 0
79 0
80 0
81 1
82 1
83 0
84 0
85 0
86 0
87 0
88 0
89 0
90 0
91 0
92 0
93 0
94 0
95 0
96 0
97 0
98 0
99 0
100 0
101 0
18
16615
