97
1894 1868 61.9718
1894 1823 68.1818
1894 1818 60
1894 1812 60.2151
1894 1795 60
1894 1794 60.9756
1894 1762 67.6471
1894 1754 67.5
1894 1753 66.6667
1894 1748 64.7059
1894 1740 60.6061
1894 1696 60.241
1894 1658 62.9213
1894 1647 60.4167
1894 1630 61.7021
1894 1623 62.8571
1894 1617 61.5385
1894 1613 68.2353
1894 1601 60
1894 1590 60
1894 1543 67.5
1894 1528 60.2151
1894 1495 68.8889
1894 1476 66.6667
1894 1469 61.1765
1894 1453 60.7595
1894 1433 62.8571
1894 1390 60.9524
1894 1388 62.1622
1894 1382 69.4444
1894 1350 62.2222
1894 1335 62.3377
1894 1324 60.6742
1894 1310 62.8571
1894 1305 68.8172
1894 1302 60.274
1894 1277 63.0137
1894 1269 62.7907
1894 1236 60
1894 1223 64.2857
1894 1184 60
1894 1179 63.2911
1894 1105 66.6667
1894 1104 61.9718
1894 1077 74.6667
1894 1035 69.3333
1894 1007 61.0526
1894 996 62.9213
1894 992 60
1894 988 68.4211
1894 983 69.1358
1894 980 60.2151
1894 974 70.5882
1894 935 61.8557
1894 824 60
1894 774 61.5385
1894 751 65.7534
1894 730 66.6667
1894 701 68.3544
1894 700 65.8537
1894 695 64.4444
1894 680 63.8889
1894 666 62.6506
1894 662 60.5263
1894 650 71.4286
1894 642 60.9524
1894 610 70.8333
1894 608 62.6263
1894 566 60.3175
1894 542 61.8557
1894 541 64.6465
1894 526 63.4146
1894 490 64.5833
1894 489 65.9794
1894 484 69.7674
1894 481 76.9231
1894 480 62.1359
1894 459 62.069
1894 451 60
1894 397 65.2174
1894 372 61.1765
1894 363 66.6667
1894 356 67.9245
1894 342 70.9677
1894 329 68.6567
1894 210 69.4737
1894 172 69.2308
1894 171 72
1894 143 64.7619
1894 141 62.5
1894 130 62.7451
1894 100 63.1579
1894 94 66.6667
1894 91 62.6506
1894 87 65.0602
1894 41 65
1894 39 62.1622
0 0
1 0
2 0
3 0
4 0
5 0
6 0
7 1
8 0
9 0
10 2
11 2
12 2
13 2
14 9
15 2
16 11
17 9
18 15
19 10
20 10
21 7
22 21
23 21
24 16
25 33
26 10
27 28
28 33
29 47
30 39
31 25
32 63
33 48
34 70
35 51
36 49
37 53
38 85
39 50
40 71
41 46
42 63
43 51
44 61
45 64
46 57
47 51
48 69
49 49
50 66
51 21
52 42
53 48
54 45
55 39
56 24
57 29
58 31
59 28
60 26
61 14
62 10
63 17
64 5
65 7
66 5
67 6
68 4
69 7
70 6
71 3
72 2
73 0
74 0
75 1
76 0
77 1
78 0
79 0
80 0
81 0
82 0
83 0
84 0
85 0
86 0
87 0
88 0
89 0
90 0
91 0
92 0
93 0
94 0
95 0
96 0
97 0
98 0
99 0
100 0
101 0
21
19267
