27
2086 2073 62.5
2086 1985 73.6842
2086 1860 64.8649
2086 1795 62.069
2086 1787 63.8298
2086 1639 62.5
2086 1551 62.5
2086 1549 61.5385
2086 1457 64
2086 1417 63.6364
2086 1239 65.2174
2086 1217 66.6667
2086 1162 73.1707
2086 1070 65.3061
2086 1051 60.4651
2086 1003 73.4694
2086 925 61.5385
2086 713 68.4211
2086 684 60.8696
2086 631 60.4651
2086 563 60.4651
2086 443 66.6667
2086 418 70
2086 351 60
2086 237 60.4651
2086 82 74.2857
2086 51 61.5385
0 0
1 0
2 0
3 0
4 0
5 0
6 0
7 0
8 1
9 4
10 4
11 11
12 14
13 7
14 16
15 15
16 23
17 29
18 30
19 28
20 42
21 43
22 59
23 56
24 76
25 57
26 55
27 84
28 64
29 76
30 84
31 51
32 65
33 75
34 61
35 84
36 56
37 53
38 72
39 68
40 73
41 36
42 69
43 50
44 41
45 44
46 40
47 34
48 44
49 20
50 38
51 10
52 24
53 16
54 10
55 10
56 11
57 8
58 9
59 4
60 5
61 5
62 3
63 4
64 3
65 1
66 2
67 2
68 0
69 1
70 1
71 0
72 0
73 0
74 3
75 1
76 0
77 0
78 0
79 0
80 0
81 0
82 0
83 0
84 0
85 0
86 0
87 0
88 0
89 0
90 0
91 0
92 0
93 0
94 0
95 0
96 0
97 0
98 0
99 0
100 0
101 0
22
23455
