48
2054 2050 60.3774
2054 2045 60.8696
2054 2004 64
2054 1956 63.3333
2054 1926 71.1111
2054 1888 60.7143
2054 1838 60.3175
2054 1773 65.5738
2054 1707 65.1163
2054 1698 71.2329
2054 1637 60
2054 1636 78.5714
2054 1598 68.1818
2054 1592 65.1163
2054 1588 62.5
2054 1585 65.5738
2054 1397 61.8182
2054 1387 60.3175
2054 1385 68.1818
2054 1349 61.2903
2054 1332 68.1818
2054 1287 60
2054 1042 65.7534
2054 1021 61.9048
2054 999 63.1579
2054 993 65.6716
2054 920 61.5385
2054 876 63.1579
2054 844 71.6981
2054 773 61.3333
2054 770 70.5882
2054 637 61.1111
2054 628 60.4651
2054 519 73.0159
2054 447 60.6061
2054 375 60.3774
2054 336 74.5763
2054 327 61.5385
2054 294 66.6667
2054 274 64
2054 266 61.8182
2054 257 71.4286
2054 216 60
2054 148 63.3333
2054 115 61.2903
2054 56 61.2903
2054 37 64.2857
2054 6 65.3061
0 0
1 0
2 0
3 0
4 0
5 3
6 0
7 0
8 6
9 3
10 11
11 6
12 10
13 4
14 28
15 10
16 20
17 18
18 34
19 38
20 44
21 31
22 64
23 39
24 61
25 67
26 39
27 59
28 75
29 53
30 62
31 60
32 66
33 59
34 62
35 80
36 68
37 62
38 50
39 66
40 82
41 38
42 51
43 54
44 49
45 42
46 38
47 42
48 39
49 21
50 39
51 14
52 23
53 15
54 26
55 17
56 20
57 9
58 13
59 4
60 14
61 8
62 10
63 1
64 6
65 1
66 7
67 1
68 0
69 3
70 0
71 1
72 4
73 0
74 1
75 1
76 0
77 0
78 0
79 1
80 0
81 0
82 0
83 0
84 0
85 0
86 0
87 0
88 0
89 0
90 0
91 0
92 0
93 0
94 0
95 0
96 0
97 0
98 0
99 0
100 0
101 0
24
22734
