14
2072 2052 60
2072 1803 69.6429
2072 1772 60.5263
2072 1702 60.9756
2072 1563 65.8537
2072 1249 63.4146
2072 1101 67.3077
2072 906 61.8182
2072 821 65.8824
2072 509 63.2653
2072 479 60
2072 442 66.6667
2072 245 69.2308
2072 29 62.2222
0 0
1 0
2 1
3 3
4 2
5 0
6 12
7 10
8 9
9 20
10 25
11 10
12 33
13 44
14 19
15 47
16 51
17 26
18 46
19 43
20 64
21 42
22 72
23 62
24 68
25 67
26 59
27 56
28 75
29 75
30 65
31 67
32 64
33 66
34 69
35 70
36 46
37 72
38 40
39 55
40 44
41 31
42 44
43 38
44 35
45 25
46 25
47 18
48 18
49 20
50 17
51 14
52 16
53 17
54 5
55 9
56 7
57 7
58 5
59 6
60 3
61 2
62 1
63 1
64 2
65 0
66 2
67 1
68 1
69 0
70 2
71 0
72 0
73 0
74 0
75 0
76 0
77 0
78 0
79 0
80 0
81 0
82 0
83 0
84 0
85 0
86 0
87 0
88 0
89 0
90 0
91 0
92 0
93 0
94 0
95 0
96 0
97 0
98 0
99 0
100 0
101 0
24
23147
