12
210 179 61.5385
210 172 65.9341
210 171 61.9469
210 143 62.7119
210 130 69.5652
210 94 64.1509
210 88 60.6742
210 87 77.0833
210 61 61.6667
210 56 60.6742
210 53 60.3448
210 18 60
0 0
1 0
2 0
3 0
4 0
5 0
6 0
7 0
8 0
9 0
10 0
11 1
12 1
13 0
14 0
15 1
16 0
17 3
18 3
19 1
20 3
21 0
22 6
23 4
24 1
25 2
26 6
27 6
28 4
29 4
30 6
31 6
32 12
33 4
34 5
35 9
36 5
37 7
38 4
39 9
40 8
41 7
42 7
43 6
44 5
45 4
46 3
47 11
48 3
49 3
50 6
51 2
52 0
53 2
54 8
55 2
56 1
57 0
58 3
59 2
60 2
61 3
62 3
63 1
64 0
65 1
66 1
67 0
68 0
69 0
70 1
71 0
72 0
73 0
74 0
75 0
76 0
77 0
78 1
79 0
80 0
81 0
82 0
83 0
84 0
85 0
86 0
87 0
88 0
89 0
90 0
91 0
92 0
93 0
94 0
95 0
96 0
97 0
98 0
99 0
100 0
101 0
2
141
