26
2065 1966 60.3175
2065 1901 63.8298
2065 1762 60
2065 1615 63.4146
2065 1595 62.069
2065 1542 60
2065 1537 60.8696
2065 1527 66.6667
2065 1466 66.6667
2065 1415 65
2065 1414 60
2065 1358 66.6667
2065 1335 67.7966
2065 1254 63.1579
2065 1236 61.2903
2065 1089 63.1579
2065 1059 60
2065 983 66.6667
2065 916 66.6667
2065 883 60
2065 701 68.8525
2065 180 69.5652
2065 137 62.2222
2065 102 66.6667
2065 41 61.2903
2065 25 60.3774
0 0
1 0
2 0
3 0
4 1
5 1
6 1
7 1
8 5
9 2
10 10
11 8
12 9
13 8
14 13
15 20
16 22
17 9
18 28
19 25
20 51
21 25
22 40
23 37
24 49
25 58
26 36
27 46
28 50
29 54
30 74
31 47
32 56
33 74
34 57
35 92
36 74
37 53
38 67
39 61
40 95
41 34
42 58
43 71
44 59
45 51
46 45
47 44
48 46
49 35
50 46
51 16
52 34
53 30
54 26
55 17
56 14
57 15
58 18
59 14
60 11
61 3
62 2
63 2
64 4
65 1
66 0
67 6
68 1
69 1
70 1
71 0
72 0
73 0
74 0
75 0
76 0
77 0
78 0
79 0
80 0
81 0
82 0
83 0
84 0
85 0
86 0
87 0
88 0
89 0
90 0
91 0
92 0
93 0
94 0
95 0
96 0
97 0
98 0
99 0
100 0
101 0
21
22978
