83
2110 2026 62.2222
2110 2001 61.8182
2110 1944 61.5385
2110 1943 61.5385
2110 1879 63.3333
2110 1877 60.7595
2110 1859 70.2703
2110 1822 61.5385
2110 1816 69.8795
2110 1801 65.0602
2110 1751 63.4146
2110 1740 70.2128
2110 1704 63.2911
2110 1632 66.6667
2110 1617 60.274
2110 1607 64.1026
2110 1564 61.9718
2110 1555 65.2632
2110 1546 72.7273
2110 1538 63.8889
2110 1528 68.1818
2110 1477 60.5263
2110 1469 65
2110 1467 66.6667
2110 1464 69.3333
2110 1396 63.7681
2110 1395 67.6471
2110 1366 60.8696
2110 1363 65.4545
2110 1362 60.7143
2110 1336 61.3636
2110 1327 63.1579
2110 1302 64.7059
2110 1263 62.5
2110 1255 64.6154
2110 1220 62.5
2110 1206 68.0851
2110 1174 65.6716
2110 1099 81.1594
2110 1064 60.8696
2110 1044 69.4737
2110 1039 60.5263
2110 1002 61.7284
2110 978 63.0435
2110 945 62.6866
2110 897 62.5
2110 870 60.6061
2110 861 61.9048
2110 833 67.5
2110 831 63.4146
2110 826 61.5385
2110 824 61.3333
2110 805 68.9655
2110 791 66.6667
2110 754 64.8649
2110 744 61.0169
2110 707 62
2110 685 60.9756
2110 671 62.5
2110 651 64.6154
2110 644 69.3333
2110 598 60.8696
2110 565 62.6866
2110 545 60.8696
2110 532 65.0602
2110 506 61.1765
2110 505 61.7284
2110 428 60
2110 407 67.4419
2110 396 60.3175
2110 372 67.5
2110 366 60
2110 362 67.5676
2110 346 62.6866
2110 272 64.2857
2110 240 65.5172
2110 199 61.3333
2110 167 68.8889
2110 162 62.5
2110 157 65.8228
2110 125 60.8696
2110 80 61.9048
2110 75 71.875
0 1
1 0
2 0
3 0
4 2
5 0
6 2
7 0
8 2
9 2
10 2
11 6
12 18
13 8
14 8
15 22
16 20
17 16
18 17
19 27
20 44
21 30
22 53
23 42
24 42
25 56
26 40
27 46
28 54
29 38
30 53
31 66
32 57
33 64
34 71
35 56
36 62
37 68
38 72
39 67
40 93
41 48
42 61
43 47
44 58
45 54
46 51
47 35
48 38
49 35
50 54
51 24
52 26
53 30
54 29
55 32
56 23
57 18
58 12
59 15
60 11
61 13
62 16
63 9
64 8
65 7
66 7
67 3
68 5
69 4
70 4
71 2
72 1
73 1
74 0
75 0
76 0
77 0
78 0
79 0
80 0
81 0
82 1
83 0
84 0
85 0
86 0
87 0
88 0
89 0
90 0
91 0
92 0
93 0
94 0
95 0
96 0
97 0
98 0
99 0
100 0
101 0
24
24040
