12
218 204 62.2222
218 179 65.9574
218 156 62.3656
218 153 60
218 121 60.7595
218 100 65.3061
218 89 70.1299
218 83 63.7681
218 55 60.5263
218 34 63.4146
218 20 62.5
218 14 63.6364
0 0
1 0
2 0
3 0
4 0
5 0
6 0
7 0
8 0
9 0
10 0
11 0
12 0
13 0
14 1
15 0
16 0
17 2
18 4
19 1
20 1
21 1
22 1
23 3
24 5
25 3
26 2
27 7
28 4
29 3
30 3
31 6
32 3
33 4
34 6
35 6
36 9
37 9
38 10
39 8
40 14
41 3
42 5
43 6
44 6
45 5
46 5
47 3
48 5
49 8
50 7
51 1
52 8
53 7
54 5
55 2
56 2
57 2
58 3
59 2
60 5
61 2
62 0
63 3
64 3
65 0
66 2
67 0
68 0
69 0
70 0
71 1
72 0
73 0
74 0
75 0
76 0
77 0
78 0
79 0
80 0
81 0
82 0
83 0
84 0
85 0
86 0
87 0
88 0
89 0
90 0
91 0
92 0
93 0
94 0
95 0
96 0
97 0
98 0
99 0
100 0
101 0
2
157
