34
2143 2137 73.8462
2143 2067 65.7143
2143 1948 60.5263
2143 1853 68.5714
2143 1578 60
2143 1520 76.5957
2143 1477 60.8696
2143 1450 70.8861
2143 1445 67.8571
2143 1316 64.7059
2143 1303 64.7059
2143 1253 60.7143
2143 1233 64.7059
2143 1215 72.7273
2143 1177 60.3774
2143 1163 61.5385
2143 1138 65.7895
2143 1128 61.1111
2143 1043 61.7647
2143 1020 62.963
2143 1004 62.069
2143 990 78.2609
2143 976 62.3377
2143 877 61.1111
2143 712 60.3774
2143 648 66.6667
2143 549 60
2143 470 65.7534
2143 449 61.2903
2143 399 66.6667
2143 326 60.8696
2143 234 79.3103
2143 119 62.8571
2143 60 70.3704
0 8
1 0
2 0
3 2
4 6
5 24
6 4
7 9
8 19
9 37
10 32
11 21
12 42
13 48
14 38
15 29
16 42
17 50
18 57
19 45
20 71
21 65
22 70
23 71
24 68
25 73
26 49
27 68
28 57
29 56
30 74
31 60
32 66
33 36
34 55
35 60
36 52
37 46
38 52
39 49
40 41
41 29
42 45
43 29
44 26
45 31
46 20
47 13
48 24
49 9
50 31
51 7
52 18
53 10
54 13
55 15
56 6
57 10
58 6
59 6
60 10
61 6
62 5
63 4
64 0
65 3
66 3
67 2
68 1
69 1
70 0
71 2
72 0
73 1
74 1
75 0
76 0
77 1
78 0
79 1
80 1
81 0
82 0
83 0
84 0
85 0
86 0
87 0
88 0
89 0
90 0
91 0
92 0
93 0
94 0
95 0
96 0
97 0
98 0
99 0
100 0
101 0
27
24838
