60
2138 2135 67.4157
2138 2058 64.8649
2138 2005 69.1358
2138 1987 62.2642
2138 1957 62.6506
2138 1927 66.6667
2138 1922 61.5385
2138 1854 60.2151
2138 1833 65.2632
2138 1830 67.2897
2138 1809 61.5385
2138 1715 65.2174
2138 1661 60.7843
2138 1660 61.0526
2138 1646 62
2138 1642 71.4286
2138 1625 66.6667
2138 1582 62.2642
2138 1554 61.8557
2138 1549 62.6506
2138 1439 66.0714
2138 1400 60.2151
2138 1342 61.5385
2138 1320 62.2642
2138 1278 69.9029
2138 1156 63.1579
2138 1057 63.1579
2138 1039 60
2138 1034 64.5833
2138 1014 71.9101
2138 1009 62.8571
2138 955 61.3861
2138 926 67.4157
2138 879 62.5
2138 855 64.2857
2138 853 65.9794
2138 825 60.6061
2138 654 66.6667
2138 649 62.2222
2138 631 62.1622
2138 626 70.3297
2138 613 62.8571
2138 569 62.1359
2138 558 60
2138 555 63.3663
2138 406 64.9351
2138 404 68.9655
2138 379 60.7843
2138 366 61.5385
2138 332 65.4206
2138 304 66.0194
2138 258 70.3704
2138 221 63.6364
2138 183 62.7907
2138 151 64.2857
2138 134 68.5185
2138 103 67.3684
2138 51 65.0602
2138 34 65.9091
2138 20 62.7451
0 0
1 0
2 0
3 0
4 0
5 0
6 4
7 0
8 1
9 8
10 1
11 6
12 13
13 6
14 8
15 14
16 17
17 24
18 28
19 20
20 22
21 50
22 36
23 31
24 42
25 50
26 37
27 51
28 58
29 63
30 50
31 70
32 59
33 66
34 69
35 57
36 84
37 65
38 79
39 78
40 79
41 52
42 73
43 64
44 52
45 52
46 57
47 44
48 51
49 32
50 48
51 21
52 36
53 25
54 27
55 15
56 17
57 23
58 22
59 14
60 8
61 5
62 8
63 13
64 4
65 5
66 6
67 5
68 4
69 2
70 2
71 2
72 2
73 0
74 0
75 0
76 0
77 0
78 0
79 0
80 0
81 0
82 0
83 0
84 0
85 0
86 0
87 0
88 0
89 0
90 0
91 0
92 0
93 0
94 0
95 0
96 0
97 0
98 0
99 0
100 0
101 0
24
24711
