61
2251 2220 74.0741
2251 2185 70.5882
2251 2116 64
2251 2106 62.5
2251 2045 61.9048
2251 2017 62.2951
2251 1939 62.069
2251 1936 60
2251 1932 73.1707
2251 1892 74.4186
2251 1878 63.8298
2251 1847 60.4651
2251 1819 61.5385
2251 1814 63.8298
2251 1756 60.8696
2251 1732 72.7273
2251 1726 62.069
2251 1716 61.2245
2251 1637 65.2174
2251 1606 69.2308
2251 1543 61.2903
2251 1479 70.8333
2251 1451 70
2251 1432 60
2251 1396 60.7143
2251 1386 61.8182
2251 1338 60.8696
2251 1299 64.5161
2251 1279 62.7451
2251 1262 62.963
2251 1235 61.0169
2251 1200 67.9245
2251 1189 60
2251 1134 63.1579
2251 1120 65.3061
2251 1028 65.3061
2251 904 66.6667
2251 861 61.9718
2251 844 77.551
2251 843 60
2251 830 61.0169
2251 802 63.6364
2251 739 60
2251 684 60
2251 683 63.1579
2251 669 66.6667
2251 623 60.8696
2251 595 63.4146
2251 519 64.4068
2251 508 66.6667
2251 496 64.2857
2251 447 64.5161
2251 389 63.6364
2251 385 62.5
2251 274 60.8696
2251 246 68.1818
2251 220 62.5
2251 182 65.3061
2251 88 72.4138
2251 56 62.069
2251 4 61.5385
0 0
1 0
2 0
3 0
4 0
5 0
6 0
7 0
8 0
9 1
10 2
11 2
12 1
13 5
14 5
15 10
16 11
17 6
18 19
19 10
20 30
21 16
22 29
23 20
24 37
25 59
26 42
27 52
28 53
29 54
30 67
31 64
32 68
33 56
34 65
35 87
36 76
37 58
38 68
39 84
40 132
41 47
42 79
43 90
44 75
45 65
46 57
47 60
48 71
49 52
50 56
51 33
52 39
53 42
54 30
55 26
56 17
57 20
58 14
59 18
60 15
61 6
62 9
63 9
64 8
65 4
66 4
67 3
68 1
69 1
70 2
71 2
72 0
73 2
74 1
75 2
76 0
77 0
78 1
79 0
80 0
81 0
82 0
83 0
84 0
85 0
86 0
87 0
88 0
89 0
90 0
91 0
92 0
93 0
94 0
95 0
96 0
97 0
98 0
99 0
100 0
101 0
25
27492
