47
2311 2305 60
2311 2214 66.6667
2311 2104 61.8557
2311 2097 61.1111
2311 2054 60.3175
2311 2019 68.4932
2311 1980 64.1975
2311 1956 60.8696
2311 1926 62.963
2311 1821 67.5676
2311 1817 61.0526
2311 1719 66.6667
2311 1651 60.6742
2311 1412 67.6056
2311 1369 60.7595
2311 1345 65.8537
2311 1265 61.0169
2311 1145 64.5161
2311 1055 68.2353
2311 1047 60
2311 1042 60.9756
2311 1032 63.8889
2311 993 68.4211
2311 865 60.3175
2311 852 62.7907
2311 843 68.4932
2311 840 61.5385
2311 773 71.4286
2311 757 68.0412
2311 722 74.5763
2311 674 70
2311 639 60.6742
2311 637 64.1975
2311 628 61.5385
2311 622 71.4286
2311 612 60.7595
2311 594 61.5385
2311 466 60
2311 440 68.1319
2311 417 60.7143
2311 327 62.2951
2311 321 63.4921
2311 294 60.8696
2311 257 64.6154
2311 216 60.7595
2311 148 66.6667
2311 13 60
0 1
1 0
2 0
3 0
4 10
5 1
6 1
7 7
8 26
9 6
10 11
11 21
12 28
13 16
14 21
15 30
16 56
17 36
18 26
19 58
20 41
21 37
22 86
23 58
24 76
25 71
26 61
27 71
28 77
29 63
30 59
31 61
32 62
33 64
34 78
35 70
36 65
37 69
38 72
39 59
40 74
41 43
42 55
43 39
44 44
45 31
46 46
47 33
48 40
49 25
50 41
51 19
52 14
53 22
54 23
55 17
56 10
57 11
58 9
59 9
60 7
61 11
62 7
63 3
64 2
65 4
66 1
67 3
68 2
69 6
70 1
71 0
72 2
73 0
74 0
75 1
76 0
77 0
78 0
79 0
80 0
81 0
82 0
83 0
84 0
85 0
86 0
87 0
88 0
89 0
90 0
91 0
92 0
93 0
94 0
95 0
96 0
97 0
98 0
99 0
100 0
101 0
29
29002
