28
2303 2293 64.8649
2303 2269 69.6629
2303 2258 61.1765
2303 1970 64.1975
2303 1923 65.8228
2303 1582 61.2245
2303 1462 62
2303 1381 60.7843
2303 1366 64
2303 1351 66.6667
2303 1350 61.5385
2303 1312 65.9091
2303 1220 70.5882
2303 1057 62.2642
2303 808 60.6742
2303 748 61.5385
2303 685 61.3636
2303 681 60.5263
2303 639 63.1579
2303 635 74.6667
2303 614 62.1359
2303 373 68.3544
2303 329 61.7647
2303 230 62.8571
2303 138 69.0476
2303 108 60.241
2303 69 60
2303 39 66.6667
0 0
1 0
2 0
3 0
4 1
5 0
6 1
7 2
8 0
9 0
10 10
11 7
12 4
13 15
14 22
15 11
16 20
17 37
18 29
19 20
20 50
21 35
22 46
23 52
24 66
25 66
26 46
27 77
28 90
29 83
30 81
31 105
32 83
33 71
34 92
35 67
36 65
37 86
38 83
39 61
40 94
41 46
42 58
43 65
44 59
45 39
46 41
47 44
48 39
49 24
50 38
51 11
52 23
53 24
54 16
55 15
56 15
57 17
58 9
59 7
60 7
61 4
62 7
63 3
64 2
65 2
66 2
67 2
68 0
69 1
70 2
71 1
72 0
73 0
74 0
75 1
76 0
77 0
78 0
79 0
80 0
81 0
82 0
83 0
84 0
85 0
86 0
87 0
88 0
89 0
90 0
91 0
92 0
93 0
94 0
95 0
96 0
97 0
98 0
99 0
100 0
101 0
27
28800
