60
2351 2306 64.3678
2351 2226 60.3175
2351 2091 66.6667
2351 2088 63.7363
2351 2061 66.6667
2351 1998 63.6364
2351 1947 70.7317
2351 1912 61.0169
2351 1864 61.9048
2351 1752 68.2353
2351 1716 63.6364
2351 1705 60.8696
2351 1703 60.9756
2351 1684 61.3333
2351 1664 63.1579
2351 1619 67.3913
2351 1616 60
2351 1612 64.5161
2351 1587 67.6056
2351 1576 60.9756
2351 1554 64.3678
2351 1525 65.8228
2351 1500 70.9677
2351 1460 60.2151
2351 1431 64.7059
2351 1428 65.8537
2351 1398 61.0526
2351 1383 63.2911
2351 1342 61.7284
2351 1309 69.6629
2351 1300 60
2351 1241 60.2151
2351 1238 62.1622
2351 1225 63.3663
2351 1170 68.1818
2351 1054 65.6716
2351 986 60.4167
2351 970 60.3175
2351 868 61.0169
2351 847 63.4921
2351 830 68.4211
2351 809 60
2351 783 62.2222
2351 781 65.2174
2351 766 62.069
2351 721 67.5676
2351 641 63.0137
2351 453 60.7595
2351 446 67.7419
2351 438 61.0526
2351 426 63.6364
2351 421 61.7284
2351 414 63.1579
2351 403 60
2351 223 60.4651
2351 220 76.5432
2351 122 63.1579
2351 111 67.6923
2351 76 60
2351 49 60.5263
0 0
1 0
2 0
3 0
4 3
5 0
6 1
7 6
8 3
9 2
10 6
11 17
12 5
13 8
14 20
15 22
16 14
17 25
18 36
19 30
20 35
21 43
22 67
23 38
24 56
25 89
26 47
27 60
28 59
29 86
30 64
31 55
32 85
33 73
34 47
35 75
36 84
37 66
38 77
39 73
40 78
41 59
42 52
43 54
44 72
45 65
46 48
47 57
48 50
49 40
50 39
51 33
52 23
53 17
54 23
55 26
56 22
57 17
58 14
59 17
60 12
61 11
62 8
63 3
64 11
65 4
66 4
67 2
68 5
69 3
70 1
71 2
72 0
73 0
74 0
75 0
76 0
77 1
78 0
79 0
80 0
81 0
82 0
83 0
84 0
85 0
86 0
87 0
88 0
89 0
90 0
91 0
92 0
93 0
94 0
95 0
96 0
97 0
98 0
99 0
100 0
101 0
23
30023
