56
2443 2422 60.6061
2443 2335 63.4615
2443 2284 60.6061
2443 2173 63.1579
2443 2120 62.2642
2443 2063 60.9756
2443 2017 63.6364
2443 1991 62.7907
2443 1987 60.3774
2443 1950 61.2245
2443 1890 63.5514
2443 1861 61.7021
2443 1839 63.3663
2443 1838 67.4419
2443 1816 68.0412
2443 1777 60
2443 1764 62.069
2443 1752 61.0526
2443 1750 60.5505
2443 1656 63.7363
2443 1579 61.1765
2443 1526 60
2443 1521 66.6667
2443 1469 65.9574
2443 1464 60.6742
2443 1454 63.6364
2443 1418 60.1942
2443 1368 61.2245
2443 1336 72.549
2443 1327 60.5505
2443 1257 64.6465
2443 1206 68.5185
2443 1182 64
2443 1164 65.9574
2443 1098 61.5385
2443 1064 60.241
2443 973 60.9524
2443 945 64.1975
2443 932 68.5185
2443 908 63.0631
2443 795 62.8571
2443 784 60
2443 761 66.055
2443 586 61.7021
2443 505 61.0526
2443 496 60.241
2443 407 62
2443 398 60.9756
2443 391 60.3774
2443 366 61.5385
2443 347 71.9101
2443 311 60.241
2443 304 60.1942
2443 162 67.2727
2443 153 62.5
2443 43 69.7674
0 0
1 0
2 0
3 0
4 0
5 0
6 3
7 0
8 0
9 2
10 1
11 3
12 4
13 3
14 4
15 8
16 7
17 11
18 24
19 19
20 18
21 38
22 31
23 32
24 52
25 49
26 35
27 53
28 66
29 57
30 61
31 70
32 75
33 84
34 65
35 75
36 95
37 73
38 84
39 96
40 83
41 70
42 85
43 77
44 82
45 66
46 72
47 68
48 52
49 60
50 69
51 31
52 51
53 42
54 32
55 31
56 32
57 26
58 23
59 19
60 20
61 15
62 10
63 5
64 9
65 2
66 2
67 2
68 2
69 3
70 1
71 0
72 1
73 1
74 0
75 0
76 0
77 0
78 0
79 0
80 0
81 0
82 0
83 0
84 0
85 0
86 0
87 0
88 0
89 0
90 0
91 0
92 0
93 0
94 0
95 0
96 0
97 0
98 0
99 0
100 0
101 0
30
32435
