50
2463 2415 68.1818
2463 2377 63.8298
2463 2366 61.9048
2463 2350 66.6667
2463 2251 61.9048
2463 2245 77.2727
2463 2236 61.9048
2463 2230 61.9048
2463 2098 60.4651
2463 2054 60.8696
2463 2045 73.6842
2463 2023 64
2463 1936 66.6667
2463 1932 70.2703
2463 1913 61.2245
2463 1878 60.4651
2463 1842 60
2463 1838 61.8182
2463 1728 60.4651
2463 1681 65.1163
2463 1637 76.1905
2463 1598 72.2222
2463 1592 68.5714
2463 1559 65.2174
2463 1385 72.2222
2463 1270 65.4545
2463 1262 60
2463 1189 66.6667
2463 1140 68.5714
2463 1065 61.2245
2463 968 66.6667
2463 844 71.1111
2463 743 70.2703
2463 697 62.5
2463 684 60.8696
2463 683 60.3774
2463 573 61.9048
2463 519 69.0909
2463 512 65.1163
2463 496 65.3846
2463 485 60.3774
2463 467 60.7143
2463 447 62.069
2463 398 66.6667
2463 343 64.1509
2463 294 61.5385
2463 274 66.6667
2463 246 60
2463 241 61.9048
2463 15 68.0851
0 0
1 0
2 0
3 0
4 0
5 1
6 3
7 0
8 1
9 5
10 8
11 6
12 19
13 4
14 10
15 17
16 11
17 35
18 30
19 36
20 49
21 32
22 45
23 48
24 52
25 71
26 40
27 71
28 98
29 87
30 105
31 68
32 93
33 59
34 100
35 102
36 74
37 89
38 102
39 62
40 90
41 27
42 73
43 85
44 59
45 48
46 47
47 48
48 56
49 36
50 42
51 9
52 30
53 27
54 13
55 25
56 23
57 7
58 19
59 6
60 12
61 8
62 10
63 2
64 2
65 1
66 5
67 6
68 0
69 4
70 1
71 2
72 1
73 2
74 1
75 0
76 0
77 1
78 1
79 0
80 0
81 0
82 0
83 0
84 0
85 0
86 0
87 0
88 0
89 0
90 0
91 0
92 0
93 0
94 0
95 0
96 0
97 0
98 0
99 0
100 0
101 0
24
32990
