31
2491 2298 61.6822
2491 2126 65.4867
2491 2057 74.3363
2491 2038 61.2903
2491 1950 60.8696
2491 1763 60.6557
2491 1752 60.7143
2491 1724 65.4867
2491 1722 71.028
2491 1481 60.3448
2491 1394 76.1905
2491 1356 60.1626
2491 1275 61.9469
2491 1241 63.3333
2491 1237 65.4867
2491 1225 60.9375
2491 1144 62.2642
2491 851 63.9344
2491 823 64.2857
2491 745 67.8261
2491 724 61.5385
2491 689 67.2414
2491 646 67.1756
2491 539 71.7949
2491 530 66.6667
2491 441 66.1157
2491 422 64.0625
2491 273 60.3175
2491 154 60.7843
2491 49 62.1359
2491 7 66.6667
0 0
1 0
2 0
3 1
4 0
5 5
6 0
7 7
8 7
9 7
10 16
11 9
12 24
13 20
14 30
15 31
16 28
17 60
18 55
19 49
20 70
21 63
22 78
23 48
24 89
25 86
26 67
27 88
28 82
29 86
30 84
31 77
32 84
33 66
34 91
35 63
36 91
37 63
38 82
39 55
40 77
41 35
42 64
43 42
44 48
45 37
46 49
47 31
48 26
49 29
50 30
51 25
52 10
53 20
54 13
55 8
56 15
57 10
58 8
59 10
60 10
61 8
62 4
63 2
64 2
65 2
66 3
67 3
68 3
69 0
70 0
71 0
72 2
73 0
74 0
75 1
76 0
77 1
78 0
79 0
80 0
81 0
82 0
83 0
84 0
85 0
86 0
87 0
88 0
89 0
90 0
91 0
92 0
93 0
94 0
95 0
96 0
97 0
98 0
99 0
100 0
101 0
31
33796
