76
2529 2514 62.7451
2529 2484 61.5385
2529 2432 61.4035
2529 2407 62.2222
2529 2392 61.9048
2529 2339 60.5505
2529 2338 70.4545
2529 2335 61.1111
2529 2280 76
2529 2249 63.0631
2529 2248 69.6429
2529 2176 68.0412
2529 2168 60.6742
2529 2120 76.3636
2529 2108 64.8148
2529 2046 60.7843
2529 2042 61.8557
2529 1991 62.2222
2529 1984 62.8571
2529 1972 60.3774
2529 1815 60.7843
2529 1801 61.3861
2529 1768 67.8899
2529 1761 66.6667
2529 1740 60.7143
2529 1708 73.8739
2529 1704 61.8557
2529 1669 60
2529 1621 62.069
2529 1607 64.5833
2529 1538 64.4444
2529 1469 61.2245
2529 1444 62.6263
2529 1410 64.8148
2529 1354 64.7059
2529 1327 61.9469
2529 1305 60.3774
2529 1296 62.8571
2529 1257 66.0194
2529 1206 62.5
2529 1204 62.2642
2529 1121 60.7143
2529 1071 66.1017
2529 1053 60.7843
2529 1050 72.9167
2529 1002 66.6667
2529 978 60
2529 935 61.8182
2529 932 60.7143
2529 908 60.8696
2529 798 62.3853
2529 757 64.3478
2529 734 60.7143
2529 723 63.0631
2529 699 64.8148
2529 644 64.5161
2529 629 72.2689
2529 610 66.055
2529 591 60.177
2529 535 70.9677
2529 534 66.6667
2529 526 63.1579
2529 505 62.6263
2529 501 66.0714
2529 493 63.8298
2529 431 64.5161
2529 415 73.1183
2529 412 61.3636
2529 405 66.6667
2529 380 62.5
2529 171 69.0265
2529 113 65.3846
2529 80 78.4314
2529 79 60.4651
2529 72 65.0602
2529 47 60.2151
0 1
1 0
2 0
3 1
4 0
5 1
6 6
7 1
8 3
9 14
10 5
11 21
12 21
13 13
14 29
15 19
16 29
17 36
18 40
19 32
20 72
21 34
22 56
23 56
24 54
25 83
26 68
27 57
28 70
29 74
30 73
31 73
32 79
33 64
34 75
35 77
36 78
37 82
38 80
39 78
40 93
41 51
42 66
43 48
44 49
45 45
46 52
47 44
48 48
49 46
50 45
51 27
52 37
53 29
54 21
55 19
56 24
57 14
58 17
59 14
60 10
61 15
62 11
63 12
64 4
65 9
66 2
67 8
68 1
69 1
70 2
71 2
72 0
73 2
74 2
75 0
76 1
77 1
78 0
79 1
80 0
81 0
82 0
83 0
84 0
85 0
86 0
87 0
88 0
89 0
90 0
91 0
92 0
93 0
94 0
95 0
96 0
97 0
98 0
99 0
100 0
101 0
30
34873
