35
2649 2622 60.7143
2649 2545 60
2649 2448 65.6716
2649 2412 61.8182
2649 2388 65.4545
2649 2145 61.5385
2649 2131 63.1579
2649 2089 63.4921
2649 2086 65.2174
2649 2075 66.6667
2649 1939 67.7419
2649 1905 64.7059
2649 1766 62.2951
2649 1712 63.8298
2649 1457 62.069
2649 1221 62.069
2649 1162 65.3061
2649 1070 63.1579
2649 1051 66.6667
2649 1003 66.6667
2649 869 62.2951
2649 865 62.963
2649 860 61.1111
2649 840 69.5652
2649 753 60.274
2649 713 73.913
2649 684 70.3704
2649 573 60
2649 443 63.8298
2649 417 63.8298
2649 237 62.7451
2649 200 65.8228
2649 183 66.6667
2649 78 65.8537
2649 20 60.7595
0 0
1 0
2 0
3 0
4 2
5 14
6 2
7 5
8 20
9 21
10 31
11 19
12 27
13 33
14 61
15 55
16 53
17 37
18 68
19 67
20 85
21 52
22 89
23 65
24 92
25 74
26 64
27 97
28 81
29 79
30 85
31 64
32 92
33 89
34 79
35 62
36 95
37 66
38 54
39 51
40 78
41 28
42 57
43 41
44 48
45 44
46 42
47 32
48 37
49 27
50 39
51 20
52 19
53 11
54 6
55 13
56 9
57 10
58 10
59 6
60 8
61 3
62 3
63 6
64 6
65 1
66 6
67 4
68 1
69 0
70 1
71 1
72 0
73 0
74 1
75 0
76 0
77 0
78 0
79 0
80 0
81 0
82 0
83 0
84 0
85 0
86 0
87 0
88 0
89 0
90 0
91 0
92 0
93 0
94 0
95 0
96 0
97 0
98 0
99 0
100 0
101 0
29
38399
