98
2627 2575 73.2673
2627 2502 64.5833
2627 2498 62.6506
2627 2483 63.9175
2627 2460 67.3077
2627 2427 68.0851
2627 2353 66.6667
2627 2311 62.6506
2627 2298 62.069
2627 2220 66.6667
2627 2215 61.3636
2627 2120 60.1942
2627 2019 61.9048
2627 1999 61.7021
2627 1987 67.9612
2627 1937 73.913
2627 1890 67.3077
2627 1848 60
2627 1842 61.5385
2627 1838 65.0602
2627 1771 66.6667
2627 1719 60.4651
2627 1713 65.1685
2627 1706 70.7071
2627 1659 65.2632
2627 1636 65.7895
2627 1606 60.5263
2627 1596 66.0377
2627 1574 73.6842
2627 1552 63.5514
2627 1550 62.3853
2627 1506 61.3636
2627 1420 61.5385
2627 1412 68.2927
2627 1407 60
2627 1397 64
2627 1386 73.4177
2627 1368 71.5789
2627 1355 60.7843
2627 1345 66.6667
2627 1301 60.9756
2627 1285 63.3663
2627 1269 60.8696
2627 1262 74.359
2627 1242 65.2632
2627 1200 64.9351
2627 1169 60.8696
2627 1164 61.5385
2627 1092 68.9655
2627 1084 66.6667
2627 1072 64
2627 1065 70.1299
2627 1042 62.3656
2627 999 64.9351
2627 968 60.9756
2627 963 63.2653
2627 932 68.5714
2627 889 64.3678
2627 861 65.2632
2627 851 72.549
2627 850 61.1111
2627 843 61.9048
2627 838 65.8228
2627 773 65.2632
2627 757 61.1111
2627 718 60.4651
2627 706 68.0851
2627 698 60.274
2627 689 60.4167
2627 674 70.3297
2627 637 63.0435
2627 612 60
2627 580 64.5833
2627 579 64.5833
2627 533 61.0526
2627 519 69.8795
2627 514 60.7843
2627 499 65.1163
2627 457 63.0631
2627 447 67.4419
2627 442 69.4737
2627 440 62.7451
2627 436 61.1765
2627 429 64.7059
2627 428 68.4685
2627 398 65.8228
2627 391 60.1942
2627 375 60.274
2627 344 61.4035
2627 294 70
2627 245 60.1942
2627 216 68.8889
2627 209 61.7021
2627 154 60.9756
2627 153 64.5161
2627 148 67.5
2627 104 71.0526
2627 29 65.1685
0 0
1 0
2 0
3 0
4 0
5 0
6 0
7 1
8 0
9 0
10 3
11 0
12 1
13 4
14 0
15 6
16 20
17 6
18 8
19 20
20 20
21 11
22 36
23 28
24 34
25 51
26 39
27 41
28 75
29 54
30 58
31 53
32 97
33 68
34 78
35 100
36 71
37 78
38 101
39 76
40 131
41 56
42 85
43 89
44 87
45 73
46 109
47 77
48 74
49 69
50 80
51 44
52 51
53 45
54 49
55 49
56 34
57 20
58 34
59 20
60 17
61 16
62 14
63 6
64 8
65 8
66 11
67 6
68 5
69 7
70 3
71 3
72 2
73 1
74 4
75 1
76 0
77 0
78 0
79 0
80 0
81 0
82 0
83 0
84 0
85 0
86 0
87 0
88 0
89 0
90 0
91 0
92 0
93 0
94 0
95 0
96 0
97 0
98 0
99 0
100 0
101 0
32
37738
