71
2669 2658 60
2669 2636 64.5161
2669 2602 65.3061
2669 2585 61.2245
2669 2584 74.2857
2669 2563 63.0137
2669 2536 63.7363
2669 2497 62.069
2669 2477 66.6667
2669 2422 61.8557
2669 2405 62
2669 2285 64.4444
2669 2284 65.9794
2669 2254 73.2673
2669 2193 66.0714
2669 2165 68.9655
2669 2149 62.2222
2669 2115 63.0631
2669 2110 61.9048
2669 1973 73.4177
2669 1950 64.5833
2669 1943 62.1359
2669 1873 63.3663
2669 1865 60.8696
2669 1857 67.4157
2669 1850 64.9123
2669 1834 68.9655
2669 1829 63.4615
2669 1746 66.6667
2669 1715 62.2222
2669 1685 67.8261
2669 1625 62.2642
2669 1528 64
2669 1526 67.3469
2669 1464 71.2644
2669 1391 60.4167
2669 1378 66.6667
2669 1263 60.5263
2669 1182 61.2245
2669 1102 62.6263
2669 1099 71.6049
2669 1096 60.4167
2669 1064 69.1358
2669 1044 80.3738
2669 1039 68.1818
2669 1005 60.274
2669 948 67.9612
2669 937 63.1579
2669 874 62.069
2669 833 60.8696
2669 791 60.2151
2669 784 62.963
2669 756 75.7282
2669 752 60.8696
2669 664 60.5263
2669 651 64.9351
2669 647 65.2174
2669 615 60.5505
2669 593 64.7059
2669 525 61.8557
2669 506 63.9175
2669 455 81.6327
2669 407 65.3061
2669 396 69.3333
2669 347 64.3678
2669 312 62.3656
2669 304 63.3663
2669 272 60.4167
2669 188 60.241
2669 151 70.7317
2669 84 60.5263
0 0
1 0
2 0
3 0
4 3
5 0
6 5
7 5
8 5
9 10
10 26
11 16
12 28
13 30
14 12
15 30
16 38
17 24
18 39
19 55
20 69
21 42
22 77
23 55
24 62
25 72
26 63
27 76
28 78
29 83
30 68
31 78
32 93
33 75
34 80
35 84
36 70
37 95
38 58
39 72
40 100
41 37
42 77
43 62
44 54
45 55
46 50
47 50
48 35
49 32
50 45
51 30
52 31
53 25
54 32
55 24
56 21
57 15
58 18
59 19
60 10
61 13
62 6
63 9
64 9
65 7
66 4
67 4
68 4
69 3
70 2
71 1
72 2
73 0
74 2
75 1
76 1
77 0
78 0
79 0
80 0
81 1
82 1
83 0
84 0
85 0
86 0
87 0
88 0
89 0
90 0
91 0
92 0
93 0
94 0
95 0
96 0
97 0
98 0
99 0
100 0
101 0
30
39014
