122
2766 2753 65.3846
2766 2740 61.7021
2766 2734 60.241
2766 2697 65.8228
2766 2687 65.1685
2766 2685 64
2766 2674 60.7595
2766 2665 63.6364
2766 2613 62.963
2766 2608 60.5263
2766 2589 67.3913
2766 2585 61.7021
2766 2487 62.2642
2766 2454 60
2766 2440 61.3333
2766 2352 62.069
2766 2332 62.1622
2766 2313 60
2766 2312 63.5294
2766 2267 62.2222
2766 2243 63.0435
2766 2237 63.2911
2766 2229 60
2766 2203 62.7907
2766 2171 64.9351
2766 2160 61.9048
2766 2136 61.5385
2766 2130 61.0526
2766 2092 60.4167
2766 2070 60.7843
2766 2030 63.0435
2766 1999 61.5385
2766 1972 62.5
2766 1958 60.4167
2766 1891 60.2151
2766 1864 61.3636
2766 1829 60
2766 1827 62.1359
2766 1811 62.1622
2766 1799 60.4167
2766 1776 62.6506
2766 1693 65.0602
2766 1667 60.8696
2766 1618 64.1975
2766 1612 61.8557
2766 1589 63.6364
2766 1578 61.1765
2766 1576 60.4651
2766 1557 70.5882
2766 1554 65.9341
2766 1545 63.5294
2766 1543 62.6506
2766 1481 64.5161
2766 1470 62.5
2766 1463 63.7363
2766 1400 62.069
2766 1357 65.1163
2766 1347 61.1111
2766 1342 65.8824
2766 1303 62.6506
2766 1299 65.0602
2766 1298 64.6465
2766 1291 73.5632
2766 1244 63.0137
2766 1196 65.3465
2766 1173 61.3861
2766 1128 62.069
2766 1102 61.0526
2766 1091 62.9213
2766 1085 60
2766 1069 62
2766 1053 63.0435
2766 1043 62.6506
2766 1036 63.0435
2766 1024 70
2766 977 62.1359
2766 966 61.2245
2766 957 61.1111
2766 955 61.0526
2766 943 60.241
2766 883 61.9718
2766 866 72.2222
2766 831 60
2766 824 60.241
2766 801 60.6742
2766 796 60.6742
2766 784 63.4615
2766 781 62.5
2766 775 64.5833
2766 708 64.9351
2766 695 60.2151
2766 647 68.1818
2766 615 60.9524
2766 569 65.9794
2766 556 60.6742
2766 553 61.7021
2766 549 61.0526
2766 522 60.274
2766 518 66
2766 482 60
2766 478 63.9175
2766 465 71.4286
2766 461 72.5275
2766 409 60.8696
2766 317 60.241
2766 303 61.9718
2766 283 60
2766 251 67.3684
2766 244 60.5505
2766 226 63.0137
2766 217 67.3684
2766 209 70.3297
2766 192 60.8696
2766 181 61.5385
2766 176 62.5
2766 156 60.2151
2766 121 60.7595
2766 100 61.2245
2766 99 65
2766 62 65.9574
2766 41 62.6506
2766 34 63.4146
0 0
1 0
2 0
3 0
4 0
5 0
6 0
7 0
8 0
9 0
10 0
11 0
12 0
13 2
14 2
15 2
16 2
17 4
18 2
19 6
20 20
21 9
22 13
23 24
24 24
25 12
26 16
27 24
28 33
29 27
30 78
31 34
32 63
33 83
34 70
35 59
36 86
37 91
38 65
39 117
40 112
41 64
42 121
43 101
44 101
45 112
46 105
47 83
48 106
49 85
50 90
51 62
52 79
53 86
54 68
55 68
56 68
57 41
58 39
59 49
60 43
61 24
62 23
63 21
64 16
65 7
66 12
67 0
68 3
69 1
70 1
71 2
72 1
73 2
74 1
75 0
76 0
77 0
78 0
79 0
80 0
81 0
82 0
83 0
84 0
85 0
86 0
87 0
88 0
89 0
90 0
91 0
92 0
93 0
94 0
95 0
96 0
97 0
98 0
99 0
100 0
101 0
33
42061
