69
2760 2733 64.8148
2760 2728 61.9469
2760 2629 64.5161
2760 2620 68.3761
2760 2613 63.9344
2760 2595 65.4545
2760 2566 71.5447
2760 2561 61.3861
2760 2542 61.9469
2760 2524 62.4
2760 2485 60.7143
2760 2454 61.4035
2760 2401 65.6
2760 2376 61.157
2760 2343 68
2760 2240 61.7021
2760 2228 60.6557
2760 2211 69.7248
2760 2199 62.6087
2760 2170 70.9091
2760 2161 62.3853
2760 2141 67.9245
2760 2115 62.8099
2760 2090 67.8261
2760 2062 70.4
2760 1947 64
2760 1835 64.8649
2760 1784 60.7843
2760 1755 67.2727
2760 1690 66.0377
2760 1633 61.2245
2760 1619 70.9091
2760 1604 61.1111
2760 1603 65.4206
2760 1513 63.5294
2760 1497 65.4867
2760 1480 61.5385
2760 1434 61.4035
2760 1424 60.8696
2760 1377 67.8261
2760 1331 73.2673
2760 1248 67.2414
2760 1229 61.7886
2760 1123 67.7686
2760 1118 65.2174
2760 1095 60.7143
2760 1053 62.2642
2760 1004 68.9655
2760 978 70.1754
2760 967 62
2760 781 65.4545
2760 780 60.4167
2760 775 67.2727
2760 742 63.7168
2760 685 63.4615
2760 670 62.5
2760 665 69.0265
2760 521 64.2857
2760 472 61.2613
2760 456 62.963
2760 382 70.4918
2760 372 62.7451
2760 301 61.5385
2760 285 64.1509
2760 223 65.3846
2760 220 60.6061
2760 171 61.5385
2760 87 60
2760 12 60.6742
0 0
1 0
2 0
3 1
4 0
5 0
6 1
7 0
8 4
9 1
10 1
11 12
12 1
13 7
14 13
15 14
16 23
17 21
18 17
19 47
20 28
21 36
22 48
23 42
24 80
25 82
26 73
27 67
28 89
29 86
30 77
31 93
32 90
33 93
34 71
35 105
36 84
37 82
38 99
39 83
40 123
41 56
42 76
43 56
44 73
45 78
46 70
47 59
48 58
49 28
50 54
51 38
52 45
53 34
54 34
55 32
56 22
57 27
58 22
59 19
60 16
61 8
62 15
63 8
64 5
65 5
66 7
67 1
68 8
69 2
70 2
71 5
72 1
73 0
74 1
75 0
76 0
77 0
78 0
79 0
80 0
81 0
82 0
83 0
84 0
85 0
86 0
87 0
88 0
89 0
90 0
91 0
92 0
93 0
94 0
95 0
96 0
97 0
98 0
99 0
100 0
101 0
34
41866
