146
2733 2728 60.9524
2733 2687 63.1579
2733 2685 60.3774
2733 2679 60
2733 2624 61.9048
2733 2620 66.055
2733 2613 63.1579
2733 2586 60.241
2733 2582 66.0714
2733 2566 60.8696
2733 2525 63.2479
2733 2476 60.6742
2733 2461 60.241
2733 2454 73.5849
2733 2414 63.0435
2733 2413 60.9524
2733 2401 68.3761
2733 2382 60.3774
2733 2279 61.5385
2733 2256 65.8537
2733 2249 67.2897
2733 2229 65.5172
2733 2228 73.6842
2733 2199 63.5514
2733 2191 62.6506
2733 2186 64
2733 2181 61.3861
2733 2171 62.6506
2733 2162 60.9524
2733 2161 63.3663
2733 2141 63.2653
2733 2136 61.9048
2733 2096 61.5385
2733 2063 65.8537
2733 2062 68.3761
2733 2055 62.6506
2733 2046 65.3061
2733 2038 61.6822
2733 2030 65.3061
2733 2027 68.2927
2733 2011 69.6629
2733 1996 61.3861
2733 1961 68.2927
2733 1958 66.6667
2733 1882 66.0194
2733 1876 62.6263
2733 1870 76.7442
2733 1864 70.2128
2733 1856 64.0777
2733 1835 71.8447
2733 1810 69.1358
2733 1790 74
2733 1763 60.9524
2733 1748 63.0631
2733 1739 62.7907
2733 1705 60.7843
2733 1698 60.4167
2733 1696 60.8696
2733 1690 63.2653
2733 1618 66.6667
2733 1617 62.069
2733 1578 63.7363
2733 1570 65.1163
2733 1565 65.1163
2733 1543 65.1685
2733 1516 69.3878
2733 1481 62.6263
2733 1463 61.8557
2733 1452 71.5789
2733 1434 71.6981
2733 1360 60
2733 1298 66.6667
2733 1291 64.5161
2733 1286 66.6667
2733 1264 60.8696
2733 1248 61.1111
2733 1244 60.7595
2733 1173 67.2897
2733 1128 70.9677
2733 1123 67.2566
2733 1114 71.9101
2733 1098 65.3846
2733 1091 63.1579
2733 1085 60.4651
2733 1081 71.028
2733 1053 63.2653
2733 1043 69.6629
2733 1040 60.7843
2733 1023 61.5385
2733 990 60
2733 989 65.2632
2733 987 62.069
2733 978 60.3774
2733 943 60.6742
2733 914 65.2174
2733 908 61.2613
2733 907 64
2733 866 63.1579
2733 834 66.6667
2733 822 62
2733 797 60.6061
2733 792 69.5652
2733 781 62.7451
2733 777 61.5385
2733 775 64.7059
2733 751 65.8537
2733 742 72.381
2733 731 66.6667
2733 724 62
2733 714 61.6822
2733 700 63.7363
2733 688 63.0631
2733 666 63.0435
2733 665 66.6667
2733 653 61.5385
2733 650 60.2151
2733 618 60.7595
2733 610 60.9524
2733 609 69.1589
2733 608 61.1111
2733 591 66.055
2733 581 62.3656
2733 571 61.3861
2733 549 71.2871
2733 514 60.9524
2733 510 61.5385
2733 496 62.6506
2733 457 63.1579
2733 431 60.6742
2733 382 63.1579
2733 381 63.4615
2733 374 65.0602
2733 369 61.9469
2733 298 61.5385
2733 228 65
2733 227 60
2733 210 67.3077
2733 204 64.5833
2733 198 64.5833
2733 171 69.7248
2733 156 68.6869
2733 98 62.2642
2733 87 67.3913
2733 53 64.2857
2733 41 62.9213
2733 19 65.2632
0 0
1 0
2 0
3 0
4 0
5 0
6 1
7 0
8 0
9 4
10 0
11 2
12 8
13 5
14 3
15 10
16 7
17 6
18 15
19 12
20 17
21 34
22 37
23 22
24 41
25 34
26 22
27 54
28 52
29 45
30 66
31 52
32 53
33 75
34 73
35 75
36 117
37 77
38 96
39 107
40 86
41 72
42 104
43 77
44 98
45 89
46 83
47 84
48 82
49 69
50 91
51 37
52 57
53 60
54 54
55 55
56 38
57 31
58 50
59 28
60 23
61 25
62 21
63 13
64 21
65 7
66 14
67 11
68 5
69 5
70 7
71 2
72 6
73 1
74 3
75 0
76 0
77 1
78 0
79 0
80 0
81 0
82 0
83 0
84 0
85 0
86 0
87 0
88 0
89 0
90 0
91 0
92 0
93 0
94 0
95 0
96 0
97 0
98 0
99 0
100 0
101 0
33
41021
