58
2745 2683 63.1579
2745 2652 63.0137
2745 2606 64.1975
2745 2553 60.4167
2745 2548 60.4651
2745 2355 60.2151
2745 2293 60.274
2745 2258 64.2857
2745 2249 63.2653
2745 2146 62.5
2745 2127 60.2151
2745 2093 65.7534
2745 1880 61.9048
2745 1867 60.2151
2745 1852 68.1319
2745 1817 66
2745 1815 65.1685
2745 1805 64.6465
2745 1691 65
2745 1686 60.4651
2745 1667 60.6742
2745 1651 70.2128
2745 1624 67.4419
2745 1613 63.5294
2745 1595 68.4211
2745 1515 63.4146
2745 1482 61.9048
2745 1426 67.5
2745 1414 66.6667
2745 1350 60
2745 1169 60.4651
2745 1163 62.3377
2745 1154 60.6742
2745 1070 61.9718
2745 983 64.1975
2745 974 63.5294
2745 916 60.8696
2745 880 62.8571
2745 840 69.8795
2745 699 63.1579
2745 681 74.6667
2745 680 61.1111
2745 673 60.7595
2745 614 64.7059
2745 610 64.5833
2745 556 62.7907
2745 553 65.9341
2745 309 64.8649
2745 296 62.2222
2745 183 62.3377
2745 180 65.625
2745 108 65.8537
2745 102 60.3175
2745 94 68.8172
2745 91 60.241
2745 41 60
2745 39 62.1622
2745 8 69.1358
0 0
1 0
2 0
3 0
4 0
5 0
6 1
7 3
8 0
9 2
10 5
11 8
12 4
13 5
14 25
15 13
16 10
17 23
18 34
19 30
20 33
21 27
22 35
23 31
24 51
25 54
26 33
27 46
28 67
29 69
30 77
31 55
32 98
33 73
34 70
35 117
36 91
37 90
38 115
39 78
40 124
41 84
42 80
43 91
44 100
45 82
46 60
47 81
48 60
49 62
50 61
51 35
52 42
53 45
54 44
55 43
56 29
57 22
58 22
59 22
60 26
61 14
62 4
63 7
64 7
65 8
66 6
67 1
68 2
69 3
70 2
71 1
72 0
73 0
74 0
75 1
76 0
77 0
78 0
79 0
80 0
81 0
82 0
83 0
84 0
85 0
86 0
87 0
88 0
89 0
90 0
91 0
92 0
93 0
94 0
95 0
96 0
97 0
98 0
99 0
100 0
101 0
32
41396
