20
2891 2881 68.5714
2891 2762 66.6667
2891 2403 64.5161
2891 2326 62.5
2891 2060 62.8571
2891 2007 72.7273
2891 1932 60.6061
2891 1770 60.6061
2891 1753 60.8696
2891 1644 61.9048
2891 1623 63.6364
2891 1252 66.6667
2891 1108 66.6667
2891 1093 61.5385
2891 892 64.5161
2891 817 64.7059
2891 794 66.6667
2891 663 66.6667
2891 411 66.6667
2891 149 66.6667
0 1
1 0
2 0
3 0
4 5
5 3
6 4
7 14
8 6
9 22
10 27
11 22
12 47
13 54
14 35
15 33
16 59
17 54
18 77
19 77
20 118
21 60
22 94
23 99
24 112
25 114
26 76
27 95
28 120
29 79
30 110
31 81
32 147
33 82
34 84
35 74
36 90
37 80
38 83
39 65
40 73
41 26
42 60
43 50
44 39
45 22
46 35
47 24
48 25
49 19
50 25
51 1
52 12
53 12
54 8
55 7
56 11
57 11
58 2
59 3
60 2
61 3
62 2
63 2
64 1
65 3
66 0
67 7
68 0
69 1
70 0
71 0
72 0
73 1
74 0
75 0
76 0
77 0
78 0
79 0
80 0
81 0
82 0
83 0
84 0
85 0
86 0
87 0
88 0
89 0
90 0
91 0
92 0
93 0
94 0
95 0
96 0
97 0
98 0
99 0
100 0
101 0
29
46042
