16
2810 2632 60.8696
2810 2532 60.4651
2810 2263 63.1579
2810 1567 68.4211
2810 1467 60
2810 1451 60.6061
2810 1393 72.7273
2810 1134 64.5161
2810 933 65
2810 890 81.25
2810 803 60.6061
2810 777 63.6364
2810 771 72.2222
2810 387 63.1579
2810 335 68.4211
2810 131 71.1111
0 3
1 0
2 0
3 1
4 14
5 24
6 35
7 30
8 29
9 36
10 52
11 34
12 66
13 71
14 48
15 56
16 64
17 77
18 105
19 91
20 90
21 65
22 85
23 99
24 91
25 122
26 69
27 78
28 99
29 75
30 80
31 85
32 98
33 64
34 57
35 64
36 65
37 56
38 63
39 44
40 70
41 23
42 28
43 31
44 30
45 30
46 27
47 26
48 18
49 19
50 29
51 4
52 17
53 9
54 8
55 9
56 6
57 9
58 4
59 8
60 4
61 4
62 0
63 0
64 3
65 2
66 0
67 0
68 0
69 2
70 0
71 0
72 1
73 2
74 0
75 0
76 0
77 0
78 0
79 0
80 0
81 0
82 1
83 0
84 0
85 0
86 0
87 0
88 0
89 0
90 0
91 0
92 0
93 0
94 0
95 0
96 0
97 0
98 0
99 0
100 0
101 0
29
43458
