105
2861 2809 65.1685
2861 2807 68.2927
2861 2800 64.7059
2861 2761 61.5385
2861 2759 60
2861 2680 65.8537
2861 2623 62.069
2861 2610 63.2653
2861 2592 67.3077
2861 2591 72.0721
2861 2566 67.8571
2861 2558 68.6869
2861 2495 63.6364
2861 2484 61.8557
2861 2409 60.9756
2861 2407 69.8795
2861 2339 64.7059
2861 2338 61.7284
2861 2303 60.6742
2861 2280 64.5161
2861 2249 71.1538
2861 2248 62.8571
2861 2141 61.0526
2861 2127 62.6263
2861 2110 62.6506
2861 2048 74.2268
2861 1991 60.241
2861 1984 63.2653
2861 1943 60.7843
2861 1923 71.4286
2861 1908 60.7595
2861 1894 63.6364
2861 1881 67.4699
2861 1823 61.7021
2861 1816 63.8298
2861 1793 64.0777
2861 1784 61.5385
2861 1761 67.4419
2861 1753 66.6667
2861 1751 62.3656
2861 1740 60.9524
2861 1704 66.6667
2861 1644 62.1622
2861 1617 61.9048
2861 1613 65.9341
2861 1604 61.8557
2861 1538 60.241
2861 1528 70.7071
2861 1497 64.7059
2861 1480 62.5
2861 1471 66
2861 1469 65.9341
2861 1462 62.8571
2861 1453 63.5294
2861 1396 60
2861 1378 65.4545
2861 1366 67.5
2861 1353 60
2861 1350 66.6667
2861 1312 60.2151
2861 1310 60.5263
2861 1302 68.3544
2861 1220 71.028
2861 1206 60.9524
2861 1121 70.4762
2861 1077 61.7284
2861 1053 61.0526
2861 1050 60.6742
2861 1044 64.1509
2861 1035 64.1975
2861 978 69.9029
2861 974 61.5385
2861 967 65.1685
2861 935 64.0777
2861 896 60.6061
2861 880 61.2613
2861 805 69.3878
2861 800 65.9341
2861 685 62.3656
2861 650 64.4444
2861 644 60.4651
2861 614 64.8148
2861 610 74.5098
2861 608 60.9524
2861 598 60
2861 576 63.7168
2861 542 66.0194
2861 535 67.4419
2861 526 61.3636
2861 496 60
2861 395 60.7843
2861 372 68.1319
2861 366 61.3861
2861 342 64.6465
2861 210 67.3267
2861 199 60.4651
2861 171 62.2642
2861 143 68.4685
2861 130 61.1111
2861 108 68.1818
2861 100 61.3861
2861 94 64.6465
2861 79 60.7595
2861 69 63.1579
2861 39 67.5
0 0
1 0
2 0
3 0
4 1
5 0
6 0
7 3
8 2
9 2
10 4
11 3
12 2
13 13
14 4
15 11
16 19
17 9
18 17
19 33
20 36
21 28
22 50
23 48
24 40
25 52
26 58
27 52
28 61
29 81
30 60
31 87
32 88
33 68
34 91
35 114
36 77
37 104
38 86
39 83
40 137
41 62
42 96
43 94
44 84
45 59
46 93
47 60
48 86
49 69
50 68
51 28
52 46
53 46
54 52
55 38
56 44
57 34
58 33
59 28
60 16
61 17
62 16
63 10
64 8
65 12
66 8
67 4
68 8
69 6
70 3
71 2
72 3
73 1
74 0
75 2
76 0
77 0
78 0
79 0
80 0
81 0
82 0
83 0
84 0
85 0
86 0
87 0
88 0
89 0
90 0
91 0
92 0
93 0
94 0
95 0
96 0
97 0
98 0
99 0
100 0
101 0
34
45061
