17
2972 2928 61.8182
2972 2921 66.6667
2972 2884 68.9655
2972 2881 61.9048
2972 2866 62.069
2972 2082 68
2972 1448 68.2927
2972 1304 60.3175
2972 1297 63.4146
2972 1279 68
2972 1029 62.7451
2972 786 66.6667
2972 663 60
2972 641 61.8182
2972 623 62.2222
2972 507 61.8182
2972 249 63.1579
0 6
1 0
2 0
3 6
4 13
5 42
6 52
7 25
8 54
9 53
10 92
11 80
12 66
13 57
14 70
15 77
16 118
17 62
18 110
19 82
20 125
21 88
22 111
23 76
24 94
25 99
26 74
27 88
28 112
29 63
30 95
31 62
32 94
33 69
34 39
35 55
36 54
37 49
38 36
39 34
40 57
41 19
42 36
43 33
44 31
45 32
46 15
47 19
48 27
49 17
50 25
51 7
52 10
53 5
54 6
55 7
56 8
57 4
58 6
59 3
60 6
61 1
62 4
63 3
64 2
65 0
66 0
67 2
68 2
69 2
70 0
71 0
72 0
73 0
74 0
75 0
76 0
77 0
78 0
79 0
80 0
81 0
82 0
83 0
84 0
85 0
86 0
87 0
88 0
89 0
90 0
91 0
92 0
93 0
94 0
95 0
96 0
97 0
98 0
99 0
100 0
101 0
29
48726
