33
2915 2870 66.6667
2915 2794 60.7595
2915 2611 64.2857
2915 2596 60
2915 2591 60
2915 2551 61.1111
2915 2529 62.2222
2915 2522 63.3333
2915 2482 60.6061
2915 2458 60
2915 2338 65.7143
2915 2280 63.4146
2915 2248 65.9574
2915 2176 73.4177
2915 2080 60.7143
2915 1956 66.6667
2915 1955 62.3656
2915 1948 62.6506
2915 1863 67.6923
2915 1723 60.274
2915 1691 64
2915 1480 60.8696
2915 1215 63.0137
2915 1020 68.8525
2915 979 68.3544
2915 935 60.8696
2915 798 72.5275
2915 637 61.7284
2915 629 65.3465
2915 535 66.6667
2915 534 60.3175
2915 380 61.2903
2915 323 62.069
0 0
1 0
2 0
3 0
4 1
5 1
6 2
7 4
8 10
9 2
10 10
11 30
12 34
13 16
14 25
15 46
16 68
17 27
18 52
19 70
20 77
21 53
22 82
23 87
24 96
25 77
26 74
27 91
28 107
29 101
30 71
31 109
32 112
33 83
34 107
35 84
36 78
37 87
38 110
39 63
40 109
41 55
42 75
43 53
44 60
45 52
46 51
47 27
48 41
49 31
50 48
51 19
52 24
53 17
54 22
55 20
56 14
57 5
58 5
59 2
60 7
61 7
62 3
63 4
64 4
65 1
66 3
67 3
68 1
69 2
70 0
71 0
72 0
73 1
74 1
75 0
76 0
77 0
78 0
79 0
80 0
81 0
82 0
83 0
84 0
85 0
86 0
87 0
88 0
89 0
90 0
91 0
92 0
93 0
94 0
95 0
96 0
97 0
98 0
99 0
100 0
101 0
32
46844
