60
3088 3083 63.7681
3088 3021 62.3656
3088 2947 66.6667
3088 2899 61.5385
3088 2853 68.0851
3088 2846 61.6822
3088 2722 60.6061
3088 2718 62.3656
3088 2701 61.5385
3088 2549 60.8696
3088 2542 67.3267
3088 2521 60.8696
3088 2435 62.5
3088 2382 62.7451
3088 2320 65.7534
3088 2319 60.4167
3088 2092 61.2245
3088 2038 60.1942
3088 2035 62.7451
3088 1947 61.3636
3088 1882 64.6465
3088 1777 60.4167
3088 1739 60.9756
3088 1671 66.6667
3088 1650 65.7143
3088 1565 63.4146
3088 1550 64.8148
3088 1506 66.6667
3088 1500 62.6263
3088 1486 64.3678
3088 1420 66.0194
3088 1401 64
3088 1323 70.2703
3088 1286 63.1579
3088 1266 63.7681
3088 1242 63.8298
3088 1238 75
3088 1193 70.5882
3088 1133 68.2927
3088 1114 61.1765
3088 1098 66
3088 1088 63.0137
3088 1085 63.4146
3088 1072 72.7273
3088 1040 65.3061
3088 962 61.8557
3088 921 60.8696
3088 905 60.241
3088 793 60.177
3088 742 61.3861
3088 714 62.1359
3088 706 64.5161
3088 688 65.4206
3088 514 67.3267
3088 391 66.6667
3088 358 66.6667
3088 344 61.9469
3088 291 65.3846
3088 252 60.2151
3088 77 60.1942
0 0
1 0
2 0
3 2
4 0
5 0
6 1
7 9
8 4
9 3
10 17
11 13
12 18
13 36
14 19
15 15
16 40
17 29
18 52
19 59
20 79
21 44
22 94
23 86
24 84
25 99
26 87
27 75
28 86
29 93
30 107
31 82
32 107
33 98
34 76
35 120
36 83
37 100
38 112
39 92
40 105
41 59
42 73
43 52
44 76
45 68
46 58
47 43
48 50
49 36
50 44
51 24
52 37
53 35
54 31
55 23
56 24
57 21
58 22
59 12
60 13
61 12
62 9
63 7
64 8
65 4
66 6
67 6
68 2
69 2
70 0
71 2
72 0
73 1
74 0
75 1
76 0
77 0
78 0
79 0
80 0
81 0
82 0
83 0
84 0
85 0
86 0
87 0
88 0
89 0
90 0
91 0
92 0
93 0
94 0
95 0
96 0
97 0
98 0
99 0
100 0
101 0
38
52617
