29
3019 3007 60
3019 2835 60.6061
3019 2730 68.75
3019 2663 61.1111
3019 2618 62.5
3019 2384 60
3019 2350 61.5385
3019 2230 61.5385
3019 1561 70.5882
3019 1542 72.7273
3019 1522 71.7949
3019 1442 60
3019 1424 60
3019 1399 62.5
3019 1365 71.4286
3019 1343 70
3019 1189 66.6667
3019 1188 61.5385
3019 1080 61.5385
3019 1019 61.1111
3019 936 60
3019 630 60.4651
3019 577 62.8571
3019 572 68.5714
3019 410 62.8571
3019 324 61.1111
3019 241 76.9231
3019 175 61.5385
3019 109 64.5161
0 0
1 0
2 0
3 0
4 0
5 0
6 1
7 4
8 3
9 6
10 9
11 7
12 22
13 25
14 18
15 30
16 28
17 40
18 54
19 50
20 68
21 40
22 74
23 74
24 80
25 130
26 91
27 97
28 117
29 66
30 109
31 113
32 136
33 119
34 81
35 112
36 124
37 109
38 97
39 77
40 131
41 56
42 83
43 74
44 58
45 52
46 41
47 37
48 41
49 32
50 54
51 11
52 40
53 13
54 7
55 13
56 8
57 10
58 8
59 6
60 8
61 2
62 8
63 4
64 0
65 1
66 0
67 1
68 0
69 2
70 1
71 1
72 2
73 1
74 0
75 0
76 0
77 1
78 0
79 0
80 0
81 0
82 0
83 0
84 0
85 0
86 0
87 0
88 0
89 0
90 0
91 0
92 0
93 0
94 0
95 0
96 0
97 0
98 0
99 0
100 0
101 0
29
50290
