36
3185 3160 61.1111
3185 2992 61.5385
3185 2700 72.3404
3185 2678 66.6667
3185 2624 60.3774
3185 2410 63.8298
3185 2325 60.4651
3185 2295 66.6667
3185 2265 69.2308
3185 2246 63.1579
3185 2143 70.8333
3185 2137 69.0909
3185 2025 61.9048
3185 1990 63.1579
3185 1909 66.6667
3185 1853 60
3185 1778 63.1579
3185 1641 63.1579
3185 1578 60
3185 1520 64.8649
3185 1455 63.1579
3185 1445 73.913
3185 1303 65.5172
3185 1061 68.2927
3185 1049 63.4146
3185 1020 63.6364
3185 990 61.0169
3185 857 61.9048
3185 648 64
3185 559 63.1579
3185 399 64.1509
3185 333 68.4211
3185 256 66.6667
3185 234 70.8333
3185 65 64.7059
3185 1 63.6364
0 2
1 0
2 0
3 1
4 0
5 5
6 10
7 3
8 10
9 5
10 14
11 36
12 50
13 30
14 41
15 42
16 67
17 76
18 66
19 71
20 93
21 71
22 111
23 113
24 107
25 100
26 74
27 97
28 129
29 99
30 144
31 89
32 97
33 74
34 119
35 98
36 86
37 71
38 82
39 102
40 92
41 34
42 79
43 61
44 59
45 50
46 45
47 39
48 30
49 28
50 33
51 17
52 24
53 16
54 13
55 9
56 9
57 8
58 7
59 7
60 5
61 2
62 5
63 0
64 11
65 3
66 1
67 4
68 0
69 2
70 2
71 2
72 0
73 1
74 1
75 0
76 0
77 0
78 0
79 0
80 0
81 0
82 0
83 0
84 0
85 0
86 0
87 0
88 0
89 0
90 0
91 0
92 0
93 0
94 0
95 0
96 0
97 0
98 0
99 0
100 0
101 0
32
56016
