119
3255 3189 67.5
3255 3151 61.9048
3255 3133 60.6061
3255 3104 64.7887
3255 3101 61.7021
3255 3092 63.1579
3255 3023 61.7284
3255 3000 62.9213
3255 2989 64.5161
3255 2980 64.2857
3255 2931 63.4921
3255 2912 60.8696
3255 2896 60.9756
3255 2883 68.4211
3255 2875 65.7534
3255 2866 68.4932
3255 2857 66.6667
3255 2826 62.6866
3255 2752 63.7681
3255 2696 61.1111
3255 2690 63.4615
3255 2659 60.6061
3255 2639 61.7021
3255 2579 60.7143
3255 2575 61.5385
3255 2550 70.2703
3255 2502 65.1163
3255 2483 64.3678
3255 2459 62.6866
3255 2439 60
3255 2418 60.6061
3255 2409 63.8889
3255 2347 60.274
3255 2323 63.3333
3255 2298 64.9351
3255 2220 64.7059
3255 2198 61.2903
3255 2124 68.4211
3255 2122 60
3255 2116 65.625
3255 2106 67.7419
3255 2001 60.7143
3255 1968 64.2857
3255 1950 61.1765
3255 1946 60.241
3255 1848 60
3255 1847 66.6667
3255 1838 60.274
3255 1836 62.6866
3255 1819 60.6061
3255 1814 62.2951
3255 1803 61.3861
3255 1771 64.7887
3255 1752 65.8537
3255 1732 62.069
3255 1726 69.4444
3255 1713 63.2911
3255 1702 64.7887
3255 1659 61.1765
3255 1642 60.6061
3255 1612 68.8889
3255 1606 60.6061
3255 1587 61.7647
3255 1576 70.8861
3255 1554 61.9048
3255 1525 63.1579
3255 1469 64.1975
3255 1418 68.8889
3255 1386 60.8696
3255 1374 63.1579
3255 1363 60.7143
3255 1347 61.3861
3255 1342 76.9231
3255 1328 62.6866
3255 1327 60.4167
3255 1285 61.5385
3255 1275 60.241
3255 1242 61.1765
3255 1237 60.241
3255 1236 60.5263
3255 1190 69.697
3255 1176 60.5263
3255 1174 67.6471
3255 1084 63.0435
3255 1046 61.1111
3255 1000 62.2222
3255 963 61.3636
3255 861 63.5294
3255 859 61.7647
3255 851 63.0435
3255 838 66.6667
3255 826 60.6061
3255 824 63.1579
3255 814 64.1026
3255 737 65.6716
3255 718 60.5263
3255 696 61.2903
3255 689 69.7674
3255 641 62.8571
3255 602 63.6364
3255 586 66.6667
3255 583 61.7647
3255 533 63.5294
3255 531 63.0137
3255 499 60.5263
3255 479 61.0169
3255 442 61.1765
3255 366 63.7363
3255 347 60.5263
3255 332 63.8298
3255 272 63.5294
3255 202 64.6154
3255 162 63.9175
3255 106 60.274
3255 104 69.697
3255 49 65.7534
3255 43 71.2329
3255 42 60
3255 7 61.5385
0 0
1 0
2 0
3 0
4 2
5 0
6 0
7 2
8 2
9 0
10 9
11 9
12 15
13 5
14 11
15 17
16 18
17 16
18 20
19 30
20 39
21 17
22 48
23 68
24 59
25 67
26 51
27 69
28 54
29 73
30 110
31 87
32 79
33 100
34 115
35 87
36 88
37 114
38 106
39 96
40 146
41 65
42 88
43 109
44 113
45 88
46 98
47 92
48 92
49 63
50 88
51 38
52 63
53 54
54 46
55 34
56 45
57 42
58 39
59 29
60 24
61 25
62 23
63 9
64 20
65 12
66 6
67 4
68 3
69 5
70 4
71 2
72 1
73 0
74 0
75 0
76 0
77 1
78 0
79 0
80 0
81 0
82 0
83 0
84 0
85 0
86 0
87 0
88 0
89 0
90 0
91 0
92 0
93 0
94 0
95 0
96 0
97 0
98 0
99 0
100 0
101 0
38
58516
