44
3359 3354 73.4694
3359 3228 61.5385
3359 3206 61.5385
3359 3179 68
3359 3176 68.8525
3359 3103 61.8182
3359 3098 62.6506
3359 3083 66.6667
3359 3070 63.0137
3359 3005 70.1299
3359 2699 63.1579
3359 2640 72.7273
3359 2509 61.8182
3359 2508 70.5882
3359 2501 60
3359 2449 60.7143
3359 2435 61.2903
3359 2383 68.0851
3359 2311 65.625
3359 2097 75
3359 2002 61.8182
3359 1930 63.4921
3359 1551 63.1579
3359 1487 62.7451
3359 1412 66.6667
3359 1072 64.1975
3359 1032 62.5
3359 1011 60
3359 982 60
3359 886 66.6667
3359 807 60.8696
3359 722 74.5098
3359 622 64.5161
3359 619 81.6327
3359 448 65.5738
3359 386 62.2951
3359 327 60.3774
3359 321 72.7273
3359 275 63.8298
3359 273 62.069
3359 260 62.2222
3359 148 62.2951
3359 96 65.7534
3359 89 62.2951
0 0
1 0
2 0
3 2
4 13
5 16
6 6
7 9
8 28
9 48
10 29
11 34
12 37
13 48
14 62
15 50
16 71
17 66
18 110
19 72
20 111
21 74
22 123
23 87
24 118
25 105
26 81
27 114
28 97
29 105
30 104
31 95
32 128
33 110
34 70
35 90
36 97
37 81
38 69
39 72
40 93
41 49
42 59
43 54
44 61
45 44
46 47
47 30
48 38
49 26
50 43
51 15
52 25
53 11
54 21
55 15
56 14
57 9
58 8
59 8
60 15
61 3
62 6
63 8
64 5
65 2
66 3
67 3
68 1
69 2
70 0
71 2
72 0
73 2
74 1
75 2
76 0
77 0
78 0
79 0
80 0
81 0
82 1
83 0
84 0
85 0
86 0
87 0
88 0
89 0
90 0
91 0
92 0
93 0
94 0
95 0
96 0
97 0
98 0
99 0
100 0
101 0
40
62378
