47
3330 3310 65.8537
3330 3119 65.3061
3330 3058 76.2887
3330 2938 60
3330 2732 68.2353
3330 2689 68.9655
3330 2672 60
3330 2627 60
3330 2575 61.8557
3330 2541 64.5833
3330 2498 70.8861
3330 2449 64.7887
3330 2215 61.9048
3330 1986 66.6667
3330 1942 60.4651
3330 1937 65.9091
3330 1771 62.3377
3330 1719 60.9756
3330 1651 62.5
3330 1596 60.7843
3330 1574 63.8889
3330 1541 64
3330 1482 60.4651
3330 1408 61.3636
3330 1386 61.3333
3330 1368 61.5385
3330 1345 65.1685
3330 1111 62.7907
3330 1103 68.3544
3330 1011 61.1765
3330 919 61.7647
3330 580 67.3913
3330 578 63.6364
3330 474 60.7595
3330 463 62.6263
3330 442 68.1319
3330 439 70.4225
3330 436 64.1975
3330 375 60.8696
3330 359 61.7284
3330 310 62.3656
3330 294 63.1579
3330 271 62.3377
3330 216 60.4651
3330 168 64.7887
3330 54 71.4286
3330 38 62.6263
0 0
1 0
2 0
3 0
4 0
5 0
6 0
7 8
8 0
9 1
10 13
11 7
12 12
13 27
14 46
15 25
16 40
17 82
18 50
19 54
20 94
21 73
22 88
23 90
24 92
25 110
26 83
27 100
28 94
29 126
30 106
31 120
32 96
33 95
34 125
35 86
36 102
37 121
38 84
39 94
40 110
41 64
42 79
43 70
44 71
45 69
46 54
47 45
48 49
49 47
50 48
51 27
52 33
53 37
54 36
55 25
56 21
57 16
58 14
59 15
60 11
61 7
62 8
63 7
64 4
65 4
66 4
67 1
68 1
69 4
70 0
71 2
72 1
73 0
74 0
75 0
76 0
77 1
78 0
79 0
80 0
81 0
82 0
83 0
84 0
85 0
86 0
87 0
88 0
89 0
90 0
91 0
92 0
93 0
94 0
95 0
96 0
97 0
98 0
99 0
100 0
101 0
46
61323
