81
3456 3425 60.5042
3456 3416 60.5042
3456 3396 62.9032
3456 3394 62.7119
3456 3390 65.4206
3456 3362 62.7451
3456 3326 63.7931
3456 3317 65.4206
3456 3252 66.1417
3456 3066 62.069
3456 2927 63.5514
3456 2837 66.6667
3456 2823 66.055
3456 2750 67.2414
3456 2727 65.4867
3456 2721 60.3448
3456 2701 60.6557
3456 2688 73.5849
3456 2656 67.8261
3456 2642 65
3456 2574 73.4375
3456 2548 67.8899
3456 2500 60.7843
3456 2448 69.2308
3456 2382 61.6667
3456 2344 60
3456 2317 61.4173
3456 2277 60.3774
3456 2217 66.6667
3456 2194 61.157
3456 2190 68.2927
3456 2173 60.5505
3456 2138 68.4211
3456 2135 60.1942
3456 2131 74.3363
3456 2113 63.7168
3456 1987 63.3333
3456 1983 65.0794
3456 1910 67.1875
3456 1890 64.4628
3456 1830 67.7686
3456 1774 60.3175
3456 1652 62.5
3456 1646 68.4211
3456 1582 66.6667
3456 1491 61.5385
3456 1405 64.4068
3456 1390 67.1875
3456 1372 69.5652
3456 1285 64.4068
3456 1220 62.9032
3456 1182 61.4035
3456 1137 61.157
3456 1084 62.1849
3456 1048 62.6087
3456 1009 70.5882
3456 963 62.6087
3456 879 67.2727
3456 862 60.3448
3456 829 67.2131
3456 808 68.4685
3456 761 65.0407
3456 753 63.6364
3456 750 64.5161
3456 703 63.5514
3456 690 60.1942
3456 592 66.6667
3456 587 60.5042
3456 555 60.8696
3456 503 63.4146
3456 429 62.1849
3456 419 61.2613
3456 379 65.5172
3456 344 65.6489
3456 307 63.7168
3456 183 66
3456 141 62.1849
3456 134 63.9344
3456 103 67.8899
3456 78 75.6303
3456 20 72.4138
0 0
1 0
2 0
3 0
4 0
5 1
6 0
7 0
8 1
9 0
10 11
11 2
12 6
13 19
14 7
15 24
16 19
17 23
18 53
19 26
20 65
21 40
22 48
23 77
24 68
25 107
26 59
27 93
28 111
29 83
30 125
31 97
32 106
33 154
34 109
35 148
36 99
37 116
38 115
39 108
40 122
41 79
42 91
43 90
44 90
45 80
46 99
47 74
48 75
49 67
50 82
51 37
52 36
53 50
54 37
55 36
56 26
57 21
58 22
59 19
60 22
61 13
62 7
63 11
64 9
65 5
66 8
67 6
68 9
69 4
70 2
71 1
72 0
73 1
74 2
75 1
76 1
77 0
78 0
79 0
80 0
81 0
82 0
83 0
84 0
85 0
86 0
87 0
88 0
89 0
90 0
91 0
92 0
93 0
94 0
95 0
96 0
97 0
98 0
99 0
100 0
101 0
45
66145
