153
3440 3416 63.7363
3440 3414 67.6923
3440 3372 64.4068
3440 3351 72.973
3440 3341 60.8696
3440 3306 64.9351
3440 3285 71.0526
3440 3260 74.2857
3440 3259 65.7143
3440 3255 63.0137
3440 3250 65.0602
3440 3238 61.0169
3440 3232 60.4651
3440 3192 64.6154
3440 3175 61.0169
3440 3151 65.0602
3440 3133 61.5385
3440 3121 72.1311
3440 3104 62.8571
3440 3093 71.875
3440 3079 60
3440 3078 63.2911
3440 3076 60.2151
3440 3068 62.7907
3440 3065 64.7887
3440 3041 62.6866
3440 3013 63.0435
3440 3012 72.4138
3440 3010 60.6061
3440 2953 69.2308
3440 2919 66.6667
3440 2910 60
3440 2808 60
3440 2795 60.9756
3440 2791 64.4444
3440 2765 72.973
3440 2733 60.4651
3440 2708 64
3440 2696 64.7887
3440 2679 68.4211
3440 2542 61.5385
3440 2540 66.6667
3440 2525 62.1359
3440 2512 62.5
3440 2502 68.2353
3440 2483 62.7907
3440 2453 66.6667
3440 2437 60.5263
3440 2415 62.2951
3440 2413 61.5385
3440 2363 62.5
3440 2337 64.6154
3440 2335 60
3440 2288 64.3678
3440 2255 65.8228
3440 2230 67.7966
3440 2228 62
3440 2220 68.6567
3440 2181 62.069
3440 2179 62.5
3440 2162 68.1319
3440 2154 67.7419
3440 2064 61.2903
3440 2063 70.5882
3440 2062 62.1359
3440 1961 70.5882
3440 1958 61.3636
3440 1952 64.5161
3440 1946 65.8537
3440 1941 61.0169
3440 1888 61.5385
3440 1876 61.1765
3440 1870 63.8889
3440 1864 65
3440 1846 60.8696
3440 1838 66.6667
3440 1822 61.5385
3440 1810 65.6716
3440 1806 65.8228
3440 1750 63.1579
3440 1743 61.1111
3440 1739 69.4444
3440 1733 68.8525
3440 1728 60
3440 1713 61.5385
3440 1710 61.0169
3440 1705 65.9091
3440 1679 63.3333
3440 1636 61.5385
3440 1597 66.6667
3440 1576 66.6667
3440 1562 60.274
3440 1559 69.8413
3440 1516 66.6667
3440 1481 61.1765
3440 1469 70
3440 1403 65.625
3440 1397 62.5
3440 1368 69.0476
3440 1250 61.2903
3440 1242 76.1905
3440 1200 60.6061
3440 1176 72
3440 1164 62.5
3440 1146 68.6567
3440 1127 61.2903
3440 1118 65.7143
3440 1114 61.3333
3440 1098 68.8889
3440 1085 69.4444
3440 1081 60.2151
3440 1062 65
3440 1043 61.3333
3440 1042 63.4146
3440 1021 60.2151
3440 989 64.1975
3440 971 65.4545
3440 904 68.8525
3440 870 60.6061
3440 861 61.9048
3440 844 67.7419
3440 785 61.0169
3440 777 62.5
3440 766 60.241
3440 765 60
3440 731 65.9091
3440 724 62.7907
3440 714 66.6667
3440 706 60.241
3440 698 64.5161
3440 692 68.75
3440 687 60
3440 683 60
3440 653 65.625
3440 646 62
3440 609 60.2151
3440 586 60
3440 575 60.9756
3440 519 72.2222
3440 514 61.5385
3440 496 63.7681
3440 457 66
3440 447 77.3333
3440 437 60.2151
3440 431 61.3333
3440 391 60.8696
3440 325 64.7887
3440 298 68.75
3440 294 60.8696
3440 156 68.2353
3440 56 61.9718
3440 52 60
3440 49 63.8889
0 0
1 0
2 0
3 0
4 5
5 0
6 1
7 3
8 12
9 0
10 6
11 5
12 22
13 5
14 14
15 19
16 31
17 25
18 34
19 53
20 43
21 28
22 59
23 50
24 74
25 72
26 64
27 79
28 88
29 71
30 94
31 112
32 88
33 67
34 121
35 103
36 92
37 98
38 136
39 75
40 138
41 68
42 102
43 87
44 109
45 94
46 67
47 77
48 69
49 68
50 107
51 54
52 53
53 52
54 64
55 54
56 53
57 34
58 41
59 29
60 27
61 20
62 27
63 15
64 11
65 14
66 14
67 8
68 4
69 11
70 6
71 2
72 3
73 5
74 0
75 1
76 0
77 1
78 1
79 0
80 0
81 0
82 0
83 0
84 0
85 0
86 0
87 0
88 0
89 0
90 0
91 0
92 0
93 0
94 0
95 0
96 0
97 0
98 0
99 0
100 0
101 0
43
65513
