68
3496 3377 74.0741
3496 3340 63.6364
3496 3332 69.5652
3496 3317 61.7647
3496 3254 60.4651
3496 3212 60.4651
3496 3161 63.6364
3496 3122 63.3333
3496 3096 63.4146
3496 3091 64.1509
3496 3080 60.3774
3496 3055 66.6667
3496 3032 67.9245
3496 3027 60.8696
3496 2930 66.6667
3496 2920 62.2951
3496 2911 66.6667
3496 2907 70
3496 2893 69.5652
3496 2668 67.9245
3496 2576 61.5385
3496 2573 62.6866
3496 2452 65.4545
3496 2448 64.6154
3496 2431 63.8298
3496 2362 65.5172
3496 2356 62.5
3496 2310 68.0851
3496 2309 63.8298
3496 2268 63.4146
3496 2266 66.6667
3496 2177 62.5
3496 2163 64.4068
3496 2138 61.3333
3496 2135 62.5
3496 2112 68.0851
3496 2101 60.7143
3496 2086 72.7273
3496 2005 67.8571
3496 1957 65.5172
3496 1860 65.1163
3496 1795 65.625
3496 1712 62.2222
3496 1639 62.963
3496 1549 72.4138
3496 1457 71.4286
3496 1417 60
3496 1290 65.4545
3496 1217 61.9048
3496 1162 63.8298
3496 1041 60.4651
3496 1034 61.9718
3496 1014 68.75
3496 1009 60
3496 1003 76.3636
3496 926 75
3496 925 71.1111
3496 855 61.0169
3496 713 63.6364
3496 662 63.3333
3496 631 69.3878
3496 563 69.3878
3496 406 61.5385
3496 351 60.8696
3496 284 61.5385
3496 255 60.4651
3496 82 73.1707
3496 51 79.3103
0 3
1 0
2 0
3 1
4 2
5 14
6 2
7 3
8 3
9 17
10 27
11 9
12 23
13 23
14 42
15 40
16 44
17 42
18 55
19 80
20 100
21 53
22 76
23 96
24 92
25 121
26 69
27 89
28 102
29 84
30 160
31 83
32 119
33 103
34 116
35 122
36 92
37 74
38 113
39 90
40 142
41 70
42 80
43 69
44 73
45 81
46 78
47 52
48 62
49 55
50 69
51 19
52 35
53 25
54 29
55 26
56 22
57 14
58 17
59 12
60 15
61 8
62 8
63 7
64 10
65 3
66 6
67 4
68 3
69 3
70 5
71 0
72 2
73 2
74 1
75 2
76 0
77 1
78 0
79 0
80 1
81 0
82 0
83 0
84 0
85 0
86 0
87 0
88 0
89 0
90 0
91 0
92 0
93 0
94 0
95 0
96 0
97 0
98 0
99 0
100 0
101 0
35
67705
