105
3490 3488 70.3704
3490 3459 66.6667
3490 3439 63.6364
3490 3400 62.8571
3490 3383 60.274
3490 3376 70.7692
3490 3334 65.1163
3490 3214 64.7887
3490 3138 64.5161
3490 3128 60.6061
3490 3011 61.0169
3490 2951 62.8571
3490 2923 60
3490 2838 60.3774
3490 2827 66.6667
3490 2822 61.0169
3490 2695 61.0169
3490 2670 70
3490 2625 60
3490 2607 76.3636
3490 2598 71.6418
3490 2597 81.9672
3490 2572 65.1163
3490 2562 60.4651
3490 2531 63.4921
3490 2432 65.9341
3490 2395 65.8228
3490 2346 60.8696
3490 2345 62.5
3490 2330 66.6667
3490 2322 61.8182
3490 2294 64.6154
3490 2262 65.7895
3490 2260 65.3061
3490 2237 60.6061
3490 2233 66.6667
3490 2165 65.7143
3490 2150 67.6923
3490 2107 61.0169
3490 2099 61.2245
3490 2076 72.4138
3490 2042 64.8649
3490 2032 61.0169
3490 1988 64
3490 1982 61.5385
3490 1977 64.2857
3490 1972 65.0602
3490 1935 66.6667
3490 1839 63.4146
3490 1825 76.1905
3490 1776 71.4286
3490 1768 60.4651
3490 1735 63.1579
3490 1663 61.8182
3490 1617 64.7059
3490 1589 66.6667
3490 1584 65.6716
3490 1578 61.1111
3490 1566 65.3061
3490 1557 63.8889
3490 1547 64.5161
3490 1427 65.8228
3490 1357 60.274
3490 1318 60.3175
3490 1165 65.4545
3490 1153 63.5294
3490 1131 65.8824
3490 1073 65.625
3490 1049 67.9245
3490 1036 63.2911
3490 982 60.3774
3490 966 63.5294
3490 957 61.0169
3490 900 61.8182
3490 899 65.6716
3490 888 70.2703
3490 796 65.7895
3490 752 65.3846
3490 711 68.9655
3490 686 76.1905
3490 638 63.8889
3490 632 61.0169
3490 607 66.6667
3490 599 67.6471
3490 593 63.5294
3490 584 65.7143
3490 568 65.3061
3490 527 61.1765
3490 517 61.2245
3490 460 64
3490 415 60
3490 412 61.5385
3490 378 64.7887
3490 360 64
3490 333 60
3490 276 63.2911
3490 261 62.069
3490 208 78.6885
3490 203 69.3878
3490 118 66.6667
3490 110 65.3846
3490 84 61.0169
3490 62 61.7284
3490 28 63.5294
3490 11 67.7966
0 0
1 0
2 0
3 0
4 0
5 2
6 0
7 1
8 9
9 13
10 1
11 12
12 18
13 26
14 19
15 24
16 29
17 42
18 42
19 51
20 62
21 56
22 72
23 72
24 83
25 100
26 85
27 84
28 101
29 91
30 127
31 97
32 118
33 91
34 130
35 103
36 99
37 107
38 141
39 96
40 131
41 66
42 61
43 75
44 89
45 87
46 88
47 61
48 80
49 66
50 78
51 43
52 43
53 34
54 48
55 26
56 33
57 16
58 27
59 13
60 19
61 10
62 18
63 4
64 15
65 8
66 20
67 8
68 4
69 1
70 2
71 3
72 2
73 1
74 0
75 0
76 0
77 3
78 0
79 1
80 0
81 0
82 1
83 0
84 0
85 0
86 0
87 0
88 0
89 0
90 0
91 0
92 0
93 0
94 0
95 0
96 0
97 0
98 0
99 0
100 0
101 0
40
67479
