67
3448 3388 64
3448 3377 64.2857
3448 3300 61.7021
3448 3162 62.6506
3448 3130 66.0714
3448 3052 61.3636
3448 3032 62.6506
3448 2936 61.2613
3448 2907 62.2222
3448 2804 60.3448
3448 2800 60
3448 2648 63.9175
3448 2599 60.1942
3448 2588 61.7021
3448 2585 62.8571
3448 2576 66.6667
3448 2573 63.9175
3448 2526 67.2727
3448 2438 61.3636
3448 2394 62.3853
3448 2374 62.2642
3448 2340 63.2653
3448 2317 72.8814
3448 2269 62.7451
3448 2193 60.5042
3448 2138 62.8571
3448 2113 61.5385
3448 2088 66.0377
3448 1927 63.5514
3448 1922 62.3853
3448 1820 62.5
3448 1809 60.4167
3448 1803 62.1849
3448 1760 60.9756
3448 1686 60
3448 1676 74.7664
3448 1630 62.963
3448 1515 62.5
3448 1514 61.2245
3448 1462 60.177
3448 1439 73.5043
3448 1419 64.3478
3448 1351 62.5
3448 1312 61.3861
3448 1290 68.2353
3448 1278 61.1111
3448 1168 61.7021
3448 1057 67.2269
3448 1034 65.3465
3448 926 65.9574
3448 829 61.9469
3448 808 64.7059
3448 660 66.1157
3448 654 67.2727
3448 643 65.1685
3448 635 61.3636
3448 536 65.5738
3448 513 62.5
3448 500 64.2857
3448 395 60
3448 332 64.2857
3448 315 63.6364
3448 258 65.4867
3448 229 60.3774
3448 211 61.0169
3448 101 65.4867
3448 32 69.0265
0 0
1 0
2 0
3 4
4 2
5 2
6 12
7 2
8 12
9 16
10 6
11 25
12 35
13 28
14 54
15 35
16 57
17 67
18 68
19 67
20 109
21 69
22 104
23 87
24 113
25 131
26 83
27 93
28 109
29 102
30 101
31 129
32 106
33 106
34 110
35 105
36 110
37 88
38 77
39 90
40 92
41 62
42 74
43 83
44 63
45 57
46 52
47 54
48 46
49 39
50 45
51 27
52 31
53 29
54 25
55 17
56 22
57 14
58 12
59 11
60 14
61 7
62 13
63 15
64 6
65 5
66 6
67 4
68 3
69 1
70 1
71 0
72 0
73 1
74 1
75 1
76 0
77 0
78 0
79 0
80 0
81 0
82 0
83 0
84 0
85 0
86 0
87 0
88 0
89 0
90 0
91 0
92 0
93 0
94 0
95 0
96 0
97 0
98 0
99 0
100 0
101 0
41
65835
