59
3595 3593 60
3595 3579 66.6667
3595 3470 60.8696
3595 3429 66.6667
3595 3385 60.3175
3595 3275 65.2174
3595 3253 65.3061
3595 3238 60.8696
3595 3063 65
3595 2875 61.0169
3595 2868 60.3175
3595 2659 61.5385
3595 2634 60.8696
3595 2633 63.8298
3595 2363 62.7451
3595 2324 69.5652
3595 2321 60
3595 2320 60
3595 2301 60
3595 2283 72.7273
3595 2271 60.4651
3595 2237 62.069
3595 2064 61.2245
3595 2041 75
3595 2028 60.8696
3595 2006 60
3595 1977 62.5
3595 1950 61.9718
3595 1928 61.5385
3595 1844 60.3175
3595 1752 61.7647
3595 1716 61.2245
3595 1620 74.5763
3595 1599 63.1579
3595 1591 65.3846
3595 1533 64.1509
3595 1283 60.4651
3595 1272 61.5385
3595 1266 65.2174
3595 1157 65.5172
3595 1148 64
3595 941 61.2903
3595 937 66.6667
3595 901 60.3774
3595 868 61.9048
3595 815 60.7143
3595 811 73.1707
3595 779 65
3595 724 60.274
3595 687 68.0851
3595 611 61.8182
3595 597 60.4651
3595 317 61.2903
3595 226 65.3846
3595 219 60
3595 188 65.5172
3595 154 62.069
3595 123 68.4211
3595 120 66.6667
0 0
1 0
2 0
3 0
4 0
5 3
6 0
7 2
8 6
9 6
10 18
11 15
12 21
13 22
14 30
15 52
16 47
17 26
18 51
19 49
20 90
21 57
22 79
23 75
24 95
25 120
26 86
27 82
28 110
29 105
30 122
31 107
32 120
33 109
34 107
35 136
36 132
37 94
38 94
39 108
40 142
41 56
42 123
43 95
44 96
45 52
46 55
47 82
48 89
49 57
50 65
51 26
52 38
53 39
54 33
55 39
56 25
57 15
58 13
59 11
60 14
61 13
62 12
63 4
64 3
65 3
66 7
67 4
68 0
69 2
70 1
71 0
72 0
73 1
74 1
75 2
76 0
77 0
78 0
79 0
80 0
81 0
82 0
83 0
84 0
85 0
86 0
87 0
88 0
89 0
90 0
91 0
92 0
93 0
94 0
95 0
96 0
97 0
98 0
99 0
100 0
101 0
34
71645
