175
3658 3605 70.7965
3658 3602 76
3658 3589 60.7843
3658 3543 66.6667
3658 3542 63.1579
3658 3540 65.2632
3658 3539 61.1765
3658 3532 62
3658 3476 60.2151
3658 3438 64.8148
3658 3415 66.6667
3658 3334 61.2613
3658 3293 61.6822
3658 3273 60.177
3658 3264 60.1942
3658 3232 62.2642
3658 3193 74.0741
3658 3187 60.4651
3658 3181 63.3663
3658 3132 61.0526
3658 3118 66.055
3658 3109 62.7907
3658 3085 64.2857
3658 3079 60
3658 3020 61.1111
3658 3007 60
3658 2996 64.7059
3658 2963 65.5738
3658 2936 60.7143
3658 2909 67.2897
3658 2897 68.9655
3658 2887 63.6364
3658 2886 61.8557
3658 2880 63.9175
3658 2856 60.5042
3658 2821 64.1509
3658 2819 71.8447
3658 2813 66.6667
3658 2729 67.3684
3658 2651 60.5505
3658 2643 61.2245
3658 2582 66.1017
3658 2538 65.3465
3658 2525 63.4146
3658 2506 65
3658 2503 62.3853
3658 2476 63.1579
3658 2454 62.5
3658 2447 77.0642
3658 2440 62.069
3658 2414 71.4286
3658 2355 61.1111
3658 2315 72.2222
3658 2300 61.8557
3658 2243 69.2308
3658 2174 66.6667
3658 2161 71.028
3658 2146 68.4685
3658 2125 62.069
3658 2122 70.7071
3658 2111 64.8148
3658 2089 63.0435
3658 2069 62.6263
3658 2068 62.2222
3658 2048 62.2642
3658 2047 60.9756
3658 2009 67.2897
3658 2008 63.5294
3658 1997 68.0412
3658 1995 70.2703
3658 1972 61.1111
3658 1966 66.6667
3658 1952 60.177
3658 1942 60.6061
3658 1925 67.3267
3658 1894 70.1031
3658 1876 64.7619
3658 1856 73.3945
3658 1848 60.6061
3658 1812 70.3704
3658 1794 65.9794
3658 1762 60.241
3658 1748 70.0855
3658 1696 73.4694
3658 1690 63.4615
3658 1643 60.7843
3658 1630 62.3853
3658 1543 65.2632
3658 1514 64.6465
3658 1495 68.5714
3658 1493 73.0435
3658 1463 67.9612
3658 1434 66.0714
3658 1382 66.6667
3658 1361 64.4444
3658 1358 60.4167
3658 1347 63.3333
3658 1335 65.2174
3658 1320 60.7143
3658 1313 60
3658 1305 61.1111
3658 1277 65.9091
3658 1276 66.6667
3658 1254 66.6667
3658 1236 61.0526
3658 1231 62.963
3658 1223 66.6667
3658 1219 62.9213
3658 1208 63.9175
3658 1179 61.7021
3658 1175 63.8655
3658 1173 63.7168
3658 1172 61.0526
3658 1095 60
3658 1091 63.3663
3658 1077 66.6667
3658 1071 61.6667
3658 1024 63.0435
3658 996 69.2308
3658 983 60.4167
3658 974 60
3658 893 74.1379
3658 822 64.1509
3658 801 63.3663
3658 781 61.1111
3658 751 63.6364
3658 730 65.0407
3658 701 65.9574
3658 695 70.4762
3658 666 63.2653
3658 652 64.2857
3658 642 75
3658 627 62.2222
3658 608 64.9123
3658 596 61.5385
3658 569 60.5505
3658 550 62.963
3658 542 60.7143
3658 541 64.9123
3658 536 63.4146
3658 518 60.7143
3658 498 60.2151
3658 490 75.6757
3658 489 64.2857
3658 484 69.3069
3658 482 60.7843
3658 481 64.1509
3658 459 60.7843
3658 457 61.6667
3658 397 80.3738
3658 363 64.5833
3658 356 61.157
3658 342 62.963
3658 340 62.069
3658 289 63.1579
3658 227 60.3774
3658 215 67.4157
3658 198 70.5882
3658 172 64.5161
3658 171 62.6087
3658 143 63.3333
3658 141 63.0631
3658 140 63.3663
3658 132 60.177
3658 112 60
3658 100 60
3658 94 61.1111
3658 91 61.2245
3658 87 63.2653
3658 70 60
3658 62 64.1509
3658 58 68.9076
3658 42 66.055
3658 41 63.1579
3658 33 69.0265
0 0
1 0
2 0
3 0
4 0
5 0
6 1
7 1
8 2
9 2
10 3
11 8
12 5
13 10
14 14
15 8
16 15
17 25
18 14
19 27
20 54
21 16
22 61
23 34
24 55
25 66
26 48
27 65
28 90
29 62
30 79
31 103
32 91
33 136
34 92
35 102
36 130
37 94
38 136
39 109
40 144
41 106
42 113
43 135
44 132
45 112
46 91
47 102
48 100
49 90
50 100
51 63
52 82
53 64
54 72
55 56
56 46
57 27
58 35
59 32
60 30
61 25
62 22
63 17
64 25
65 18
66 9
67 14
68 6
69 5
70 4
71 8
72 3
73 1
74 3
75 3
76 2
77 0
78 1
79 0
80 0
81 1
82 0
83 0
84 0
85 0
86 0
87 0
88 0
89 0
90 0
91 0
92 0
93 0
94 0
95 0
96 0
97 0
98 0
99 0
100 0
101 0
46
74247
