99
3603 3596 62
3603 3591 72.3404
3603 3530 62.7451
3603 3471 63.9175
3603 3466 66.6667
3603 3446 66.6667
3603 3391 63.0435
3603 3379 68.6275
3603 3319 76.4706
3603 3268 67.5
3603 3245 63.4615
3603 3223 61.8557
3603 3147 63.4146
3603 3136 62.3656
3603 3135 61.7284
3603 3119 63.5514
3603 3099 66.6667
3603 3098 63.5514
3603 3076 66.055
3603 3068 64.7059
3603 3017 60
3603 3005 63.3663
3603 2979 62.2642
3603 2974 65.2174
3603 2952 62.963
3603 2938 66.055
3603 2905 60.7843
3603 2867 63.4615
3603 2777 68.8172
3603 2705 60.7843
3603 2672 69.6629
3603 2593 65.9574
3603 2583 61.0526
3603 2580 67.9612
3603 2541 60.9524
3603 2539 63.0435
3603 2508 63.0435
3603 2311 61.3636
3603 2141 60
3603 2104 65.4867
3603 2019 67.4157
3603 1980 63.9175
3603 1921 62.1359
3603 1880 61.0526
3603 1867 76.9231
3603 1853 62.3656
3603 1852 68.6275
3603 1832 61.8557
3603 1784 60.4167
3603 1767 64.1975
3603 1736 62.3656
3603 1651 70.4762
3603 1596 61.2613
3603 1552 60.7143
3603 1535 62.6263
3603 1516 60
3603 1477 60.8696
3603 1414 62.9213
3603 1404 60.9756
3603 1398 63.5514
3603 1377 69.7248
3603 1370 65.0602
3603 1369 71.5789
3603 1248 65.4545
3603 1171 62
3603 1154 64
3603 1095 62.2642
3603 1094 65.1685
3603 1068 68.3761
3603 1055 65.3465
3603 1045 61.9048
3603 1042 67.3469
3603 1027 61.3861
3603 1021 62.3853
3603 993 65.2174
3603 954 80.7339
3603 889 60.8696
3603 852 60.7843
3603 812 66.6667
3603 733 63.0631
3603 702 66
3603 673 60
3603 621 60.4651
3603 606 66.6667
3603 580 63.3663
3603 576 64.4068
3603 571 60.1942
3603 551 60
3603 486 63.5294
3603 440 69.1589
3603 394 68.0851
3603 273 63.0631
3603 257 61.7284
3603 196 65.0602
3603 179 60.7843
3603 163 61.2613
3603 159 62.1849
3603 115 66.6667
3603 8 67.3913
0 0
1 0
2 1
3 5
4 0
5 0
6 8
7 0
8 4
9 19
10 0
11 14
12 31
13 14
14 26
15 51
16 33
17 40
18 66
19 47
20 60
21 63
22 73
23 77
24 120
25 82
26 95
27 117
28 107
29 100
30 105
31 92
32 102
33 124
34 100
35 145
36 99
37 102
38 132
39 91
40 135
41 67
42 99
43 87
44 94
45 71
46 70
47 66
48 72
49 49
50 49
51 47
52 48
53 36
54 39
55 33
56 28
57 22
58 18
59 19
60 14
61 12
62 13
63 12
64 17
65 3
66 10
67 8
68 5
69 5
70 3
71 1
72 1
73 1
74 0
75 0
76 0
77 2
78 0
79 0
80 0
81 1
82 0
83 0
84 0
85 0
86 0
87 0
88 0
89 0
90 0
91 0
92 0
93 0
94 0
95 0
96 0
97 0
98 0
99 0
100 0
101 0
45
71984
