24
3800 3764 63.1579
3800 3612 60
3800 3089 60
3800 2840 62.5
3800 2301 66.6667
3800 2242 64.7059
3800 2044 61.5385
3800 2006 60.6061
3800 1912 62.8571
3800 1899 64.5161
3800 1879 65
3800 1688 71.7949
3800 1622 68.75
3800 1599 64.5161
3800 1564 62.7451
3800 1329 64.5161
3800 1240 65
3800 1192 61.1111
3800 997 61.1111
3800 970 61.5385
3800 922 64.7059
3800 868 80
3800 819 76.4706
3800 779 66.6667
0 2
1 0
2 0
3 0
4 2
5 3
6 8
7 7
8 14
9 22
10 38
11 31
12 55
13 73
14 49
15 62
16 84
17 74
18 113
19 100
20 126
21 68
22 116
23 132
24 111
25 180
26 93
27 104
28 139
29 108
30 128
31 133
32 158
33 118
34 87
35 112
36 125
37 119
38 76
39 78
40 125
41 37
42 67
43 52
44 59
45 56
46 55
47 31
48 32
49 35
50 51
51 8
52 31
53 17
54 23
55 10
56 8
57 12
58 8
59 4
60 8
61 1
62 4
63 3
64 1
65 7
66 0
67 2
68 0
69 1
70 0
71 0
72 1
73 0
74 0
75 0
76 0
77 1
78 0
79 0
80 1
81 0
82 0
83 0
84 0
85 0
86 0
87 0
88 0
89 0
90 0
91 0
92 0
93 0
94 0
95 0
96 0
97 0
98 0
99 0
100 0
101 0
26
80283
