7
386 312 66.6667
386 276 64.1975
386 252 60
386 184 60.241
386 117 62.2222
386 96 69.2308
386 11 72.1311
0 0
1 0
2 0
3 0
4 0
5 0
6 0
7 0
8 1
9 1
10 1
11 3
12 3
13 3
14 3
15 2
16 7
17 4
18 4
19 8
20 9
21 10
22 12
23 13
24 12
25 11
26 8
27 10
28 22
29 12
30 17
31 10
32 15
33 17
34 9
35 11
36 10
37 13
38 10
39 9
40 13
41 2
42 7
43 6
44 7
45 7
46 10
47 4
48 8
49 4
50 6
51 2
52 3
53 4
54 2
55 1
56 4
57 3
58 1
59 3
60 2
61 1
62 0
63 1
64 0
65 1
66 0
67 1
68 0
69 0
70 1
71 0
72 0
73 1
74 0
75 0
76 0
77 0
78 0
79 0
80 0
81 0
82 0
83 0
84 0
85 0
86 0
87 0
88 0
89 0
90 0
91 0
92 0
93 0
94 0
95 0
96 0
97 0
98 0
99 0
100 0
101 0
4
627
