70
3897 3884 63.4146
3897 3848 60
3897 3822 61.2903
3897 3762 61.9048
3897 3676 68.1818
3897 3672 60.4651
3897 3635 60.4651
3897 3601 60.4651
3897 3540 63.3333
3897 3486 65.1163
3897 3302 65.3061
3897 3291 60.7143
3897 3203 60.4651
3897 3199 61.5385
3897 3198 63.1579
3897 3143 65
3897 3141 68.1818
3897 3039 68.1818
3897 3014 73.1707
3897 2992 68.2927
3897 2890 66.6667
3897 2838 79.0698
3897 2792 65.1163
3897 2677 64.8649
3897 2586 70.3704
3897 2565 63.4146
3897 2426 65
3897 2397 62.069
3897 2384 66.6667
3897 2348 63.1579
3897 2330 64
3897 2244 63.6364
3897 2154 63.8298
3897 2047 63.8298
3897 1923 62.069
3897 1914 63.6364
3897 1888 60
3897 1887 60.4651
3897 1868 62.7451
3897 1819 64
3897 1778 70
3897 1756 63.6364
3897 1720 61.5385
3897 1637 63.6364
3897 1617 68.9655
3897 1601 64
3897 1445 62.5
3897 1317 61.5385
3897 1280 63.6364
3897 1263 61.2245
3897 1202 61.5385
3897 1188 68.1818
3897 1093 62.2222
3897 1061 69.7674
3897 1043 60
3897 883 70.8333
3897 824 60
3897 817 60
3897 774 66.6667
3897 749 63.6364
3897 744 63.6364
3897 738 61.1111
3897 697 60
3897 589 73.1707
3897 460 65
3897 256 63.1579
3897 236 77.551
3897 139 65.2174
3897 74 61.5385
3897 39 62.963
0 0
1 0
2 0
3 0
4 0
5 0
6 1
7 0
8 1
9 0
10 0
11 3
12 2
13 2
14 5
15 7
16 15
17 14
18 16
19 21
20 41
21 33
22 62
23 55
24 63
25 81
26 61
27 81
28 128
29 78
30 128
31 105
32 187
33 153
34 134
35 151
36 172
37 138
38 157
39 124
40 208
41 98
42 124
43 121
44 128
45 143
46 101
47 116
48 80
49 74
50 99
51 26
52 61
53 45
54 35
55 47
56 27
57 16
58 28
59 19
60 17
61 6
62 9
63 6
64 18
65 4
66 4
67 3
68 0
69 6
70 2
71 2
72 0
73 0
74 2
75 0
76 0
77 0
78 1
79 0
80 1
81 0
82 0
83 0
84 0
85 0
86 0
87 0
88 0
89 0
90 0
91 0
92 0
93 0
94 0
95 0
96 0
97 0
98 0
99 0
100 0
101 0
39
84383
