91
3860 3714 70
3860 3692 61.5385
3860 3673 63.7681
3860 3656 61.8182
3860 3655 61.5385
3860 3631 63.3333
3860 3609 64.2857
3860 3588 62.1622
3860 3457 60.9756
3860 3406 66.6667
3860 3380 69.0909
3860 3353 60.5263
3860 3309 60.4651
3860 3261 68.2353
3860 3202 60
3860 3153 61.5385
3860 3132 64.7887
3860 3023 68.4211
3860 2999 61.5385
3860 2993 61.5385
3860 2971 60.3175
3860 2936 61.3636
3860 2871 65.3846
3860 2869 65.7534
3860 2849 60.7143
3860 2820 61.7647
3860 2740 60.9756
3860 2734 64.7887
3860 2664 67.7966
3860 2601 61.0526
3860 2559 60.3774
3860 2459 61.2903
3860 2447 61.1765
3860 2400 62.069
3860 2385 66.6667
3860 2374 60.241
3860 2362 61.5385
3860 2332 64.5161
3860 2202 63.4921
3860 2101 63.4921
3860 2024 63.1579
3860 1997 63.0137
3860 1963 66.6667
3860 1907 69.3878
3860 1898 60.274
3860 1765 78.125
3860 1701 60.7143
3860 1693 70.4225
3860 1626 61.2903
3860 1610 69.0909
3860 1586 62.2951
3860 1579 62.6866
3860 1493 65.9341
3860 1478 62.069
3860 1358 61.1111
3860 1337 61.2245
3860 1330 64.6154
3860 1278 61.1765
3860 1196 62.9213
3860 1168 61.9718
3860 1052 67.5325
3860 1024 61.7647
3860 953 63.0137
3860 951 61.0169
3860 902 69.3878
3860 837 66.6667
3860 801 67.5325
3860 716 67.8571
3860 695 64.1975
3860 694 60.274
3860 679 73.2394
3860 601 67.6056
3860 570 61.2903
3860 558 67.7419
3860 529 61.9048
3860 518 61.3636
3860 444 67.7966
3860 436 62.8571
3860 377 61.8182
3860 364 70.3704
3860 296 64.1975
3860 261 61.0169
3860 251 60.241
3860 217 65.0602
3860 202 60
3860 181 60.6061
3860 142 66.6667
3860 140 62.3377
3860 90 62.963
3860 42 61.1765
3860 32 60
0 0
1 0
2 0
3 0
4 1
5 2
6 0
7 3
8 6
9 4
10 7
11 11
12 26
13 40
14 15
15 34
16 26
17 54
18 32
19 62
20 65
21 65
22 79
23 68
24 64
25 103
26 66
27 90
28 120
29 105
30 148
31 89
32 97
33 135
34 103
35 103
36 138
37 120
38 98
39 112
40 152
41 82
42 102
43 101
44 122
45 99
46 100
47 81
48 89
49 63
50 95
51 56
52 45
53 51
54 51
55 35
56 46
57 29
58 33
59 25
60 23
61 13
62 25
63 9
64 7
65 7
66 4
67 5
68 7
69 2
70 5
71 2
72 0
73 0
74 1
75 0
76 0
77 0
78 0
79 1
80 0
81 0
82 0
83 0
84 0
85 0
86 0
87 0
88 0
89 0
90 0
91 0
92 0
93 0
94 0
95 0
96 0
97 0
98 0
99 0
100 0
101 0
42
82781
