4
392 384 66.6667
392 319 63.0435
392 165 61.2903
392 50 61.7647
0 0
1 0
2 0
3 0
4 1
5 0
6 0
7 3
8 0
9 3
10 3
11 1
12 2
13 7
14 7
15 3
16 5
17 6
18 4
19 6
20 16
21 15
22 4
23 12
24 13
25 12
26 7
27 15
28 12
29 9
30 14
31 12
32 13
33 10
34 12
35 12
36 13
37 14
38 5
39 6
40 16
41 4
42 10
43 9
44 11
45 7
46 6
47 1
48 5
49 3
50 3
51 5
52 4
53 1
54 10
55 2
56 2
57 0
58 2
59 5
60 4
61 0
62 2
63 0
64 1
65 0
66 0
67 1
68 0
69 0
70 0
71 0
72 0
73 0
74 0
75 0
76 0
77 0
78 0
79 0
80 0
81 0
82 0
83 0
84 0
85 0
86 0
87 0
88 0
89 0
90 0
91 0
92 0
93 0
94 0
95 0
96 0
97 0
98 0
99 0
100 0
101 0
4
648
