3
399 234 79.3651
399 37 60.3175
399 26 73.913
0 1
1 0
2 0
3 0
4 0
5 0
6 0
7 0
8 4
9 3
10 2
11 2
12 7
13 2
14 0
15 1
16 8
17 5
18 4
19 7
20 12
21 7
22 12
23 12
24 9
25 12
26 7
27 22
28 20
29 12
30 9
31 7
32 16
33 19
34 10
35 15
36 12
37 18
38 9
39 13
40 12
41 6
42 9
43 6
44 9
45 5
46 8
47 3
48 7
49 5
50 6
51 3
52 3
53 2
54 3
55 3
56 1
57 0
58 1
59 3
60 1
61 1
62 0
63 0
64 0
65 0
66 0
67 0
68 0
69 0
70 0
71 0
72 0
73 0
74 1
75 0
76 0
77 0
78 0
79 0
80 1
81 0
82 0
83 0
84 0
85 0
86 0
87 0
88 0
89 0
90 0
91 0
92 0
93 0
94 0
95 0
96 0
97 0
98 0
99 0
100 0
101 0
4
676
