78
4080 3997 60.274
4080 3817 63.1579
4080 3742 61.3333
4080 3739 68.5714
4080 3679 65.625
4080 3586 70.5882
4080 3539 62.5
4080 3514 65.5172
4080 3476 63.8889
4080 3334 64.4444
4080 3314 62.2951
4080 3294 69.1358
4080 3244 60
4080 3193 66.6667
4080 3159 61.9718
4080 3138 60.6061
4080 2996 64.1975
4080 2954 61.7647
4080 2848 62.9213
4080 2734 62.1622
4080 2710 61.5385
4080 2695 73.0159
4080 2625 66.6667
4080 2572 66.6667
4080 2552 70
4080 2490 60.3774
4080 2395 62.6506
4080 2345 64.2857
4080 2150 63.7681
4080 2076 61.2903
4080 2046 60.241
4080 2032 60.3175
4080 2029 62.8571
4080 1982 69.5652
4080 1972 62.069
4080 1825 62.6866
4080 1780 62.2222
4080 1708 63.0435
4080 1661 68.9655
4080 1653 66.6667
4080 1609 68.6275
4080 1578 60.5263
4080 1463 60.9756
4080 1427 67.4699
4080 1410 62.9213
4080 1402 72.2222
4080 1392 64.1509
4080 1388 67.6471
4080 1375 60
4080 1324 65.0602
4080 1320 61.5385
4080 1260 64.2857
4080 1036 72.2892
4080 996 62.6506
4080 995 64.7059
4080 966 65.1685
4080 891 65.7143
4080 853 60.9756
4080 834 64
4080 792 64.9351
4080 695 71.4286
4080 678 63.3333
4080 605 72.7273
4080 599 61.1111
4080 596 64.5833
4080 527 60.6742
4080 492 60.6061
4080 484 60
4080 423 65.1685
4080 405 61.2245
4080 401 61.5385
4080 378 74.6667
4080 363 61.3333
4080 360 66.6667
4080 340 66.6667
4080 328 64.9351
4080 192 62.6506
4080 171 61.7021
0 0
1 0
2 0
3 0
4 0
5 0
6 3
7 7
8 24
9 5
10 16
11 24
12 46
13 28
14 29
15 56
16 93
17 47
18 61
19 98
20 100
21 67
22 108
23 109
24 145
25 106
26 120
27 123
28 129
29 133
30 116
31 131
32 156
33 106
34 125
35 127
36 129
37 92
38 127
39 93
40 136
41 79
42 101
43 64
44 78
45 88
46 66
47 58
48 79
49 48
50 59
51 25
52 56
53 34
54 26
55 22
56 23
57 26
58 23
59 12
60 22
61 10
62 11
63 12
64 6
65 9
66 6
67 6
68 2
69 3
70 3
71 1
72 1
73 3
74 1
75 1
76 0
77 0
78 0
79 0
80 0
81 0
82 0
83 0
84 0
85 0
86 0
87 0
88 0
89 0
90 0
91 0
92 0
93 0
94 0
95 0
96 0
97 0
98 0
99 0
100 0
101 0
47
92701
