201
4015 4014 60.8696
4015 4009 63.5514
4015 3929 66.0714
4015 3922 61.4035
4015 3919 60.5505
4015 3908 63.0631
4015 3892 64.9123
4015 3834 62.6263
4015 3794 62.2642
4015 3790 61.5385
4015 3777 64.0625
4015 3774 60.177
4015 3770 63.4146
4015 3693 62.9921
4015 3658 60
4015 3653 66.6667
4015 3645 60.1942
4015 3637 62.0155
4015 3555 60.3175
4015 3552 72.7273
4015 3501 68.4685
4015 3475 63.8655
4015 3474 66.087
4015 3443 65.6
4015 3440 66
4015 3416 68.9076
4015 3383 67.9245
4015 3374 61.0526
4015 3305 62.7451
4015 3299 62.5
4015 3285 61.5385
4015 3200 60.1942
4015 3180 62.7119
4015 3152 74.1379
4015 3151 61.2613
4015 3104 63.2653
4015 3101 64.4628
4015 3079 61.1111
4015 3068 64.9123
4015 3020 60.3448
4015 3018 61.0169
4015 2978 61.5385
4015 2953 64.1509
4015 2938 61.157
4015 2897 67.7419
4015 2824 69.6429
4015 2808 64.4068
4015 2803 60.4167
4015 2775 64.7059
4015 2764 62
4015 2753 62.9032
4015 2736 67.6923
4015 2711 62.5
4015 2701 65.5738
4015 2693 63.9344
4015 2679 63.4615
4015 2662 63.2653
4015 2627 66.6667
4015 2619 73.3945
4015 2582 66.6667
4015 2575 71.1864
4015 2557 63.6364
4015 2550 69.3069
4015 2529 64.4068
4015 2525 61.0687
4015 2506 64.0625
4015 2502 61.9469
4015 2499 60
4015 2483 63.1579
4015 2457 60.8
4015 2443 64.9123
4015 2432 62.9032
4015 2339 60.5042
4015 2335 64.4068
4015 2302 62
4015 2300 62.8571
4015 2298 61.5385
4015 2288 66.087
4015 2277 62.2642
4015 2249 61.157
4015 2220 61.0526
4015 2182 66.6667
4015 2181 66.087
4015 2168 60.6061
4015 2130 60.8696
4015 2124 62.1359
4015 2120 71.6667
4015 2062 61.0687
4015 2057 61.8182
4015 2046 60.7143
4015 2038 61.157
4015 2019 61.3861
4015 1987 61.6667
4015 1958 65.5172
4015 1952 69.4215
4015 1946 63.6364
4015 1890 64.4628
4015 1880 65.4206
4015 1852 63.1579
4015 1848 63.5514
4015 1842 63.1579
4015 1839 62.6087
4015 1838 64
4015 1815 62.5
4015 1777 61.4035
4015 1750 65.0407
4015 1740 62.2951
4015 1713 64.1509
4015 1708 61.157
4015 1706 63.7931
4015 1632 60.1942
4015 1579 62.6263
4015 1576 64.1509
4015 1469 68.5185
4015 1434 63.3333
4015 1390 60.9375
4015 1387 60
4015 1368 66.0714
4015 1355 68.9076
4015 1327 69.9187
4015 1285 61.0169
4015 1269 64.2202
4015 1257 67.2566
4015 1242 64.2857
4015 1237 61.8182
4015 1227 63.9344
4015 1206 67.2131
4015 1164 61.1111
4015 1098 66.1017
4015 1092 71.1538
4015 1084 65.5462
4015 1079 68.4211
4015 1071 65.625
4015 1062 61.1111
4015 1060 60.6557
4015 1042 63.6364
4015 1021 61.157
4015 989 62.3853
4015 974 61.1111
4015 973 65.5462
4015 943 62.1359
4015 932 70.4918
4015 918 63.8655
4015 908 70.4
4015 893 61.2903
4015 870 61.7021
4015 861 60.7143
4015 851 63.8655
4015 831 60
4015 824 60.1942
4015 814 60.9524
4015 805 60.8696
4015 797 67.2566
4015 775 62.069
4015 758 60.5505
4015 757 60.8
4015 734 60.6557
4015 733 60.1626
4015 731 65.5172
4015 730 64.1221
4015 724 61.4035
4015 714 66.1157
4015 706 63.0631
4015 700 66.6667
4015 668 66.0714
4015 646 64.0625
4015 612 61.6822
4015 610 60.5042
4015 603 65.4206
4015 591 63.4146
4015 545 63.9175
4015 541 60.6557
4015 530 63.3333
4015 519 62
4015 499 66.0194
4015 489 60
4015 482 63.6364
4015 457 64.0625
4015 447 62.1359
4015 442 60.7143
4015 441 61.0169
4015 437 61.157
4015 431 67.9612
4015 429 62.1849
4015 428 71.875
4015 415 62.1359
4015 398 60.4167
4015 391 60
4015 298 60.8696
4015 296 60.177
4015 171 60.1626
4015 162 66.129
4015 156 61.9469
4015 153 67.2727
4015 141 60.5042
4015 112 66.6667
4015 80 69.6429
4015 62 70.1754
4015 56 60.6061
4015 29 60.3774
4015 19 62.3853
0 0
1 0
2 0
3 0
4 0
5 1
6 0
7 1
8 5
9 0
10 1
11 0
12 3
13 11
14 6
15 12
16 6
17 17
18 24
19 20
20 55
21 20
22 49
23 57
24 53
25 92
26 39
27 74
28 96
29 62
30 114
31 77
32 94
33 148
34 87
35 155
36 105
37 127
38 121
39 119
40 153
41 123
42 139
43 132
44 156
45 106
46 134
47 113
48 117
49 84
50 117
51 59
52 94
53 67
54 78
55 51
56 50
57 61
58 50
59 45
60 39
61 34
62 37
63 24
64 26
65 19
66 11
67 16
68 8
69 5
70 5
71 3
72 4
73 1
74 1
75 1
76 0
77 0
78 0
79 0
80 0
81 0
82 0
83 0
84 0
85 0
86 0
87 0
88 0
89 0
90 0
91 0
92 0
93 0
94 0
95 0
96 0
97 0
98 0
99 0
100 0
101 0
51
89719
