43
4043 3993 61.9718
4043 3913 66.6667
4043 3721 68
4043 3708 68.0851
4043 3649 61.5385
4043 3550 61.8182
4043 3477 62.963
4043 3413 60.7143
4043 3403 69.697
4043 3400 71.6418
4043 3393 61.8182
4043 3312 63.1579
4043 3110 61.3333
4043 3107 71.1111
4043 3067 64.2857
4043 3040 77.6119
4043 2964 61.8182
4043 2927 64.7887
4043 2915 62.5
4043 2684 60.8696
4043 2622 66.6667
4043 2484 64.1026
4043 2338 70.9677
4043 2192 60
4043 2176 64.7887
4043 1991 65.625
4043 1731 61.2245
4043 1687 60.7143
4043 1607 62.8571
4043 1538 62.5
4043 1371 64.8649
4043 1318 60
4043 1221 61.0169
4043 1139 62.7451
4043 1074 65.6716
4043 1049 60
4043 711 69.0909
4043 568 65.2174
4043 535 68.6567
4043 471 73.8462
4043 355 72.3404
4043 110 61.2245
4043 3 63.8298
0 6
1 0
2 0
3 3
4 23
5 38
6 14
7 19
8 46
9 70
10 48
11 31
12 61
13 59
14 99
15 72
16 84
17 67
18 117
19 90
20 139
21 82
22 153
23 93
24 150
25 129
26 97
27 130
28 119
29 125
30 124
31 96
32 148
33 108
34 60
35 115
36 135
37 80
38 84
39 91
40 102
41 49
42 70
43 59
44 63
45 40
46 57
47 50
48 54
49 32
50 41
51 22
52 28
53 30
54 19
55 16
56 17
57 19
58 11
59 10
60 8
61 3
62 9
63 5
64 2
65 5
66 3
67 2
68 1
69 2
70 2
71 1
72 2
73 1
74 1
75 0
76 0
77 0
78 1
79 0
80 0
81 0
82 0
83 0
84 0
85 0
86 0
87 0
88 0
89 0
90 0
91 0
92 0
93 0
94 0
95 0
96 0
97 0
98 0
99 0
100 0
101 0
45
91032
