40
4124 3779 63.6364
4124 3707 62.5
4124 3701 66.6667
4124 3509 66.6667
4124 3486 61.5385
4124 3399 63.8298
4124 3268 62.2222
4124 3147 63.8298
4124 2914 75
4124 2816 60
4124 2787 65
4124 2748 60
4124 2709 70.5882
4124 2652 61.2245
4124 2463 66.6667
4124 2412 71.1111
4124 2403 60.6061
4124 2350 70
4124 2328 62.8571
4124 2214 63.8298
4124 2167 62.2222
4124 2098 73.1707
4124 1926 68.5714
4124 1913 63.8298
4124 1598 64.7059
4124 1592 66.6667
4124 1385 64.7059
4124 1287 65
4124 1247 64.7059
4124 1189 64.7059
4124 1140 66.6667
4124 1080 70
4124 956 62.2222
4124 936 68.2927
4124 772 62.2222
4124 693 85
4124 573 75
4124 486 64
4124 241 60
4124 18 64.1509
0 0
1 0
2 0
3 1
4 1
5 3
6 16
7 11
8 10
9 19
10 33
11 33
12 64
13 47
14 44
15 86
16 47
17 67
18 116
19 78
20 123
21 60
22 123
23 121
24 134
25 188
26 85
27 123
28 126
29 111
30 162
31 142
32 154
33 132
34 121
35 156
36 155
37 96
38 95
39 80
40 168
41 43
42 84
43 74
44 82
45 69
46 47
47 44
48 62
49 51
50 46
51 5
52 25
53 27
54 23
55 25
56 10
57 14
58 10
59 7
60 7
61 1
62 2
63 6
64 6
65 7
66 0
67 5
68 0
69 2
70 2
71 1
72 1
73 0
74 1
75 2
76 0
77 0
78 0
79 0
80 0
81 0
82 0
83 0
84 0
85 1
86 0
87 0
88 0
89 0
90 0
91 0
92 0
93 0
94 0
95 0
96 0
97 0
98 0
99 0
100 0
101 0
44
94758
