112
4160 4103 62.7451
4160 4054 69.3878
4160 4023 62.1622
4160 4003 66.6667
4160 3985 62.5
4160 3983 63.4921
4160 3959 66.6667
4160 3908 61.3333
4160 3906 65.625
4160 3838 61.7647
4160 3828 60.3774
4160 3798 71.1864
4160 3795 62.963
4160 3714 64.2857
4160 3688 63.8298
4160 3631 64.2857
4160 3593 65.4545
4160 3579 64.2857
4160 3532 63.8889
4160 3519 61.5385
4160 3489 62.5
4160 3464 62.5
4160 3421 62.963
4160 3376 61.2903
4160 3313 60
4160 3291 60.3175
4160 3234 61.2245
4160 3205 60.7143
4160 3177 62.6866
4160 3039 62.7451
4160 3036 64.2857
4160 2886 69.5652
4160 2883 62.6866
4160 2878 60.274
4160 2817 60.8696
4160 2805 60.274
4160 2771 60.3175
4160 2766 61.1111
4160 2731 67.8571
4160 2697 60.3175
4160 2589 60.5263
4160 2519 74.5098
4160 2495 60.8696
4160 2483 66.6667
4160 2478 62.7451
4160 2465 66.6667
4160 2459 68.9655
4160 2431 60
4160 2329 60
4160 2243 68.4211
4160 2239 62.5
4160 2202 61.0169
4160 2171 62.2951
4160 2158 65.4545
4160 2150 61.2903
4160 2114 60.7143
4160 2112 60
4160 2101 61.0169
4160 1987 61.9048
4160 1977 60.3774
4160 1975 65.4545
4160 1868 68.9655
4160 1833 60.274
4160 1756 62.7451
4160 1743 62.5
4160 1733 60.3774
4160 1716 66.6667
4160 1713 65.7143
4160 1701 61.5385
4160 1655 64.1509
4160 1579 66.6667
4160 1576 60
4160 1554 61.3333
4160 1543 62.6866
4160 1476 64.6154
4160 1392 60.8696
4160 1375 60.3175
4160 1355 60.241
4160 1342 66.6667
4160 1335 65.625
4160 1291 64.7887
4160 1285 60.9756
4160 1280 62.7451
4160 1272 63.1579
4160 1245 66.6667
4160 1244 63.1579
4160 1148 61.8182
4160 1091 63.0137
4160 989 60.274
4160 957 71.4286
4160 949 62.7451
4160 947 60
4160 883 65.4545
4160 749 62.7451
4160 718 62.6866
4160 716 61.5385
4160 697 66.6667
4160 696 60.3774
4160 632 60.7143
4160 601 62.6866
4160 599 61.5385
4160 482 62.1622
4160 457 60.8696
4160 398 60
4160 389 61.2245
4160 364 68
4160 363 73.5294
4160 254 60.8696
4160 224 63.8298
4160 194 69.3878
4160 137 64
4160 100 60.9756
0 0
1 0
2 0
3 0
4 0
5 0
6 0
7 0
8 0
9 0
10 0
11 0
12 1
13 2
14 0
15 2
16 4
17 0
18 14
19 4
20 12
21 7
22 24
23 24
24 22
25 27
26 30
27 52
28 60
29 61
30 69
31 73
32 141
33 98
34 75
35 128
36 151
37 115
38 128
39 150
40 244
41 111
42 172
43 171
44 169
45 148
46 174
47 146
48 179
49 120
50 206
51 83
52 100
53 92
54 105
55 96
56 59
57 46
58 58
59 57
60 44
61 24
62 16
63 22
64 8
65 7
66 7
67 9
68 2
69 3
70 3
71 0
72 2
73 0
74 1
75 1
76 0
77 0
78 0
79 0
80 0
81 0
82 0
83 0
84 0
85 0
86 0
87 0
88 0
89 0
90 0
91 0
92 0
93 0
94 0
95 0
96 0
97 0
98 0
99 0
100 0
101 0
44
96374
