24
4141 3961 60
4141 3921 63.8655
4141 3796 60.9524
4141 3641 62.0155
4141 3270 61.5385
4141 3224 60.3774
4141 3165 61.5385
4141 3142 61.4035
4141 2588 62.1359
4141 2585 70.1754
4141 2430 62.6263
4141 2352 61.6822
4141 2269 61.2613
4141 2193 62.5
4141 1969 63.5514
4141 1774 61.9048
4141 1582 63.3333
4141 1460 68.3761
4141 1351 61.157
4141 952 62.1849
4141 879 61.8182
4141 525 61.9469
4141 513 62.8099
4141 138 66.0377
0 0
1 0
2 0
3 2
4 0
5 16
6 2
7 16
8 29
9 13
10 41
11 20
12 39
13 56
14 47
15 81
16 53
17 85
18 121
19 104
20 150
21 124
22 141
23 153
24 130
25 182
26 126
27 136
28 152
29 138
30 170
31 141
32 120
33 159
34 110
35 117
36 111
37 120
38 75
39 94
40 94
41 66
42 68
43 69
44 72
45 52
46 44
47 38
48 35
49 28
50 38
51 25
52 20
53 32
54 17
55 11
56 8
57 8
58 6
59 8
60 4
61 2
62 9
63 6
64 3
65 0
66 0
67 1
68 0
69 1
70 0
71 1
72 0
73 0
74 0
75 0
76 0
77 0
78 0
79 0
80 0
81 0
82 0
83 0
84 0
85 0
86 0
87 0
88 0
89 0
90 0
91 0
92 0
93 0
94 0
95 0
96 0
97 0
98 0
99 0
100 0
101 0
49
95514
