77
4194 4071 64.5161
4194 3881 67.7419
4194 3868 62.2951
4194 3824 60.7595
4194 3818 61.5385
4194 3812 60.7143
4194 3782 60.5263
4194 3723 60.3175
4194 3651 61.8557
4194 3604 67.6056
4194 3591 61.3333
4194 3569 61.1111
4194 3485 66.6667
4194 3433 62.7451
4194 3397 64
4194 3392 70.7692
4194 3375 65
4194 3359 68.8525
4194 3349 66.6667
4194 3347 69.8795
4194 3337 63.3333
4194 3284 61.8182
4194 3161 61.5385
4194 3147 63.4921
4194 3103 60
4194 3098 63.6364
4194 3005 60.9756
4194 2979 62.069
4194 2943 61.5385
4194 2885 61.2245
4194 2854 61.7284
4194 2666 64
4194 2640 78.8732
4194 2513 60.274
4194 2509 63.3333
4194 2508 60.274
4194 2494 62.069
4194 2468 67.8571
4194 2383 69.2308
4194 2311 66.6667
4194 2286 70.5882
4194 2267 60.7595
4194 2190 65.2174
4194 2167 62.2951
4194 2104 61.7021
4194 2033 65.625
4194 1967 60.3774
4194 1866 64.1026
4194 1821 64.7887
4194 1804 68.9655
4194 1799 61.1765
4194 1551 64.5161
4194 1529 60.7143
4194 1487 64.2857
4194 1411 67.7419
4194 1295 64.5161
4194 1234 60.5263
4194 1166 65.6716
4194 1137 62.2222
4194 1070 63.4921
4194 1032 69.5652
4194 1003 63.4921
4194 865 70
4194 858 60.3175
4194 843 60
4194 816 62.2951
4194 722 64.2857
4194 649 60.274
4194 622 71.6418
4194 454 61.3333
4194 417 64.1509
4194 321 63.3333
4194 275 65.3846
4194 270 67.7419
4194 216 60.5263
4194 173 61.5385
4194 96 61.5385
0 0
1 0
2 0
3 0
4 13
5 1
6 0
7 8
8 33
9 17
10 15
11 21
12 53
13 39
14 25
15 52
16 73
17 48
18 55
19 70
20 119
21 80
22 92
23 98
24 122
25 161
26 80
27 138
28 135
29 133
30 137
31 114
32 119
33 146
34 109
35 107
36 123
37 112
38 110
39 97
40 149
41 77
42 98
43 100
44 89
45 97
46 83
47 60
48 69
49 55
50 86
51 28
52 41
53 42
54 44
55 26
56 35
57 20
58 22
59 24
60 18
61 14
62 14
63 7
64 9
65 9
66 4
67 3
68 5
69 2
70 4
71 2
72 1
73 0
74 0
75 0
76 0
77 0
78 0
79 1
80 0
81 0
82 0
83 0
84 0
85 0
86 0
87 0
88 0
89 0
90 0
91 0
92 0
93 0
94 0
95 0
96 0
97 0
98 0
99 0
100 0
101 0
53
97994
