100
4187 4178 64.8649
4187 4170 69.7248
4187 4132 65.2632
4187 4068 60.2151
4187 4002 63.2479
4187 3986 63.0435
4187 3932 70.1299
4187 3915 65.5172
4187 3893 64.5161
4187 3821 70.5882
4187 3814 61.3861
4187 3810 61.5385
4187 3732 60.7843
4187 3699 62.2642
4187 3692 62.3853
4187 3691 62.2642
4187 3687 66.087
4187 3628 60.1942
4187 3606 60.7595
4187 3588 60.8696
4187 3469 62.3656
4187 3457 66
4187 3444 64.2857
4187 3407 60.9524
4187 3240 65.8824
4187 3232 68
4187 3073 61.3861
4187 3045 61.3333
4187 2991 60.274
4187 2853 65.3061
4187 2833 62
4187 2776 67.9245
4187 2770 60.6061
4187 2766 61.7021
4187 2753 67.2727
4187 2743 62.3656
4187 2738 65.8824
4187 2701 62.963
4187 2700 61.5385
4187 2653 66.6667
4187 2615 60.4167
4187 2478 60.274
4187 2413 60.9524
4187 2410 61.5385
4187 2395 67.3469
4187 2321 61.8557
4187 2312 74.7253
4187 2275 65.9794
4187 2261 71.8447
4187 2195 64.8649
4187 2151 63.0435
4187 2092 62.7451
4187 2070 66.6667
4187 2035 60.3774
4187 1858 63.4615
4187 1833 61.0526
4187 1827 78.8991
4187 1796 64.7059
4187 1694 65.9574
4187 1554 61.8557
4187 1481 60.6061
4187 1427 61.2245
4187 1421 63.7168
4187 1408 61.0526
4187 1400 70.9677
4187 1295 60.7595
4187 1272 60.7595
4187 1172 60.6742
4187 1147 60.7843
4187 1133 60.4651
4187 1126 62.3656
4187 1124 60.7595
4187 1103 60.4651
4187 1069 60.3774
4187 1016 60.6742
4187 1011 60.8696
4187 989 63.1579
4187 962 61.3861
4187 955 61.3861
4187 899 62.7907
4187 815 60.241
4187 793 73.5043
4187 638 70.3297
4187 530 62.2642
4187 490 60.9524
4187 488 74.4186
4187 458 63.3663
4187 392 66.6667
4187 378 62.2222
4187 371 61.8557
4187 319 70.7071
4187 235 61.5385
4187 227 64
4187 209 63.9175
4187 204 60.4167
4187 156 60.6061
4187 117 65.4206
4187 73 61.3333
4187 71 60.241
4187 55 65.8537
0 0
1 0
2 0
3 0
4 0
5 0
6 4
7 2
8 4
9 11
10 2
11 6
12 22
13 17
14 15
15 37
16 36
17 24
18 67
19 49
20 63
21 86
22 73
23 61
24 101
25 116
26 64
27 93
28 120
29 127
30 106
31 114
32 125
33 147
34 138
35 127
36 146
37 94
38 140
39 139
40 135
41 91
42 127
43 96
44 126
45 110
46 113
47 98
48 90
49 92
50 115
51 49
52 60
53 64
54 49
55 54
56 38
57 35
58 30
59 24
60 14
61 28
62 18
63 11
64 9
65 5
66 10
67 4
68 4
69 0
70 1
71 5
72 1
73 0
74 1
75 2
76 0
77 0
78 0
79 1
80 0
81 0
82 0
83 0
84 0
85 0
86 0
87 0
88 0
89 0
90 0
91 0
92 0
93 0
94 0
95 0
96 0
97 0
98 0
99 0
100 0
101 0
52
97646
