92
4128 3999 65.1163
4128 3998 65.2174
4128 3846 66.6667
4128 3753 64.1509
4128 3746 78.4314
4128 3722 67.7419
4128 3627 80.7692
4128 3583 66.6667
4128 3568 61.9048
4128 3526 64.4068
4128 3508 61.5385
4128 3489 64.4068
4128 3337 60
4128 3321 60.6061
4128 3292 61.2245
4128 3287 60.4651
4128 3275 60.8696
4128 3274 70.1754
4128 3266 73.0769
4128 3154 64.5161
4128 3112 60.4651
4128 3077 62.069
4128 3054 61.9048
4128 3032 62.7451
4128 3016 60.3774
4128 2970 70.5882
4128 2884 61.0169
4128 2851 60.3774
4128 2709 60
4128 2704 66.6667
4128 2600 60
4128 2547 66.6667
4128 2496 66.6667
4128 2425 60
4128 2412 66.6667
4128 2396 70.5882
4128 2362 64.2857
4128 2352 60.6061
4128 2347 61.0169
4128 2301 60
4128 2269 62.8571
4128 2198 66.6667
4128 2177 60.8696
4128 2175 68.0851
4128 2159 64.1509
4128 2144 62.7451
4128 2116 60
4128 2074 68
4128 2049 60.8696
4128 2036 66.6667
4128 1944 61.5385
4128 1928 69.2308
4128 1759 66.6667
4128 1726 62.069
4128 1684 65.5172
4128 1655 62.5
4128 1616 60.4651
4128 1531 60.8696
4128 1529 60.8696
4128 1517 64.2857
4128 1515 68.75
4128 1431 62.7451
4128 1399 66.6667
4128 1396 60.7143
4128 1364 63.1579
4128 1338 60.8696
4128 1312 66.6667
4128 1283 65.1163
4128 1235 61.0169
4128 1217 65
4128 1135 60
4128 1130 60.8696
4128 1122 65.5172
4128 1018 62.7451
4128 1005 62.5
4128 894 65.3061
4128 671 70.5882
4128 531 64.4068
4128 477 61.2903
4128 402 66.6667
4128 365 69.0909
4128 248 65.2174
4128 230 66.6667
4128 186 68
4128 126 61.5385
4128 125 60.7143
4128 88 62.069
4128 76 64.1509
4128 48 80.9524
4128 27 63.8298
4128 22 64.2857
4128 18 61.0169
0 0
1 0
2 0
3 0
4 1
5 0
6 1
7 1
8 6
9 11
10 20
11 11
12 6
13 22
14 28
15 45
16 38
17 36
18 57
19 50
20 107
21 64
22 95
23 81
24 113
25 114
26 89
27 111
28 118
29 103
30 138
31 143
32 162
33 110
34 131
35 178
36 150
37 95
38 107
39 137
40 180
41 64
42 117
43 105
44 116
45 90
46 78
47 96
48 89
49 52
50 82
51 27
52 64
53 25
54 32
55 29
56 29
57 24
58 28
59 21
60 15
61 16
62 11
63 10
64 2
65 11
66 7
67 13
68 3
69 2
70 2
71 4
72 0
73 0
74 1
75 0
76 0
77 0
78 0
79 1
80 0
81 2
82 0
83 0
84 0
85 0
86 0
87 0
88 0
89 0
90 0
91 0
92 0
93 0
94 0
95 0
96 0
97 0
98 0
99 0
100 0
101 0
36
94928
