126
4215 4193 63.4146
4215 4155 63.5294
4215 4122 63.5514
4215 4084 67.9245
4215 4076 70.5882
4215 4034 67.2566
4215 4025 61.5385
4215 4015 61.9469
4215 3997 78.1609
4215 3902 61.7284
4215 3879 61.0526
4215 3869 60.8696
4215 3856 61.3636
4215 3834 66.6667
4215 3822 64.4444
4215 3780 63.1579
4215 3711 64.8649
4215 3639 70.3297
4215 3634 70.4545
4215 3582 60.5263
4215 3544 61.7021
4215 3501 68.75
4215 3455 62.1622
4215 3419 61.3861
4215 3383 68.1319
4215 3357 61.7284
4215 3334 61.5385
4215 3299 70.7965
4215 3290 63.7168
4215 3279 64.9351
4215 3278 66
4215 3200 65.9091
4215 3193 61.3861
4215 3159 65.8824
4215 3101 62.2642
4215 2994 61.7021
4215 2953 61.5385
4215 2942 61.2245
4215 2941 60.6742
4215 2883 63.6364
4215 2848 60.1942
4215 2701 61.6822
4215 2644 65.9091
4215 2639 62.2642
4215 2619 63.8298
4215 2609 63.1579
4215 2589 65.9794
4215 2536 65.2174
4215 2529 60.1942
4215 2443 62.6263
4215 2344 63.5294
4215 2302 63.5294
4215 2300 62.2222
4215 2277 61.5385
4215 2249 60.3774
4215 2181 66
4215 2150 62.6506
4215 2146 61.5385
4215 2122 60.8696
4215 2120 68.5714
4215 2117 65.0602
4215 2106 62.1622
4215 2063 61.7284
4215 2042 60.8696
4215 1991 61.1765
4215 1966 62.9213
4215 1946 67.3684
4215 1871 60.4651
4215 1838 61.1765
4215 1816 66.6667
4215 1786 61.3636
4215 1761 61.3636
4215 1740 69.1589
4215 1708 66.0377
4215 1704 73.913
4215 1702 62.6506
4215 1661 61.3861
4215 1658 63.9175
4215 1623 66.6667
4215 1579 66.6667
4215 1528 63.3663
4215 1521 61.5385
4215 1469 68.8172
4215 1423 68.0851
4215 1418 60.7843
4215 1410 64.0777
4215 1395 69.1358
4215 1336 61.3861
4215 1333 76.1062
4215 1327 72.2222
4215 1302 71.6049
4215 1269 61.7021
4215 1257 69.3878
4215 1174 60
4215 1159 62.6506
4215 1132 65.8537
4215 1071 70.7965
4215 1002 76.5957
4215 966 64.0777
4215 945 60
4215 932 61.6822
4215 908 63.6364
4215 814 64.4444
4215 800 62.3656
4215 731 61.3861
4215 730 62.069
4215 723 64.1509
4215 695 63.2653
4215 603 60.8696
4215 593 67.9612
4215 586 60.2151
4215 541 67.2897
4215 526 60
4215 505 82.9787
4215 499 61.3636
4215 493 65.1685
4215 469 65.2174
4215 342 67.3267
4215 305 64.9351
4215 239 60.241
4215 171 61.1111
4215 162 62.3853
4215 141 63.4615
4215 79 66.6667
4215 62 62.6263
4215 47 68.1818
0 0
1 0
2 0
3 1
4 0
5 0
6 0
7 0
8 0
9 2
10 8
11 4
12 11
13 12
14 9
15 23
16 40
17 24
18 31
19 52
20 55
21 70
22 82
23 64
24 80
25 120
26 73
27 94
28 134
29 120
30 111
31 158
32 110
33 108
34 148
35 133
36 135
37 136
38 133
39 153
40 141
41 89
42 141
43 118
44 123
45 121
46 114
47 97
48 101
49 94
50 96
51 40
52 62
53 53
54 56
55 49
56 41
57 34
58 28
59 36
60 23
61 13
62 29
63 14
64 15
65 8
66 11
67 6
68 6
69 6
70 3
71 5
72 1
73 1
74 1
75 0
76 0
77 2
78 0
79 1
80 0
81 0
82 0
83 1
84 0
85 0
86 0
87 0
88 0
89 0
90 0
91 0
92 0
93 0
94 0
95 0
96 0
97 0
98 0
99 0
100 0
101 0
50
99014
