27
4253 4133 69.7674
4253 3872 60
4253 3860 72
4253 3709 61.9048
4253 3656 78.0488
4253 3536 64.7059
4253 3468 63.1579
4253 3145 63.1579
4253 3138 73.4694
4253 2993 73.6842
4253 2735 77.7778
4253 2365 64
4253 2332 62.5
4253 2000 61.2245
4253 1765 60
4253 1738 62.8571
4253 1727 62.2222
4253 1668 60
4253 1319 66.6667
4253 1232 63.4146
4253 1165 71.4286
4253 1083 72.3404
4253 953 61.0169
4253 902 62.8571
4253 558 62.5
4253 74 61.1111
4253 59 62.7451
0 10
1 0
2 0
3 4
4 14
5 50
6 52
7 13
8 27
9 52
10 86
11 75
12 112
13 88
14 83
15 104
16 109
17 109
18 148
19 96
20 142
21 85
22 178
23 134
24 144
25 163
26 99
27 116
28 145
29 127
30 160
31 99
32 118
33 95
34 100
35 129
36 81
37 85
38 88
39 72
40 101
41 27
42 58
43 61
44 46
45 55
46 37
47 18
48 40
49 30
50 28
51 8
52 24
53 22
54 13
55 17
56 15
57 8
58 11
59 5
60 12
61 0
62 4
63 6
64 4
65 1
66 0
67 1
68 0
69 0
70 1
71 0
72 2
73 1
74 2
75 0
76 0
77 0
78 1
79 1
80 0
81 0
82 0
83 0
84 0
85 0
86 0
87 0
88 0
89 0
90 0
91 0
92 0
93 0
94 0
95 0
96 0
97 0
98 0
99 0
100 0
101 0
40
100816
