343
4313 4304 69.6629
4313 4296 62.7451
4313 4283 60.241
4313 4279 65.8537
4313 4274 68.8889
4313 4254 60.6742
4313 4245 61.0526
4313 4220 63.9175
4313 4216 62.3656
4313 4201 61.3861
4313 4190 65.3061
4313 4098 61.8557
4313 4034 67.2566
4313 4012 62.3656
4313 4002 68.9655
4313 3985 63.5294
4313 3983 61.9048
4313 3980 60.5505
4313 3959 75
4313 3938 64.1509
4313 3922 66.6667
4313 3914 60.241
4313 3908 60.4167
4313 3904 60.2151
4313 3893 65.2174
4313 3892 62.6263
4313 3882 60.3448
4313 3856 61.3636
4313 3844 65.1163
4313 3841 60
4313 3822 68.8889
4313 3814 60
4313 3798 62.5
4313 3796 62.2222
4313 3777 72.5664
4313 3774 61.2245
4313 3770 66.6667
4313 3761 68.9655
4313 3754 62.8571
4313 3744 60.6061
4313 3736 65.1685
4313 3702 63.7363
4313 3693 66.0714
4313 3692 74.0741
4313 3689 60.7843
4313 3686 61.3861
4313 3673 62.7907
4313 3663 64.0777
4313 3632 61.3861
4313 3615 61.8557
4313 3608 68.6869
4313 3600 62.1359
4313 3593 63.1579
4313 3588 68.1319
4313 3579 64.9351
4313 3554 67.4699
4313 3548 66.6667
4313 3502 60.4651
4313 3499 63.5294
4313 3497 64.1975
4313 3494 60.8696
4313 3479 61.3861
4313 3458 68.8889
4313 3457 60.6061
4313 3447 64.4444
4313 3444 66.6667
4313 3382 64.5161
4313 3334 63.4615
4313 3322 64
4313 3313 70.3297
4313 3309 66.0194
4313 3291 61.9048
4313 3267 70.6897
4313 3250 62.5
4313 3232 66.6667
4313 3182 64.6465
4313 3180 67.9612
4313 3177 63.6364
4313 3125 70.5882
4313 3111 73.0435
4313 3106 63.7363
4313 3079 62.3656
4313 3068 60.6061
4313 3064 65.3465
4313 3023 62.3656
4313 3001 60.7843
4313 3000 69.3069
4313 2988 63.2911
4313 2960 62.069
4313 2942 61.2245
4313 2936 60.9524
4313 2923 63.6364
4313 2916 60
4313 2910 68.8172
4313 2895 61.0526
4313 2883 63.6364
4313 2878 70.2128
4313 2875 68.2353
4313 2868 65.1685
4313 2833 62.6263
4313 2829 60.1942
4313 2813 61.6822
4313 2805 74.4681
4313 2799 63.8298
4313 2796 74.1573
4313 2795 61.0526
4313 2791 67.9612
4313 2776 68.5714
4313 2771 61.9048
4313 2766 73.1183
4313 2759 60.9756
4313 2753 62.3853
4313 2744 63.6364
4313 2733 64.6465
4313 2697 71.4286
4313 2687 68.0851
4313 2685 72.381
4313 2682 65.1163
4313 2679 60.6742
4313 2658 63.3663
4313 2641 62.6506
4313 2613 67.2566
4313 2609 67.3684
4313 2608 64.1975
4313 2589 68.0412
4313 2586 60.9756
4313 2585 66.6667
4313 2582 66.6667
4313 2578 61.3861
4313 2575 66.0194
4313 2561 65.2174
4313 2506 61.9469
4313 2487 61.2613
4313 2483 62.6263
4313 2466 62.2642
4313 2442 63.1579
4313 2432 64.2202
4313 2427 62.5
4313 2413 63.4615
4313 2402 60.2151
4313 2401 60.3448
4313 2385 62.9213
4313 2384 60.274
4313 2370 67.3913
4313 2354 61.3861
4313 2332 60.7595
4313 2321 62.5
4313 2312 62.2222
4313 2306 60.4167
4313 2294 60.241
4313 2285 61.5385
4313 2267 61.0526
4313 2261 66.6667
4313 2243 61.8557
4313 2237 66.6667
4313 2228 60.177
4313 2203 65.9341
4313 2200 65.2174
4313 2171 73.1707
4313 2165 61.3636
4313 2160 60.6742
4313 2136 69.8795
4313 2130 66
4313 2125 62.5
4313 2122 63.0435
4313 2115 67.8571
4313 2108 62.1359
4313 2101 62.5
4313 2092 67.3267
4313 2070 67.2897
4313 2062 62.069
4313 2038 60.3774
4313 2030 61.8557
4313 1999 64.5833
4313 1987 62.8571
4313 1975 60.5263
4313 1972 63.3663
4313 1962 62.2222
4313 1958 63.3663
4313 1953 63.0435
4313 1950 65.9794
4313 1928 64.1026
4313 1922 60.1942
4313 1904 63.1579
4313 1890 62.2642
4313 1873 62.7451
4313 1870 63.5294
4313 1864 66.6667
4313 1839 66
4313 1836 60.7595
4313 1829 62.8571
4313 1827 61.1111
4313 1819 61.5385
4313 1810 60
4313 1799 61.3861
4313 1796 63.3663
4313 1775 60
4313 1768 61.5385
4313 1763 67.3077
4313 1743 63.5294
4313 1740 65.4206
4313 1713 61.5385
4313 1629 60.3774
4313 1620 63.5294
4313 1618 65.1163
4313 1617 65.1163
4313 1612 64.7059
4313 1591 66.6667
4313 1589 64.5161
4313 1579 71.4286
4313 1578 64.4444
4313 1576 63.7363
4313 1572 61.1111
4313 1557 68.8889
4313 1554 72.9167
4313 1545 66.6667
4313 1543 63.6364
4313 1534 67.3684
4313 1533 60.7595
4313 1521 61.5385
4313 1495 61.2245
4313 1481 63.2653
4313 1470 65.3465
4313 1463 62.5
4313 1462 63.5514
4313 1434 68.5714
4313 1378 60.7143
4313 1357 61.5385
4313 1355 65.3846
4313 1342 66.6667
4313 1327 62.963
4313 1306 65.1163
4313 1301 61.9048
4313 1300 67.4157
4313 1299 61.3636
4313 1298 69.2308
4313 1291 71.7391
4313 1285 62.1359
4313 1263 62.3377
4313 1232 61.1111
4313 1231 63.3663
4313 1225 61.8182
4313 1196 60.3774
4313 1173 67.9245
4313 1171 63.9175
4313 1150 61.7021
4313 1148 60.5263
4313 1133 61.1765
4313 1102 64
4313 1100 63.7168
4313 1096 63.9175
4313 1091 68.0851
4313 1085 61.1765
4313 1073 63.4146
4313 1069 60.9524
4313 1053 68.0412
4313 1043 63.6364
4313 989 65.9574
4313 977 66.6667
4313 966 62.1359
4313 962 60
4313 955 60
4313 947 63.7363
4313 943 61.3636
4313 917 60.9524
4313 896 63.3663
4313 888 60.8696
4313 883 63.1579
4313 880 60.177
4313 866 76.1062
4313 831 67.3684
4313 824 65.9091
4313 815 65.8537
4313 797 65.3061
4313 796 61.7021
4313 793 62.069
4313 792 68.1319
4313 791 63.8298
4313 784 75.2294
4313 781 65.3465
4313 775 61.3861
4313 766 60.4167
4313 751 61.7284
4313 748 61.2245
4313 724 62.6263
4313 708 63.4146
4313 707 61.9469
4313 695 63.2653
4313 690 61.3636
4313 666 61.5385
4313 647 62.3656
4313 638 60
4313 618 64.1026
4313 615 63.6364
4313 614 63.6364
4313 608 63.5514
4313 601 61.3636
4313 599 60.4651
4313 593 64.0777
4313 571 64
4313 569 70.5882
4313 556 61.7021
4313 553 60.6061
4313 549 62
4313 545 63.4146
4313 530 62.8571
4313 518 64.7619
4313 506 63.2653
4313 478 62.7451
4313 477 65.9091
4313 465 65.1685
4313 461 62.5
4313 458 60
4313 457 61.9469
4313 455 60.6061
4313 453 61.3636
4313 429 63.4615
4313 409 63.9175
4313 392 60.8696
4313 372 62.3656
4313 366 62.1359
4313 363 62.9213
4313 362 66.6667
4313 317 65.9091
4313 261 60.5263
4313 252 64.5833
4313 251 74
4313 226 66.6667
4313 217 62
4313 209 70.8333
4313 204 63.1579
4313 192 61.8557
4313 188 64.2857
4313 181 62.6506
4313 171 62.963
4313 157 69.5652
4313 156 61.2245
4313 100 62.1359
4313 99 61.1765
4313 77 62.2642
4313 62 68.6869
4313 41 63.6364
4313 34 62.069
0 0
1 0
2 0
3 0
4 0
5 0
6 0
7 0
8 0
9 0
10 0
11 0
12 2
13 0
14 2
15 1
16 4
17 1
18 5
19 8
20 5
21 13
22 16
23 9
24 25
25 57
26 19
27 31
28 57
29 60
30 40
31 98
32 72
33 72
34 118
35 94
36 113
37 127
38 93
39 144
40 143
41 94
42 165
43 121
44 162
45 178
46 142
47 158
48 171
49 141
50 200
51 88
52 135
53 131
54 122
55 103
56 93
57 105
58 91
59 83
60 66
61 46
62 58
63 50
64 53
65 20
66 28
67 19
68 15
69 18
70 5
71 6
72 3
73 3
74 4
75 4
76 1
77 1
78 0
79 0
80 0
81 0
82 0
83 0
84 0
85 0
86 0
87 0
88 0
89 0
90 0
91 0
92 0
93 0
94 0
95 0
96 0
97 0
98 0
99 0
100 0
101 0
52
103756
