88
4496 4338 64
4496 4337 67.2727
4496 4315 63.5514
4496 4294 66.0714
4496 4201 65.4867
4496 4106 62.1849
4496 4083 63.2479
4496 4036 61.157
4496 4024 61.8557
4496 4004 61.6667
4496 4002 64.0625
4496 3964 60
4496 3905 64.0777
4496 3770 61.6667
4496 3735 60.2151
4496 3652 62.6263
4496 3645 60
4496 3560 63.0631
4496 3495 61.3861
4496 3487 71.5447
4496 3447 60.7843
4496 3250 62.963
4496 3216 71.8447
4496 3182 64.8649
4496 3169 60.6742
4496 3123 64.7619
4496 3084 71.1538
4496 3082 67.2566
4496 3025 60.9524
4496 2969 66.6667
4496 2879 65.4545
4496 2856 62.9032
4496 2760 70.5882
4496 2744 66
4496 2733 70.2703
4496 2620 63.3333
4496 2610 60.7143
4496 2591 62.4
4496 2582 60.1626
4496 2566 65.0794
4496 2525 64.0625
4496 2461 61.7021
4496 2454 66.6667
4496 2401 76.5625
4496 2339 62.069
4496 2229 70.8661
4496 2228 62.4
4496 2211 73.2143
4496 2199 77.9661
4496 2186 64.8649
4496 2162 60.3448
4496 2161 62.5
4496 2160 61.3861
4496 2141 60.5505
4496 2096 71.3043
4496 2062 70.3125
4496 2030 60.5505
4496 1958 63.7168
4496 1835 78.9474
4496 1822 66.0194
4496 1812 61.9469
4496 1808 64
4496 1748 62.2951
4496 1444 66.0377
4496 1436 64.8649
4496 1336 60.177
4496 1326 65
4496 1248 60.5042
4496 1233 64
4496 1173 64.4068
4496 1053 60.5505
4496 990 69.3069
4496 978 66.6667
4496 908 62.2951
4496 896 61.9469
4496 875 66.0377
4496 792 64.0777
4496 781 63.7168
4496 775 63.7168
4496 742 68.9655
4496 665 60.3448
4496 581 65.3846
4496 549 64.2857
4496 521 62.6087
4496 285 62.3853
4496 228 63.7363
4496 171 65
4496 122 63.9175
0 0
1 0
2 0
3 1
4 0
5 4
6 5
7 3
8 19
9 5
10 20
11 23
12 15
13 48
14 32
15 49
16 78
17 46
18 89
19 60
20 75
21 96
22 94
23 109
24 147
25 122
26 125
27 111
28 151
29 148
30 155
31 128
32 133
33 130
34 160
35 129
36 156
37 122
38 120
39 126
40 160
41 94
42 119
43 100
44 94
45 80
46 103
47 86
48 82
49 57
50 89
51 44
52 51
53 37
54 34
55 30
56 28
57 23
58 20
59 20
60 24
61 13
62 9
63 12
64 12
65 12
66 5
67 7
68 2
69 1
70 1
71 4
72 4
73 0
74 1
75 0
76 0
77 1
78 1
79 1
80 0
81 0
82 0
83 0
84 0
85 0
86 0
87 0
88 0
89 0
90 0
91 0
92 0
93 0
94 0
95 0
96 0
97 0
98 0
99 0
100 0
101 0
58
112767
