43
4495 4417 60.7143
4495 4175 66.6667
4495 4123 66.6667
4495 4094 64.7059
4495 4019 65.3846
4495 3822 60.8696
4495 3811 63.4921
4495 3607 68.0851
4495 3491 61.2245
4495 3362 69.697
4495 3357 60
4495 3355 65.5172
4495 3108 68.1818
4495 2972 64
4495 2925 63.4146
4495 2881 66.6667
4495 2836 65.8537
4495 2528 60.8696
4495 2382 64.2857
4495 2341 60
4495 2335 60.9756
4495 2208 65.5172
4495 2173 60.274
4495 2128 66.6667
4495 2029 60.3175
4495 2011 62.6866
4495 2007 60.8696
4495 1892 70.8333
4495 1710 62.7451
4495 1673 66.6667
4495 1518 63.1579
4495 1479 64.1509
4495 1380 60.3175
4495 1340 62.5
4495 1279 71.4286
4495 1264 74.2857
4495 1193 61.9048
4495 1088 61.8182
4495 806 65.3061
4495 683 67.7419
4495 623 70.5882
4495 496 62.2951
4495 87 65.7143
0 0
1 0
2 0
3 1
4 6
5 23
6 4
7 13
8 38
9 46
10 36
11 34
12 61
13 67
14 109
15 78
16 91
17 75
18 141
19 100
20 141
21 93
22 165
23 129
24 172
25 148
26 97
27 144
28 136
29 132
30 122
31 111
32 154
33 150
34 101
35 120
36 141
37 103
38 87
39 97
40 140
41 57
42 76
43 85
44 92
45 61
46 63
47 70
48 53
49 31
50 53
51 23
52 29
53 29
54 30
55 13
56 16
57 13
58 26
59 14
60 13
61 8
62 3
63 4
64 4
65 3
66 6
67 5
68 1
69 2
70 1
71 2
72 1
73 0
74 0
75 1
76 0
77 0
78 0
79 0
80 0
81 0
82 0
83 0
84 0
85 0
86 0
87 0
88 0
89 0
90 0
91 0
92 0
93 0
94 0
95 0
96 0
97 0
98 0
99 0
100 0
101 0
51
112709
