122
4575 4532 78.7879
4575 4496 64.5161
4575 4419 66.6667
4575 4315 66.6667
4575 4306 61.5385
4575 4280 60.3175
4575 4278 72
4575 4265 62.963
4575 4231 62.7451
4575 4212 60.3175
4575 4083 61.3636
4575 4082 62.2951
4575 4028 70.5882
4575 3960 63.3333
4575 3922 60.9756
4575 3905 62.1622
4575 3801 72.7273
4575 3762 64.1509
4575 3757 60
4575 3663 60.4651
4575 3630 64.3678
4575 3560 60.9756
4575 3540 64.7887
4575 3517 64.7059
4575 3478 69.4444
4575 3465 62.2951
4575 3450 60.274
4575 3447 60.274
4575 3434 73.6842
4575 3409 75
4575 3316 62.6866
4575 3248 67.6923
4575 3198 61.2245
4575 3192 62.2951
4575 3146 62.2951
4575 3139 60.7143
4575 3089 64.2857
4575 3084 77.3333
4575 3079 60.5263
4575 3060 60.8696
4575 2969 60.274
4575 2957 61.1765
4575 2932 60.274
4575 2910 63.1579
4575 2901 60
4575 2895 66.6667
4575 2890 61.5385
4575 2856 63.1579
4575 2844 72.1311
4575 2759 61.5385
4575 2651 65.8824
4575 2586 61.5385
4575 2532 61.0169
4575 2525 62.6263
4575 2471 60
4575 2466 65.1685
4575 2238 67.9245
4575 2211 62.6506
4575 2201 65.5738
4575 2191 61.5385
4575 2160 75
4575 2148 68.9655
4575 2140 66.6667
4575 2096 60.4651
4575 2039 65
4575 2030 62.5
4575 1979 61.8182
4575 1940 64.3678
4575 1929 62.7907
4575 1864 60.5263
4575 1835 63.5294
4575 1737 61.5385
4575 1736 63.0137
4575 1703 64.8649
4575 1688 61.8182
4575 1489 61.5385
4575 1442 60.7143
4575 1436 65.8537
4575 1389 64.2857
4575 1326 63.7363
4575 1321 64.5161
4575 1233 64.7887
4575 1231 61.9048
4575 1223 61.3333
4575 1202 72
4575 1201 62.7451
4575 1198 64.2857
4575 1184 64.7887
4575 1138 60.7595
4575 1127 62.069
4575 1058 62.7907
4575 1043 61.9718
4575 996 62.5
4575 992 62.2951
4575 990 72.2222
4575 987 69.5652
4575 978 61.3636
4575 897 60
4575 896 64.2857
4575 777 63.3333
4575 776 62.7451
4575 736 62.2951
4575 685 64.1026
4575 664 60
4575 618 62.2951
4575 600 61.3636
4575 598 70.7692
4575 581 72
4575 560 60.274
4575 553 63.4146
4575 421 65.7534
4575 409 60
4575 408 60
4575 372 60.5263
4575 354 62.5
4575 303 61.0169
4575 228 70.9677
4575 199 64.7887
4575 193 65
4575 41 61.9718
4575 19 67.5325
4575 17 60.3774
0 0
1 0
2 0
3 0
4 1
5 0
6 0
7 3
8 10
9 12
10 15
11 13
12 33
13 35
14 27
15 54
16 51
17 79
18 47
19 58
20 112
21 97
22 101
23 92
24 114
25 152
26 108
27 107
28 126
29 111
30 187
31 130
32 128
33 148
34 145
35 107
36 155
37 141
38 126
39 124
40 165
41 62
42 105
43 115
44 134
45 92
46 98
47 81
48 95
49 68
50 74
51 50
52 49
53 53
54 60
55 56
56 34
57 20
58 41
59 31
60 27
61 19
62 20
63 21
64 8
65 18
66 5
67 4
68 3
69 1
70 2
71 3
72 3
73 3
74 1
75 2
76 0
77 0
78 1
79 1
80 0
81 0
82 0
83 0
84 0
85 0
86 0
87 0
88 0
89 0
90 0
91 0
92 0
93 0
94 0
95 0
96 0
97 0
98 0
99 0
100 0
101 0
55
116805
