73
4556 4522 60.8696
4556 4472 69.8413
4556 4451 65.7534
4556 4339 65.0602
4556 4304 64.1026
4556 4250 67.4699
4556 4177 67.5
4556 4062 60.4651
4556 3974 64
4556 3946 64.1975
4556 3936 65.9091
4556 3930 61.9048
4556 3927 71.7391
4556 3919 62.6506
4556 3853 64
4556 3724 68.3544
4556 3671 63.0137
4556 3617 65.7534
4556 3437 60.8696
4556 3435 62.3656
4556 3316 63.0137
4556 3226 75
4556 3220 63.4146
4556 3201 72.1311
4556 3150 61.7284
4556 3114 61.7284
4556 3054 63.1579
4556 2985 63.0137
4556 2978 61.5385
4556 2923 64.9351
4556 2850 60.9756
4556 2824 60.4651
4556 2439 61.7284
4556 2409 68.4932
4556 2224 62.1622
4556 2219 64.5161
4556 2210 65.6716
4556 2110 70.2703
4556 2081 71.6418
4556 2066 62.3377
4556 2026 71.7391
4556 1944 65.6716
4556 1920 64.5161
4556 1877 64.1975
4556 1859 76.3158
4556 1801 63.5294
4556 1737 64.7887
4556 1632 67.5325
4556 1564 60.274
4556 1546 64.7059
4556 1344 61.9048
4556 1237 64.2857
4556 1174 66.6667
4556 1171 60.4651
4556 1099 70.4225
4556 1046 60.274
4556 918 64.5161
4556 897 60.6061
4556 887 61.5385
4556 833 63.4146
4556 754 63.1579
4556 709 64.7059
4556 707 66.6667
4556 602 65.6716
4556 551 60.4167
4556 428 62.7451
4556 407 63.6364
4556 323 60.6742
4556 317 64.9351
4556 272 60.4651
4556 157 61.7284
4556 127 60.274
4556 75 60.6061
0 2
1 0
2 0
3 3
4 20
5 4
6 10
7 29
8 35
9 19
10 31
11 65
12 49
13 45
14 73
15 107
16 67
17 93
18 123
19 119
20 132
21 89
22 161
23 146
24 111
25 149
26 135
27 126
28 149
29 133
30 150
31 124
32 123
33 174
34 122
35 110
36 117
37 134
38 109
39 101
40 114
41 64
42 92
43 70
44 84
45 68
46 72
47 55
48 46
49 43
50 49
51 22
52 35
53 26
54 30
55 28
56 20
57 22
58 24
59 15
60 14
61 14
62 8
63 5
64 11
65 12
66 7
67 2
68 3
69 2
70 1
71 2
72 3
73 1
74 0
75 1
76 0
77 1
78 0
79 0
80 0
81 0
82 0
83 0
84 0
85 0
86 0
87 0
88 0
89 0
90 0
91 0
92 0
93 0
94 0
95 0
96 0
97 0
98 0
99 0
100 0
101 0
54
115867
