42
4573 4247 63.8298
4573 4054 60
4573 3876 60.8696
4573 3817 73.1707
4573 3676 61.9048
4573 3490 64
4573 3488 61.9048
4573 3406 68.2927
4573 3333 83.7209
4573 3138 68
4573 2820 61.8182
4573 2738 62.963
4573 2700 63.8298
4573 2625 68.4211
4573 2607 69.7674
4573 2410 68.0851
4573 2295 66.6667
4573 2076 60.8696
4573 2025 61.9048
4573 2000 60
4573 1825 66.6667
4573 1776 62.069
4573 1738 66.6667
4573 1610 61.9048
4573 1578 60
4573 1566 64.8649
4573 1392 70.2703
4573 1244 62.5
4573 1165 65.1163
4573 1148 60.8696
4573 1129 73.1707
4573 1049 63.4146
4573 711 60.8696
4573 618 62.5
4573 559 63.1579
4573 444 60.8696
4573 378 64.4068
4573 360 63.1579
4573 256 66.6667
4573 208 69.3878
4573 97 64.8649
4573 86 60.4651
0 0
1 0
2 0
3 0
4 1
5 4
6 11
7 5
8 12
9 33
10 28
11 60
12 69
13 53
14 69
15 98
16 79
17 117
18 137
19 94
20 144
21 107
22 184
23 139
24 151
25 146
26 115
27 143
28 176
29 142
30 195
31 101
32 142
33 130
34 156
35 142
36 101
37 111
38 134
39 111
40 105
41 55
42 88
43 86
44 71
45 63
46 48
47 51
48 62
49 41
50 48
51 16
52 24
53 27
54 21
55 16
56 15
57 14
58 20
59 10
60 12
61 6
62 5
63 4
64 6
65 3
66 1
67 4
68 1
69 3
70 2
71 1
72 0
73 0
74 2
75 0
76 0
77 0
78 0
79 0
80 0
81 0
82 0
83 0
84 1
85 0
86 0
87 0
88 0
89 0
90 0
91 0
92 0
93 0
94 0
95 0
96 0
97 0
98 0
99 0
100 0
101 0
48
116694
