115
4542 4497 68.8889
4542 4355 62.2222
4542 4314 66.6667
4542 4256 64.1509
4542 4179 66.6667
4542 4175 63.3663
4542 4106 66.055
4542 4083 61.6822
4542 4027 60.6061
4542 3964 63.6364
4542 3943 64.2857
4542 3923 67.3267
4542 3864 60.177
4542 3854 60.1942
4542 3755 62.6263
4542 3603 60.1942
4542 3596 66.6667
4542 3522 61.7284
4542 3517 62.069
4542 3509 63.5294
4542 3475 62.2642
4542 3446 61.6822
4542 3440 62.069
4542 3416 62.2642
4542 3411 60.6061
4542 3391 72.5275
4542 3379 63.3663
4542 3365 64.7619
4542 3327 60.2151
4542 3319 63.3663
4542 3286 61.5385
4542 3183 61.3861
4542 3151 65.3061
4542 3135 62.5
4542 3081 63.7363
4542 3078 65.9574
4542 3076 68.5185
4542 3075 63.6364
4542 3068 61.3861
4542 3065 67.4419
4542 2974 61.5385
4542 2956 70.7071
4542 2905 61.3861
4542 2803 62.6506
4542 2705 67.3267
4542 2610 64.7059
4542 2553 60.3774
4542 2551 62.069
4542 2540 66.6667
4542 2525 61.0169
4542 2506 62.6087
4542 2505 70.2128
4542 2502 64
4542 2453 64.5833
4542 2439 70.2128
4542 2415 65.7895
4542 2355 64.0777
4542 2339 60.3774
4542 2300 63.0435
4542 2297 61.2245
4542 2249 61.1111
4542 2213 66
4542 2162 62.2642
4542 2155 68.3544
4542 2141 66.6667
4542 2062 61.0169
4542 2019 61.3636
4542 1913 61.7284
4542 1867 62.1359
4542 1852 63.3663
4542 1793 65.4206
4542 1703 64.5161
4542 1605 60.5505
4542 1596 61.8182
4542 1552 61.2613
4542 1498 61.8557
4542 1497 62.2642
4542 1469 63.1579
4542 1313 60.9524
4542 1248 64.2202
4542 1206 62.3853
4542 1179 62.9213
4542 1164 61.0526
4542 1121 66.055
4542 1055 62
4542 1042 61.8557
4542 1021 62.963
4542 1007 60.9524
4542 993 61.5385
4542 968 62.7907
4542 918 60.3774
4542 906 61.9469
4542 805 66.6667
4542 795 60.3774
4542 757 62.5
4542 737 61.7284
4542 610 60.3774
4542 576 64.9573
4542 571 60.7843
4542 542 69.1589
4542 533 64.6465
4542 519 64.3678
4542 486 61.9048
4542 467 65.9091
4542 456 63.3663
4542 447 62.2222
4542 440 66.0377
4542 428 62.6087
4542 352 64.5161
4542 336 60.241
4542 301 61.9048
4542 130 66.0714
4542 94 60.1942
4542 92 64.4068
4542 56 62.7907
0 0
1 0
2 0
3 0
4 0
5 0
6 6
7 0
8 2
9 13
10 4
11 11
12 29
13 11
14 23
15 51
16 35
17 33
18 66
19 42
20 76
21 78
22 74
23 91
24 116
25 117
26 91
27 128
28 151
29 128
30 164
31 141
32 138
33 157
34 121
35 162
36 170
37 98
38 184
39 119
40 171
41 81
42 117
43 96
44 127
45 105
46 112
47 67
48 105
49 86
50 84
51 44
52 64
53 63
54 59
55 53
56 47
57 34
58 37
59 30
60 14
61 17
62 25
63 21
64 12
65 13
66 6
67 10
68 3
69 3
70 1
71 3
72 0
73 1
74 0
75 0
76 0
77 0
78 0
79 0
80 0
81 0
82 0
83 0
84 0
85 0
86 0
87 0
88 0
89 0
90 0
91 0
92 0
93 0
94 0
95 0
96 0
97 0
98 0
99 0
100 0
101 0
58
115130
