229
4676 4645 60.1626
4676 4644 62.069
4676 4640 63.7168
4676 4638 64.6154
4676 4632 66.1157
4676 4602 67.2131
4676 4588 61.1111
4676 4575 61.8557
4676 4564 61.2613
4676 4558 62.8571
4676 4522 63.8655
4676 4505 64.6154
4676 4433 61.2245
4676 4419 73.5043
4676 4394 62.8571
4676 4315 61.2613
4676 4313 61.4035
4676 4304 60.9524
4676 4294 63.7931
4676 4289 63.4615
4676 4278 64.8148
4676 4254 64.7619
4676 4220 60.177
4676 4201 61.5385
4676 4036 64
4676 4033 63.9344
4676 4027 60.177
4676 4023 64.8649
4676 4015 65.1163
4676 4002 66.6667
4676 3959 62.5
4676 3936 60.8696
4676 3927 60.5042
4676 3922 73.0435
4676 3892 64.3478
4676 3870 60.9375
4676 3834 60
4676 3777 75.969
4676 3771 65.1163
4676 3770 64.5161
4676 3761 69.697
4676 3724 60.3774
4676 3697 65
4676 3693 64.0625
4676 3663 73.9496
4676 3658 69.4215
4676 3608 60.8696
4676 3602 66.055
4676 3553 68.9655
4676 3543 66.6667
4676 3540 61.5385
4676 3474 60.3448
4676 3334 65
4676 3327 63.5514
4676 3299 65.1163
4676 3250 60.7143
4676 3187 61.0526
4676 3084 61.1111
4676 3079 64.2202
4676 3020 68.3761
4676 3018 60.5042
4676 3001 61.0169
4676 2980 62.5
4676 2963 65.6489
4676 2953 67.2897
4676 2938 60.6557
4676 2936 61.157
4676 2932 66.0377
4676 2910 75.2294
4676 2909 60.3448
4676 2900 60.8696
4676 2895 77.4775
4676 2889 64.6465
4676 2883 63.4615
4676 2878 60
4676 2856 70.3125
4676 2829 62.1849
4676 2824 60.177
4676 2819 62.5
4676 2805 60
4676 2795 64.8649
4676 2791 60.5042
4676 2773 63.9175
4676 2753 64
4676 2693 71.5447
4676 2687 60
4676 2679 64.7619
4676 2671 62.1849
4676 2651 69.4915
4676 2619 60
4676 2589 61.9469
4676 2582 64.5669
4676 2575 60.5042
4676 2525 69.697
4676 2506 71.3178
4676 2491 60.6061
4676 2483 66.087
4676 2466 72.1311
4676 2447 61.0169
4676 2413 61.6667
4676 2370 62.963
4676 2355 64.9573
4676 2339 60
4676 2333 67.2131
4676 2315 63.2479
4676 2288 63.7931
4676 2272 62.963
4676 2249 60.6557
4676 2243 65.4867
4676 2239 63.3663
4676 2234 61.9469
4676 2219 61.6667
4676 2160 60.9524
4676 2146 61.6667
4676 2141 60.177
4676 2122 61.1111
4676 2115 60.9375
4676 2062 62.1212
4676 2057 66.6667
4676 2039 65.4867
4676 2038 60.6557
4676 2030 67.2566
4676 2026 62.1849
4676 2009 62.069
4676 1995 63.3333
4676 1952 77.0492
4676 1942 61.1111
4676 1886 61.2613
4676 1864 60.5505
4676 1856 62.7119
4676 1848 68.5185
4676 1801 60.7143
4676 1794 62.2642
4676 1763 61.6667
4676 1750 64.5161
4676 1740 66.6667
4676 1708 60.6557
4676 1677 66.6667
4676 1667 60.177
4676 1632 61.5385
4676 1617 62.7451
4676 1589 64.2202
4676 1579 62
4676 1576 61.6822
4676 1493 64.5161
4676 1463 66.0714
4676 1443 64.0777
4676 1434 66.1157
4676 1414 60.7843
4676 1394 69.3548
4676 1358 64.7619
4676 1355 68.3333
4676 1342 60.3774
4676 1327 62.9032
4676 1326 69.3548
4676 1313 60.5042
4676 1298 65
4676 1291 61.1111
4676 1248 60.1626
4676 1241 61.0169
4676 1237 68.4685
4676 1231 70.0855
4676 1225 63.4921
4676 1223 64.8148
4676 1210 60.177
4676 1173 68.8525
4676 1171 67.2566
4676 1154 67.2566
4676 1100 60.4651
4676 1091 61.8182
4676 1079 67.8261
4676 1058 67.2269
4676 1043 61.5385
4676 996 61.9469
4676 987 66.6667
4676 977 67.7419
4676 943 61.5385
4676 918 61.6667
4676 896 63.2479
4676 893 81.6
4676 866 62.0155
4676 824 65.3846
4676 797 63.1579
4676 781 63.2479
4676 775 61.5385
4676 754 60.1942
4676 730 68.1818
4676 724 67.8261
4676 707 63.5659
4676 701 64.0777
4676 695 61.4035
4676 668 69.0265
4676 642 63.5659
4676 618 61.7021
4676 610 61.6667
4676 608 63.4146
4676 600 69.4215
4676 593 60.5042
4676 581 61.1111
4676 571 62.069
4676 560 62.2642
4676 553 64.3478
4676 551 69.9187
4676 549 62.069
4676 494 62.069
4676 482 68.4685
4676 457 62.0155
4676 441 70.5882
4676 431 61.5385
4676 428 69.7674
4676 409 69.0265
4676 397 67.2414
4676 338 60
4676 325 60
4676 296 63.1579
4676 289 65.0407
4676 193 67.2566
4676 171 61.2903
4676 158 60
4676 157 64.8148
4676 152 62.1849
4676 140 63.6364
4676 112 60.5505
4676 94 68.3761
4676 80 60.177
4676 62 73.0435
4676 42 67.7966
4676 41 67.3077
4676 19 72.7273
0 0
1 0
2 0
3 0
4 0
5 0
6 0
7 0
8 1
9 0
10 0
11 0
12 5
13 3
14 2
15 7
16 8
17 5
18 33
19 16
20 39
21 21
22 54
23 41
24 45
25 78
26 42
27 74
28 99
29 98
30 142
31 88
32 132
33 134
34 119
35 183
36 125
37 162
38 148
39 180
40 171
41 146
42 153
43 158
44 159
45 149
46 142
47 127
48 132
49 125
50 137
51 100
52 110
53 92
54 91
55 81
56 82
57 50
58 61
59 47
60 58
61 38
62 39
63 24
64 23
65 26
66 8
67 12
68 14
69 9
70 11
71 3
72 2
73 2
74 4
75 0
76 2
77 0
78 2
79 0
80 0
81 0
82 1
83 0
84 0
85 0
86 0
87 0
88 0
89 0
90 0
91 0
92 0
93 0
94 0
95 0
96 0
97 0
98 0
99 0
100 0
101 0
60
122141
