77
4619 4603 69.7674
4619 4575 64.4068
4619 4567 65.1163
4619 4541 61.0169
4619 4532 62.2951
4619 4413 63.8298
4619 4315 63.0137
4619 4255 63.6364
4619 4139 68.0851
4619 4126 62.7451
4619 4113 67.8571
4619 4078 68.9655
4619 4073 63.6364
4619 3875 63.6364
4619 3856 66.6667
4619 3801 60
4619 3663 61.7284
4619 3658 62.6506
4619 3602 67.6056
4619 3540 63.6364
4619 3532 61.9718
4619 3515 66.6667
4619 3450 64.7059
4619 3187 63.1579
4619 3118 60
4619 3039 60
4619 2909 69.2308
4619 2895 60.274
4619 2882 61.9048
4619 2841 61.5385
4619 2819 64.8649
4619 2586 60
4619 2537 68.1818
4619 2533 63.6364
4619 2532 66.6667
4619 2461 60
4619 2440 65.5172
4619 2393 65.3846
4619 2378 76.3636
4619 2307 64.1509
4619 2125 68.9655
4619 2047 71.6981
4619 1979 68
4619 1876 60.5263
4619 1864 61.9718
4619 1812 63.2911
4619 1811 73.6842
4619 1794 61.7647
4619 1762 66.6667
4619 1572 60
4619 1501 61.8182
4619 1382 62.069
4619 1367 64.2857
4619 1277 61.0169
4619 1254 72.1311
4619 1244 67.8571
4619 1243 62.2951
4619 1223 60
4619 1210 64
4619 1208 61.7647
4619 1201 82.6087
4619 1104 63.1579
4619 1082 63.6364
4619 1077 65.5738
4619 984 61.2245
4619 881 62.2951
4619 846 68
4619 792 60.8696
4619 717 66.6667
4619 708 63.3333
4619 701 61.5385
4619 678 61.5385
4619 656 64.5161
4619 618 64.2857
4619 228 63.1579
4619 215 63.3333
4619 41 60.6061
0 0
1 0
2 0
3 0
4 12
5 20
6 1
7 11
8 32
9 33
10 51
11 23
12 31
13 48
14 83
15 58
16 73
17 48
18 115
19 115
20 127
21 65
22 119
23 119
24 148
25 148
26 112
27 131
28 169
29 125
30 154
31 117
32 190
33 154
34 127
35 109
36 127
37 117
38 110
39 99
40 153
41 73
42 90
43 72
44 96
45 89
46 71
47 71
48 89
49 51
50 70
51 28
52 50
53 26
54 45
55 35
56 28
57 25
58 25
59 24
60 16
61 4
62 13
63 6
64 15
65 7
66 4
67 5
68 5
69 4
70 2
71 0
72 1
73 1
74 1
75 0
76 0
77 1
78 0
79 0
80 0
81 0
82 0
83 1
84 0
85 0
86 0
87 0
88 0
89 0
90 0
91 0
92 0
93 0
94 0
95 0
96 0
97 0
98 0
99 0
100 0
101 0
51
119057
