209
4684 4668 70.5882
4684 4657 60.7843
4684 4645 60.3774
4684 4642 62.8571
4684 4623 67.3469
4684 4622 63.6364
4684 4574 68.0412
4684 4558 61.3636
4684 4530 61.9048
4684 4524 63.9175
4684 4503 63.0435
4684 4463 62.9213
4684 4446 64.2857
4684 4437 67.4699
4684 4434 62.2642
4684 4376 63.0137
4684 4356 60
4684 4328 62.6506
4684 4296 63.3663
4684 4287 77.6699
4684 4281 64.0777
4684 4273 67.4419
4684 4216 67.3913
4684 4209 66.6667
4684 4202 63.5514
4684 4186 70.9091
4684 4157 62.1359
4684 4122 69.8113
4684 4094 61.3636
4684 4086 60.6742
4684 4064 60.241
4684 4049 72.549
4684 4016 61.3636
4684 4008 68.2927
4684 4005 64.2202
4684 3983 65.0602
4684 3966 60.177
4684 3942 60.2151
4684 3921 60.1942
4684 3882 66.087
4684 3852 65.9341
4684 3845 64.9351
4684 3814 64.6465
4684 3796 67.4157
4684 3767 62.6087
4684 3756 62.7451
4684 3702 64.4444
4684 3660 63.5514
4684 3657 61.2245
4684 3619 65
4684 3589 68.0851
4684 3587 64.7619
4684 3559 62
4684 3554 60.9756
4684 3538 62.5
4684 3533 66.6667
4684 3531 60.4167
4684 3507 63.7363
4684 3494 61.5385
4684 3448 60.1942
4684 3431 65.2632
4684 3410 65.4206
4684 3398 65.9341
4684 3395 66.6667
4684 3394 70.5882
4684 3377 62.3377
4684 3328 62.7907
4684 3318 73.4694
4684 3313 66.6667
4684 3309 60.7843
4684 3300 71.2644
4684 3291 60.241
4684 3288 63.6364
4684 3257 65.7895
4684 3205 60.5263
4684 3195 64.7619
4684 3191 61.1765
4684 3066 64
4684 2936 63.4615
4684 2907 60.241
4684 2887 78.4314
4684 2880 67.4157
4684 2855 60.7843
4684 2846 60.5505
4684 2813 64.1509
4684 2754 63.4146
4684 2746 60.7595
4684 2729 62.069
4684 2687 60.2151
4684 2673 65.8228
4684 2656 64.6465
4684 2648 64.4444
4684 2642 69.2308
4684 2613 62.5
4684 2599 60.4167
4684 2595 66
4684 2585 65.3061
4684 2573 64.4444
4684 2495 62.9213
4684 2489 63.0435
4684 2467 60.4167
4684 2430 62.6506
4684 2412 60.5263
4684 2386 62.3377
4684 2376 61.2613
4684 2340 63.7363
4684 2240 61.9048
4684 2161 66.6667
4684 2131 61.8557
4684 2129 69.4737
4684 2122 63.7363
4684 2115 63.0631
4684 2111 64
4684 2088 70.7071
4684 2078 62.3377
4684 2069 63.7363
4684 1998 62.5
4684 1957 61.7284
4684 1927 64
4684 1925 77.4194
4684 1922 72.549
4684 1908 62.5
4684 1905 67.4157
4684 1894 60.6742
4684 1829 63.4615
4684 1823 63.1579
4684 1809 60.6742
4684 1774 69.0909
4684 1755 66
4684 1753 65.8228
4684 1690 66.6667
4684 1618 61.1765
4684 1604 63.2653
4684 1603 65.9794
4684 1521 60.1942
4684 1495 76.2887
4684 1483 64.9351
4684 1462 67.9245
4684 1456 66.6667
4684 1431 63.1579
4684 1419 66.6667
4684 1376 64.1975
4684 1361 65.8537
4684 1350 63.9175
4684 1300 61.3636
4684 1299 66.6667
4684 1290 66.6667
4684 1229 63.7168
4684 1224 60.6061
4684 1175 64.8649
4684 1123 66.6667
4684 1091 60.2151
4684 1077 60.9756
4684 1057 62.5
4684 1035 68.2927
4684 1014 66.6667
4684 988 65.0602
4684 984 60
4684 952 64.0777
4684 938 69.8795
4684 913 63.8298
4684 903 61.3636
4684 829 60.3774
4684 822 69.3878
4684 818 60.9524
4684 787 67.4157
4684 769 64.1026
4684 751 65
4684 719 70.1299
4684 690 64.3678
4684 670 65.1163
4684 666 71.1111
4684 662 65.0602
4684 660 70.1754
4684 654 66.0194
4684 555 66.6667
4684 513 62.8571
4684 508 63.7363
4684 503 61.6822
4684 500 62.3377
4684 490 69.9029
4684 481 67.3469
4684 477 64.3678
4684 397 64.6465
4684 381 68.6275
4684 379 68
4684 372 60.8696
4684 356 63.7168
4684 349 60
4684 343 65.8537
4684 342 62
4684 334 61.6822
4684 332 62.8571
4684 264 60.7843
4684 258 60.3774
4684 238 60.9524
4684 233 65
4684 227 63.2653
4684 211 63.0631
4684 210 66.6667
4684 135 66.6667
4684 134 60.3774
4684 129 67.5676
4684 100 72.549
4684 88 62.6506
4684 87 68.8889
4684 34 60.4651
4684 33 62.8571
4684 18 64.2857
0 0
1 0
2 0
3 0
4 0
5 0
6 0
7 0
8 0
9 2
10 4
11 4
12 6
13 10
14 6
15 12
16 26
17 10
18 12
19 35
20 34
21 30
22 57
23 46
24 56
25 89
26 57
27 84
28 105
29 117
30 97
31 130
32 142
33 109
34 128
35 171
36 127
37 145
38 146
39 171
40 211
41 110
42 146
43 130
44 142
45 140
46 132
47 141
48 150
49 131
50 138
51 64
52 104
53 111
54 93
55 93
56 62
57 50
58 70
59 43
60 48
61 35
62 18
63 24
64 30
65 24
66 17
67 17
68 12
69 6
70 7
71 6
72 2
73 3
74 1
75 0
76 0
77 1
78 2
79 1
80 0
81 0
82 0
83 0
84 0
85 0
86 0
87 0
88 0
89 0
90 0
91 0
92 0
93 0
94 0
95 0
96 0
97 0
98 0
99 0
100 0
101 0
56
122558
