350
4623 4615 61.7021
4623 4607 61.7021
4623 4580 64.9573
4623 4569 64.0777
4623 4558 66.6667
4623 4526 62.2222
4623 4524 72.7273
4623 4503 63.8298
4623 4459 63.4615
4623 4446 60.4651
4623 4437 63.5294
4623 4423 60.4167
4623 4419 62.7451
4623 4384 62.7451
4623 4351 66.6667
4623 4350 61.5385
4623 4322 62.7451
4623 4314 63.1579
4623 4296 64.0777
4623 4287 60.9524
4623 4286 68.2353
4623 4281 60.9524
4623 4273 72.7273
4623 4254 60
4623 4228 62.6506
4623 4216 65.9574
4623 4209 63.3663
4623 4186 64.2857
4623 4153 60.4167
4623 4132 61.0526
4623 4122 62.963
4623 4089 64.3478
4623 4083 67.9245
4623 4064 61.1765
4623 4051 64.4444
4623 4049 61.5385
4623 4036 60
4623 4027 71.4286
4623 4016 68.8889
4623 4005 64.8649
4623 4004 62.3853
4623 3986 63.0435
4623 3983 70.5882
4623 3966 71.3043
4623 3964 64.2202
4623 3961 62.2642
4623 3959 63.9175
4623 3934 65.1685
4623 3910 61.6822
4623 3908 65.9794
4623 3892 62
4623 3882 66.6667
4623 3864 64.2857
4623 3852 62.3656
4623 3838 62.2222
4623 3814 65.3465
4623 3770 67.8899
4623 3761 61.5385
4623 3759 60
4623 3744 64
4623 3742 60
4623 3702 69.5652
4623 3692 64.2202
4623 3663 65.3846
4623 3660 67.8899
4623 3658 60.3774
4623 3657 62
4623 3652 63.6364
4623 3632 60.7843
4623 3619 63.4146
4623 3602 61.7021
4623 3598 62.6263
4623 3589 62.5
4623 3587 61.6822
4623 3581 62.5
4623 3574 67.4157
4623 3572 61.5385
4623 3554 61.9048
4623 3551 62.6263
4623 3548 65.8824
4623 3540 65.1685
4623 3538 61.2245
4623 3533 65.3846
4623 3531 61.2245
4623 3494 64.5161
4623 3489 62.7907
4623 3479 60.7843
4623 3457 64
4623 3446 64.1509
4623 3411 65.3061
4623 3395 67.3913
4623 3390 62.3656
4623 3389 61.6822
4623 3358 62.9213
4623 3338 61.3861
4623 3318 64
4623 3313 67.3913
4623 3309 65.3846
4623 3300 62.9213
4623 3293 65.3465
4623 3291 65.8824
4623 3250 63.9175
4623 3191 64.3678
4623 3177 65.1685
4623 3125 60.4651
4623 3118 60.1942
4623 3075 66.6667
4623 3068 60
4623 3064 62.7451
4623 3061 63.9175
4623 2994 65.2632
4623 2957 60.1942
4623 2952 64.1509
4623 2947 60.3774
4623 2936 64.1509
4623 2898 61.5385
4623 2890 60.241
4623 2887 67.3077
4623 2886 61.5385
4623 2867 68.6275
4623 2861 63.9175
4623 2856 60.177
4623 2855 65.3846
4623 2846 63.0631
4623 2842 60.7843
4623 2805 61.0526
4623 2800 60.9524
4623 2799 63.1579
4623 2796 62.2222
4623 2783 60.7843
4623 2769 62.8571
4623 2766 63.8298
4623 2760 61.1111
4623 2759 62.6506
4623 2754 66.6667
4623 2729 62.9213
4623 2727 62.6263
4623 2718 61.8557
4623 2648 60.8696
4623 2641 66.6667
4623 2624 61.9048
4623 2620 62.3853
4623 2614 60.9524
4623 2613 68.4211
4623 2604 69.7248
4623 2595 62.7451
4623 2591 63.1579
4623 2585 62
4623 2582 67.8571
4623 2580 61.3861
4623 2524 61.5385
4623 2513 64.4444
4623 2489 68.0851
4623 2487 64.2857
4623 2485 63.4615
4623 2483 60
4623 2414 60.8696
4623 2397 62.069
4623 2376 69.0265
4623 2352 66.6667
4623 2345 66.6667
4623 2340 62.3656
4623 2267 70.8333
4623 2258 64.5161
4623 2249 65.4206
4623 2243 61.2245
4623 2240 60.4651
4623 2237 63.5294
4623 2174 64.5161
4623 2170 62.7451
4623 2161 67.3267
4623 2160 60
4623 2159 62.5
4623 2146 62.8571
4623 2141 63.2653
4623 2136 64.2857
4623 2130 61.3861
4623 2129 72.1649
4623 2115 69.0265
4623 2062 63.2479
4623 2048 60
4623 2030 63.2653
4623 2013 60.7595
4623 2011 60.6742
4623 1987 60.3774
4623 1982 61.9048
4623 1972 62.7451
4623 1940 64.7619
4623 1925 69.4737
4623 1922 69.2308
4623 1908 60.9756
4623 1900 61.7284
4623 1894 63.7363
4623 1890 67.2897
4623 1868 60
4623 1829 60.3774
4623 1799 68.6275
4623 1784 74.4681
4623 1755 64.7059
4623 1751 64.5833
4623 1743 65.1163
4623 1736 63.7363
4623 1725 63.7168
4623 1696 63.0435
4623 1693 60.6742
4623 1690 77.551
4623 1667 71.4286
4623 1647 60.9524
4623 1619 68.6275
4623 1618 64.3678
4623 1613 68.0851
4623 1604 70
4623 1543 62.9213
4623 1534 60.4167
4623 1531 60.4167
4623 1519 61.5385
4623 1495 64.6465
4623 1490 60.4651
4623 1470 66.6667
4623 1468 60.9756
4623 1462 70.3704
4623 1456 60.177
4623 1453 68.1818
4623 1434 60.3774
4623 1426 60.6742
4623 1383 62.9213
4623 1377 61.6822
4623 1369 62.3656
4623 1361 69.0476
4623 1357 63.0435
4623 1350 66.6667
4623 1335 60.4651
4623 1331 64.5161
4623 1312 62.5
4623 1300 66.6667
4623 1299 69.6629
4623 1298 66.6667
4623 1290 60
4623 1285 63.4615
4623 1276 62.2222
4623 1248 72.2222
4623 1244 60.7595
4623 1173 67.2897
4623 1163 62.7907
4623 1155 60
4623 1151 64.9573
4623 1150 63.1579
4623 1146 61.7284
4623 1128 66.6667
4623 1123 67.2566
4623 1105 71.1111
4623 1091 65.2632
4623 1077 61.9048
4623 1057 61.4035
4623 1053 63.2653
4623 1043 69.6629
4623 1042 62.5
4623 1024 60.4651
4623 1004 64.8148
4623 983 60
4623 980 62.7451
4623 978 64.1509
4623 977 60.5505
4623 974 68.0851
4623 952 68.5714
4623 947 65.2174
4623 935 60.3774
4623 920 61.3636
4623 903 71.1111
4623 896 62.7451
4623 880 68.4211
4623 877 60.2151
4623 866 64.9123
4623 831 66.6667
4623 822 68
4623 797 60.6061
4623 781 66.6667
4623 775 62.7451
4623 773 63.2653
4623 748 62.6263
4623 736 60.7595
4623 733 69.7248
4623 695 62.6263
4623 690 62.9213
4623 673 61.3636
4623 670 61.3636
4623 667 69.4737
4623 666 63.0435
4623 660 62.069
4623 642 61.4035
4623 620 66.6667
4623 615 63.0631
4623 614 63.0631
4623 610 64.7619
4623 608 61.1111
4623 606 64.0777
4623 598 62.6506
4623 581 60.2151
4623 576 62.069
4623 571 65.3465
4623 569 62.1359
4623 556 61.0526
4623 553 64
4623 549 67.3267
4623 518 60.3774
4623 508 62.3656
4623 490 64.7619
4623 481 60
4623 478 66.0194
4623 476 63.5514
4623 465 64.4444
4623 461 61.8557
4623 459 66.6667
4623 457 61.4035
4623 451 60.7595
4623 432 72.9167
4623 429 64.7619
4623 397 63.3663
4623 395 60.9524
4623 391 64.1509
4623 382 61.4035
4623 381 61.5385
4623 372 63.8298
4623 369 60.177
4623 366 63.4615
4623 365 65.8537
4623 363 64.4444
4623 343 64.2857
4623 334 64.2202
4623 332 61.6822
4623 279 61.3333
4623 264 63.4615
4623 236 64.1026
4623 227 64
4623 220 61.5385
4623 215 60.241
4623 209 63.9175
4623 207 61.2245
4623 179 64
4623 171 60.5505
4623 130 63.0631
4623 121 65.8824
4623 100 75
4623 94 62.7451
4623 87 63.0435
4623 41 65.1685
4623 34 61.3636
4623 18 62.7907
4623 14 65.9574
4623 8 62.2222
0 0
1 0
2 0
3 0
4 0
5 0
6 0
7 0
8 0
9 1
10 0
11 0
12 1
13 1
14 1
15 4
16 6
17 1
18 11
19 3
20 2
21 19
22 21
23 16
24 23
25 35
26 21
27 49
28 56
29 36
30 56
31 94
32 55
33 116
34 97
35 95
36 160
37 120
38 141
39 160
40 169
41 110
42 173
43 135
44 188
45 174
46 138
47 168
48 153
49 166
50 172
51 114
52 157
53 120
54 156
55 130
56 113
57 95
58 102
59 86
60 65
61 50
62 51
63 53
64 47
65 40
66 24
67 18
68 14
69 12
70 12
71 3
72 5
73 5
74 0
75 2
76 0
77 0
78 1
79 0
80 0
81 0
82 0
83 0
84 0
85 0
86 0
87 0
88 0
89 0
90 0
91 0
92 0
93 0
94 0
95 0
96 0
97 0
98 0
99 0
100 0
101 0
57
119267
