188
4615 4594 61.5385
4615 4568 62.6263
4615 4551 63.3663
4615 4524 60.2151
4615 4519 61.7647
4615 4493 66.6667
4615 4468 65.1163
4615 4423 60
4615 4384 60.4167
4615 4377 63.6364
4615 4286 63.2911
4615 4281 60.6061
4615 4238 63.8889
4615 4217 70.7317
4615 4204 63.1579
4615 4194 67.5325
4615 4156 65.8824
4615 4112 65.7895
4615 4101 62.069
4615 4052 66.6667
4615 4006 63.2911
4615 3986 60.4651
4615 3950 66.6667
4615 3924 61.5385
4615 3906 60
4615 3887 61.0526
4615 3881 68.4932
4615 3864 66.0377
4615 3852 71.2644
4615 3818 65.7895
4615 3786 63.5294
4615 3754 60
4615 3712 61.5385
4615 3701 60.6061
4615 3651 62.963
4615 3628 61.8557
4615 3591 65.1163
4615 3583 64.1026
4615 3556 61.3636
4615 3531 63.0435
4615 3526 60
4615 3466 61.7021
4615 3457 63.8298
4615 3446 60
4615 3425 64.6465
4615 3411 60.8696
4615 3397 67.4419
4615 3392 65.7895
4615 3389 63.3663
4615 3388 60.6742
4615 3375 65.9341
4615 3358 60.241
4615 3349 64.8649
4615 3347 63.8298
4615 3338 63.1579
4615 3337 61.9718
4615 3321 64.3678
4615 3315 62.069
4615 3274 64.1026
4615 3245 66.6667
4615 3177 62.6506
4615 3154 65.0602
4615 3147 62.1622
4615 3119 64.6465
4615 3098 66.6667
4615 3064 64.5833
4615 3061 61.5385
4615 2986 67.3684
4615 2979 69.3878
4615 2943 63.1579
4615 2939 61.1765
4615 2867 60.4167
4615 2846 62.8571
4615 2783 64.5833
4615 2726 64.7059
4615 2686 62
4615 2650 63.8889
4615 2640 65.8537
4615 2604 60.1942
4615 2593 62.7907
4615 2580 69.4737
4615 2547 60.6061
4615 2541 63.9175
4615 2513 78.5714
4615 2509 61.9718
4615 2494 63.2653
4615 2487 66.0377
4615 2411 64.6465
4615 2376 72.8972
4615 2367 64.5161
4615 2352 64.3678
4615 2347 60
4615 2311 60
4615 2286 63.2911
4615 2269 63.7363
4615 2267 68.8889
4615 2258 64.3678
4615 2195 60.9524
4615 2190 66.0194
4615 2167 72.2222
4615 2144 66.6667
4615 2113 66.6667
4615 2104 70.4762
4615 2083 63.2911
4615 2074 64.7887
4615 2035 62
4615 1993 60.274
4615 1983 64.1509
4615 1962 61.1765
4615 1922 61.2245
4615 1890 61.3861
4615 1867 64.5833
4615 1866 60.6742
4615 1817 60.1942
4615 1799 79.1667
4615 1767 63.0137
4615 1729 68.3544
4615 1725 63.5514
4615 1698 62.2222
4615 1686 60.6742
4615 1684 60.7595
4615 1667 60.8696
4615 1638 60.7595
4615 1611 63.5514
4615 1604 63.8298
4615 1540 60
4615 1531 75.5556
4615 1519 65.3061
4615 1470 60.4167
4615 1462 60.7843
4615 1411 60.274
4615 1383 62.6506
4615 1369 66.6667
4615 1349 60.7595
4615 1345 60
4615 1312 68.8889
4615 1295 60.274
4615 1234 71.2644
4615 1161 64.7059
4615 1155 65.3846
4615 1151 63.0631
4615 1150 60.6742
4615 1137 63.3663
4615 1122 65.8228
4615 1068 67.8899
4615 1067 60.7595
4615 1045 65.7895
4615 1042 64.4444
4615 1032 60
4615 1017 60.4651
4615 1001 63.7363
4615 956 61.1111
4615 954 61.3861
4615 952 70.7071
4615 938 60.7595
4615 936 61.7647
4615 920 70.7317
4615 880 66.6667
4615 860 65.1685
4615 858 62.1622
4615 816 61.1111
4615 804 69.6629
4615 796 62.9213
4615 773 65.2174
4615 748 60.2151
4615 720 69.2308
4615 681 61.5385
4615 633 61.9718
4615 614 62.8571
4615 592 60.1942
4615 580 64.5161
4615 556 62.9213
4615 466 65.3061
4615 454 65.1163
4615 334 69.9029
4615 290 60.7595
4615 279 60.8696
4615 270 63.0137
4615 264 61.2245
4615 230 63.8889
4615 216 62.069
4615 207 60.8696
4615 200 60.4167
4615 183 60
4615 173 63.1579
4615 148 64.9351
4615 18 60
4615 14 61.3636
0 0
1 0
2 0
3 0
4 0
5 0
6 0
7 0
8 0
9 1
10 4
11 2
12 2
13 11
14 18
15 9
16 20
17 30
18 16
19 20
20 62
21 29
22 32
23 59
24 81
25 70
26 72
27 87
28 88
29 94
30 143
31 125
32 108
33 155
34 140
35 134
36 159
37 153
38 123
39 166
40 166
41 96
42 180
43 117
44 154
45 165
46 141
47 125
48 149
49 123
50 140
51 69
52 98
53 83
54 99
55 61
56 76
57 43
58 48
59 45
60 47
61 34
62 25
63 15
64 29
65 20
66 17
67 12
68 4
69 4
70 5
71 4
72 2
73 2
74 0
75 0
76 1
77 0
78 0
79 1
80 1
81 0
82 0
83 0
84 0
85 0
86 0
87 0
88 0
89 0
90 0
91 0
92 0
93 0
94 0
95 0
96 0
97 0
98 0
99 0
100 0
101 0
55
118866
