80
4777 4693 60.274
4777 4667 65.7143
4777 4658 60
4777 4646 63.2911
4777 4606 62.7451
4777 4471 60.4651
4777 4359 60.6061
4777 4334 70.1299
4777 4318 62.6866
4777 4263 60.241
4777 4158 67.6056
4777 3907 68.4932
4777 3888 64.5161
4777 3825 65.8537
4777 3810 60.8696
4777 3699 61.7021
4777 3682 61.2903
4777 3510 68.6567
4777 3454 61.2903
4777 3443 62.6263
4777 3386 63.8889
4777 3341 64.7887
4777 3260 61.1111
4777 3233 66.6667
4777 3228 61.2903
4777 3136 63.2911
4777 3088 64.2857
4777 3010 61.7647
4777 2853 65.1163
4777 2808 65.2174
4777 2765 60.5263
4777 2732 62.5
4777 2433 62.5
4777 2406 74.6269
4777 2337 62.6866
4777 2236 65.5738
4777 2232 66.6667
4777 2208 64.7059
4777 2187 61.7647
4777 2038 61.0526
4777 1996 65.1685
4777 1858 65.2174
4777 1745 64.4068
4777 1694 60.9756
4777 1665 62.069
4777 1635 60.5263
4777 1585 61.1111
4777 1516 62.7907
4777 1506 73.4177
4777 1486 73.4177
4777 1475 69.3333
4777 1425 63.1579
4777 1420 61.0526
4777 1323 63.6364
4777 1272 62.6866
4777 1242 62.7907
4777 1114 62.3377
4777 1103 62.1622
4777 1084 66.6667
4777 1072 63.7363
4777 1040 62.2222
4777 1011 60
4777 989 60.241
4777 915 61.9048
4777 765 61.2903
4777 764 62.2951
4777 760 62.2951
4777 741 68.3544
4777 706 68.2353
4777 617 63.1579
4777 611 62.8571
4777 488 62.1622
4777 310 61.3636
4777 291 66.6667
4777 218 60.9756
4777 177 67.4157
4777 156 62.069
4777 153 61.9048
4777 89 61.9718
4777 6 60
0 0
1 0
2 0
3 0
4 5
5 0
6 4
7 4
8 11
9 8
10 17
11 35
12 19
13 26
14 35
15 65
16 38
17 59
18 90
19 105
20 104
21 62
22 133
23 132
24 99
25 166
26 146
27 138
28 163
29 156
30 194
31 167
32 134
33 217
34 150
35 122
36 152
37 155
38 152
39 130
40 183
41 65
42 103
43 90
44 98
45 84
46 88
47 60
48 74
49 61
50 82
51 34
52 50
53 45
54 32
55 38
56 30
57 24
58 27
59 15
60 23
61 10
62 15
63 18
64 7
65 5
66 7
67 4
68 2
69 4
70 1
71 1
72 0
73 0
74 2
75 1
76 0
77 0
78 0
79 0
80 0
81 0
82 0
83 0
84 0
85 0
86 0
87 0
88 0
89 0
90 0
91 0
92 0
93 0
94 0
95 0
96 0
97 0
98 0
99 0
100 0
101 0
57
127557
