130
4889 4849 60
4889 4814 61.8182
4889 4789 63.1579
4889 4766 68.1818
4889 4725 63.8298
4889 4676 63.7931
4889 4646 63.0435
4889 4640 68.6869
4889 4542 60.7843
4889 4537 60
4889 4532 65.8824
4889 4400 60.5505
4889 4371 60
4889 4354 60.6742
4889 4342 65.3465
4889 4294 60.7843
4889 4289 68.8889
4889 4270 65.8824
4889 4256 62.2642
4889 4232 60.274
4889 4226 60
4889 4212 63.4146
4889 4076 61.5385
4889 4036 61.2613
4889 4022 60.7143
4889 4015 76.5217
4889 3922 65.3465
4889 3889 64
4889 3780 64.1026
4889 3605 64.8148
4889 3501 63.2653
4889 3474 60.7843
4889 3440 66.6667
4889 3374 63.4146
4889 3327 66.6667
4889 3305 60.6742
4889 3299 60.8696
4889 3187 64.1975
4889 3181 64.5833
4889 3152 64.0777
4889 3101 61.1111
4889 3078 65.9574
4889 3041 63.4146
4889 3020 62.1359
4889 2953 73.1183
4889 2932 60.8696
4889 2902 66.087
4889 2900 65.3465
4889 2897 63.0631
4889 2895 65.9794
4889 2753 61.2613
4889 2693 62.3853
4889 2679 63.7363
4889 2671 62.8571
4889 2619 64.5833
4889 2557 65.9794
4889 2550 65.9091
4889 2525 67.7966
4889 2510 62.5
4889 2506 64.3478
4889 2476 62.2222
4889 2471 65.8228
4889 2339 62.2642
4889 2302 64.3678
4889 2300 63.0435
4889 2288 66.6667
4889 2182 60.4651
4889 2181 74.5098
4889 2179 68.3544
4889 2162 67.9245
4889 2126 61.8557
4889 2117 61.1765
4889 2114 68.3544
4889 2068 65.8824
4889 2063 62.6506
4889 2057 63.9175
4889 1995 64.1509
4889 1981 60.5505
4889 1961 60.241
4889 1958 64.0777
4889 1952 68.5185
4889 1946 68.0412
4889 1880 63.8298
4889 1876 64
4889 1871 61.3636
4889 1856 63.4615
4889 1794 63.0435
4889 1750 67.2727
4889 1733 65.7895
4889 1658 62.6263
4889 1559 66.6667
4889 1453 60.6742
4889 1444 64.5833
4889 1434 63.5514
4889 1414 61.3636
4889 1394 60
4889 1368 62.6263
4889 1355 62.2642
4889 1242 60.6061
4889 1184 66.6667
4889 1092 61.5385
4889 1062 63.1579
4889 1058 60.9524
4889 1007 60.9524
4889 992 62.5
4889 985 62.5
4889 909 66.6667
4889 908 64.2857
4889 893 61.2613
4889 797 64
4889 734 60.5505
4889 731 67.9612
4889 730 62.7119
4889 700 63.0435
4889 698 64.9351
4889 668 78.7879
4889 582 62.1359
4889 549 60.7843
4889 546 61.7284
4889 499 64.4444
4889 489 61.6822
4889 441 62.8571
4889 437 66.6667
4889 431 66.6667
4889 428 60.8696
4889 298 63.2911
4889 156 64
4889 112 73.6842
4889 62 61.3861
4889 19 68.75
0 0
1 0
2 0
3 5
4 0
5 0
6 10
7 2
8 10
9 31
10 8
11 13
12 45
13 19
14 41
15 75
16 45
17 55
18 79
19 51
20 93
21 107
22 91
23 90
24 122
25 127
26 107
27 131
28 139
29 116
30 168
31 136
32 136
33 189
34 120
35 154
36 170
37 119
38 156
39 129
40 169
41 84
42 123
43 135
44 145
45 91
46 110
47 79
48 100
49 96
50 98
51 36
52 69
53 63
54 55
55 48
56 47
57 37
58 32
59 32
60 25
61 20
62 14
63 16
64 23
65 14
66 12
67 9
68 4
69 8
70 0
71 0
72 0
73 0
74 2
75 1
76 0
77 1
78 0
79 1
80 0
81 0
82 0
83 0
84 0
85 0
86 0
87 0
88 0
89 0
90 0
91 0
92 0
93 0
94 0
95 0
96 0
97 0
98 0
99 0
100 0
101 0
61
133580
