25
481 480 64.2857
481 459 60.4167
481 457 61.4035
481 397 65.3465
481 366 61.5385
481 363 64.4444
481 356 74.7826
481 343 66.6667
481 342 72.549
481 258 68.5185
481 245 60.3774
481 210 67.3077
481 198 64.5833
481 172 68.9655
481 171 67.8899
481 143 68.4211
481 141 68.5714
481 130 63.0631
481 100 63.4615
481 94 60.7843
481 87 63.0435
481 42 60.1942
481 33 61.6822
481 20 62.7451
481 18 60.4651
0 0
1 0
2 0
3 0
4 0
5 0
6 0
7 0
8 0
9 0
10 0
11 0
12 0
13 0
14 0
15 2
16 4
17 5
18 3
19 4
20 4
21 2
22 4
23 4
24 8
25 8
26 3
27 10
28 10
29 15
30 12
31 10
32 6
33 11
34 13
35 18
36 20
37 15
38 12
39 19
40 17
41 13
42 23
43 17
44 11
45 10
46 18
47 9
48 10
49 18
50 16
51 5
52 15
53 9
54 7
55 10
56 6
57 5
58 5
59 3
60 6
61 5
62 3
63 1
64 3
65 3
66 1
67 1
68 2
69 4
70 0
71 0
72 0
73 1
74 0
75 1
76 0
77 0
78 0
79 0
80 0
81 0
82 0
83 0
84 0
85 0
86 0
87 0
88 0
89 0
90 0
91 0
92 0
93 0
94 0
95 0
96 0
97 0
98 0
99 0
100 0
101 0
5
1038
