139
4960 4945 64
4960 4927 65.625
4960 4917 65.7143
4960 4895 63.4921
4960 4869 62.1622
4960 4812 64.8649
4960 4790 63.8889
4960 4726 60.274
4960 4696 62.7451
4960 4684 62.3377
4960 4678 61.1111
4960 4617 65.3846
4960 4587 72.4138
4960 4585 66.6667
4960 4576 60
4960 4558 60.8696
4960 4506 61.8182
4960 4503 60.274
4960 4495 63.1579
4960 4463 62.8571
4960 4355 61.7647
4960 4228 67.7419
4960 4224 63.1579
4960 4209 60
4960 4205 65.5172
4960 4123 69.2308
4960 4122 62.069
4960 4094 60.8696
4960 4086 65.7143
4960 4064 65.625
4960 4059 60.8696
4960 4049 62.6506
4960 4016 60.8696
4960 3914 60.3175
4960 3828 62.963
4960 3822 65.7143
4960 3811 62.5
4960 3734 64.1509
4960 3619 65.5738
4960 3610 60.3774
4960 3607 62.5
4960 3549 67.7966
4960 3521 66.6667
4960 3489 67.6923
4960 3477 61.8182
4960 3395 61.9718
4960 3394 62.6506
4960 3390 61.1111
4960 3355 61.0169
4960 3302 63.1579
4960 3251 62.069
4960 3222 60
4960 3204 61.5385
4960 3191 66.6667
4960 3137 63.1579
4960 3125 61.5385
4960 3075 60.6061
4960 2981 60.8696
4960 2917 63.7681
4960 2881 69.3878
4960 2880 65.7143
4960 2798 60.3774
4960 2792 62.7451
4960 2731 63.1579
4960 2682 60.6061
4960 2656 65
4960 2641 60.3175
4960 2495 65.7143
4960 2448 60.8696
4960 2412 63.1579
4960 2386 68.9655
4960 2384 60.3774
4960 2350 73.0769
4960 2348 60.8696
4960 2342 60
4960 2251 61.5385
4960 2245 66.6667
4960 2131 61.5385
4960 2122 66.6667
4960 2111 61.7284
4960 2060 65.3061
4960 2048 60.7595
4960 2023 66.6667
4960 2013 62.069
4960 1957 61.2903
4960 1939 62.5
4960 1925 62.1622
4960 1923 63.6364
4960 1905 68.5714
4960 1894 60
4960 1841 60.8696
4960 1795 64.7059
4960 1761 61.7647
4960 1754 64.7059
4960 1753 66.6667
4960 1743 61.5385
4960 1681 64.1509
4960 1670 61.2903
4960 1613 60.274
4960 1590 65.5172
4960 1548 60.3175
4960 1534 61.3333
4960 1495 69.2308
4960 1479 62.963
4960 1476 66.6667
4960 1468 62.2951
4960 1380 62.5
4960 1353 64.5161
4960 1343 60.3774
4960 1305 61.7284
4960 1285 60.241
4960 1280 61.5385
4960 1162 62.7451
4960 1105 60.8696
4960 1035 60.3175
4960 950 61.5385
4960 913 61.3333
4960 806 68
4960 739 60.7143
4960 690 64.7059
4960 684 60.7143
4960 666 67.6056
4960 662 62.5
4960 590 62.7451
4960 507 61.2903
4960 496 70.9677
4960 481 63.2911
4960 451 65.5172
4960 411 64.1509
4960 356 61.7021
4960 343 69.8413
4960 342 61.7284
4960 210 62.6506
4960 172 66.6667
4960 135 61.0169
4960 88 65.625
4960 87 61.9718
4960 56 62.5
4960 39 61.2903
0 0
1 0
2 0
3 0
4 0
5 0
6 0
7 0
8 0
9 0
10 3
11 0
12 2
13 11
14 11
15 3
16 13
17 10
18 29
19 27
20 24
21 39
22 55
23 57
24 56
25 83
26 71
27 119
28 107
29 92
30 137
31 156
32 171
33 132
34 137
35 205
36 188
37 148
38 167
39 210
40 214
41 134
42 169
43 179
44 174
45 166
46 162
47 125
48 149
49 120
50 178
51 70
52 81
53 94
54 80
55 62
56 59
57 38
58 35
59 36
60 37
61 26
62 27
63 23
64 12
65 9
66 14
67 9
68 5
69 2
70 4
71 1
72 0
73 1
74 1
75 0
76 0
77 0
78 0
79 0
80 0
81 0
82 0
83 0
84 0
85 0
86 0
87 0
88 0
89 0
90 0
91 0
92 0
93 0
94 0
95 0
96 0
97 0
98 0
99 0
100 0
101 0
55
137544
