39
5010 4946 62.2222
5010 4883 66.6667
5010 4852 66.6667
5010 4742 65
5010 4661 66.6667
5010 4626 60
5010 4237 68.5714
5010 3931 78.2609
5010 3897 61.5385
5010 3834 64.1509
5010 3635 65
5010 3455 65.1163
5010 3239 61.5385
5010 3199 66.6667
5010 3141 63.4146
5010 3127 61.8182
5010 3087 62.8571
5010 2992 63.1579
5010 2838 60
5010 2792 60
5010 2725 63.4146
5010 2216 60.4651
5010 2114 60.8696
5010 1567 60
5010 1466 60
5010 1451 62.8571
5010 1362 68.4211
5010 1280 68.2927
5010 1260 61.5385
5010 1093 61.9048
5010 942 62.8571
5010 897 65.2174
5010 892 64.7059
5010 832 66.6667
5010 589 68.4211
5010 534 62.2222
5010 243 62.8571
5010 240 65
5010 124 61.9048
0 2
1 0
2 0
3 0
4 0
5 0
6 1
7 2
8 2
9 5
10 6
11 14
12 20
13 8
14 17
15 27
16 43
17 45
18 82
19 53
20 89
21 49
22 117
23 111
24 143
25 172
26 101
27 155
28 195
29 194
30 261
31 193
32 196
33 171
34 189
35 262
36 180
37 170
38 157
39 190
40 238
41 73
42 140
43 132
44 116
45 95
46 74
47 50
48 91
49 76
50 51
51 9
52 50
53 35
54 20
55 35
56 15
57 13
58 19
59 8
60 13
61 2
62 6
63 6
64 3
65 5
66 2
67 5
68 0
69 4
70 0
71 0
72 0
73 0
74 0
75 0
76 0
77 0
78 0
79 1
80 0
81 0
82 0
83 0
84 0
85 0
86 0
87 0
88 0
89 0
90 0
91 0
92 0
93 0
94 0
95 0
96 0
97 0
98 0
99 0
100 0
101 0
51
140379
