19
5102 4420 89.7959
5102 4070 66.6667
5102 3516 62.5
5102 3364 61.5385
5102 2684 65
5102 2662 60.7143
5102 2590 63.1579
5102 2421 61.5385
5102 2377 76
5102 2157 66.6667
5102 1895 63.4146
5102 1458 72.3404
5102 1387 65.5172
5102 1340 61.9048
5102 1292 62.2222
5102 512 65.2174
5102 370 62.069
5102 266 60
5102 195 73.0769
0 6
1 0
2 0
3 0
4 19
5 66
6 44
7 15
8 67
9 72
10 115
11 106
12 95
13 90
14 159
15 154
16 216
17 107
18 164
19 124
20 227
21 144
22 209
23 181
24 169
25 200
26 137
27 174
28 188
29 124
30 131
31 127
32 188
33 110
34 84
35 114
36 111
37 87
38 72
39 57
40 119
41 36
42 59
43 52
44 59
45 41
46 29
47 23
48 38
49 40
50 30
51 8
52 20
53 18
54 12
55 11
56 11
57 4
58 7
59 8
60 5
61 1
62 3
63 3
64 2
65 1
66 2
67 2
68 0
69 0
70 0
71 0
72 0
73 1
74 1
75 0
76 1
77 0
78 0
79 0
80 0
81 0
82 0
83 0
84 0
85 0
86 0
87 0
88 0
89 0
90 1
91 0
92 0
93 0
94 0
95 0
96 0
97 0
98 0
99 0
100 0
101 0
53
146357
