103
5130 5106 66.6667
5130 4939 64.5161
5130 4862 60.3774
5130 4858 65.5172
5130 4754 65.5738
5130 4601 68.2927
5130 4554 62.963
5130 4533 61.2903
5130 4462 65.625
5130 4395 63.0137
5130 4382 60.3774
5130 4335 61.8182
5130 4274 63.6364
5130 4248 65.3061
5130 4241 62.7451
5130 4165 71.1864
5130 4154 68.2927
5130 4081 64.4068
5130 3999 71.1111
5130 3844 64.5161
5130 3784 65.1163
5130 3681 61.0169
5130 3606 62.963
5130 3595 66.6667
5130 3571 65.3061
5130 3528 76.1905
5130 3520 60.3175
5130 3470 62.5
5130 3429 100
5130 3303 68.9655
5130 3280 60.8696
5130 3275 75
5130 3063 66.6667
5130 3043 69.5652
5130 3042 61.1111
5130 2966 62.963
5130 2875 68.8525
5130 2799 60
5130 2784 62.5
5130 2739 64.1509
5130 2634 83.3333
5130 2563 68
5130 2496 63.8298
5130 2493 60.7143
5130 2324 66.6667
5130 2301 61.9048
5130 2299 60.4651
5130 2271 66.6667
5130 2237 60
5130 2085 66.6667
5130 2041 68
5130 1962 63.6364
5130 1950 68.4932
5130 1928 62.963
5130 1903 65.1163
5130 1879 61.2245
5130 1844 70.7692
5130 1781 67.9245
5130 1752 62.8571
5130 1742 60.3175
5130 1716 62.7451
5130 1684 60
5130 1616 66.6667
5130 1602 64
5130 1599 65
5130 1564 60
5130 1533 61.8182
5130 1517 62.069
5130 1502 60
5130 1492 62.963
5130 1467 61.2245
5130 1409 65.3846
5130 1338 62.5
5130 1283 66.6667
5130 1266 62.5
5130 1185 63.4921
5130 1157 63.3333
5130 1112 61.9048
5130 1096 60.274
5130 1076 62.069
5130 970 70.8333
5130 941 68.75
5130 905 64.5161
5130 901 72.7273
5130 868 63.6364
5130 847 66.6667
5130 835 62.5
5130 830 62.2951
5130 811 60.4651
5130 779 76.1905
5130 664 60.3774
5130 657 64
5130 528 60.8696
5130 312 60
5130 300 62.2222
5130 252 61.1111
5130 235 60.6061
5130 188 73.3333
5130 147 68.0851
5130 127 60
5130 123 65
5130 84 60.3774
5130 43 62.2951
0 0
1 0
2 0
3 0
4 1
5 2
6 0
7 2
8 8
9 13
10 26
11 13
12 19
13 30
14 49
15 39
16 35
17 43
18 63
19 86
20 122
21 74
22 103
23 116
24 138
25 189
26 86
27 140
28 145
29 156
30 198
31 133
32 191
33 154
34 198
35 184
36 122
37 141
38 190
39 123
40 199
41 109
42 143
43 115
44 127
45 110
46 129
47 80
48 95
49 74
50 108
51 39
52 55
53 53
54 62
55 46
56 49
57 29
58 29
59 28
60 22
61 13
62 10
63 18
64 9
65 7
66 8
67 9
68 3
69 7
70 1
71 2
72 2
73 1
74 1
75 1
76 0
77 2
78 0
79 0
80 0
81 0
82 0
83 0
84 1
85 0
86 0
87 0
88 0
89 0
90 0
91 0
92 0
93 0
94 0
95 0
96 0
97 0
98 0
99 0
100 0
101 1
46
148060
