2
524 335 73.913
524 68 64.4068
0 2
1 0
2 0
3 0
4 3
5 10
6 1
7 5
8 8
9 5
10 14
11 5
12 10
13 11
14 15
15 18
16 10
17 9
18 25
19 15
20 23
21 15
22 13
23 15
24 27
25 17
26 12
27 14
28 15
29 13
30 10
31 11
32 14
33 18
34 15
35 11
36 11
37 7
38 8
39 8
40 11
41 3
42 8
43 3
44 6
45 6
46 6
47 3
48 6
49 2
50 5
51 2
52 2
53 6
54 2
55 4
56 1
57 0
58 0
59 2
60 0
61 0
62 0
63 0
64 0
65 1
66 0
67 0
68 0
69 0
70 0
71 0
72 0
73 0
74 1
75 0
76 0
77 0
78 0
79 0
80 0
81 0
82 0
83 0
84 0
85 0
86 0
87 0
88 0
89 0
90 0
91 0
92 0
93 0
94 0
95 0
96 0
97 0
98 0
99 0
100 0
101 0
3
1253
