66
5219 5159 60.241
5219 5011 70.2703
5219 4909 61.5385
5219 4853 60
5219 4646 60.274
5219 4441 64.2857
5219 4346 63.8298
5219 4311 69.2308
5219 4226 66.6667
5219 4178 64.2857
5219 4166 64.5161
5219 4117 67.7419
5219 4068 64
5219 4030 81.4815
5219 4013 64.7887
5219 3976 61.0169
5219 3944 65.4545
5219 3907 62.6866
5219 3831 62.069
5219 3674 65.8537
5219 3532 60.5263
5219 3520 65.7143
5219 3460 71.875
5219 3404 64.6154
5219 3221 60.274
5219 3000 61.9048
5219 2991 61.8182
5219 2869 60.274
5219 2764 64.7059
5219 2630 66.6667
5219 2478 65.4545
5219 2450 61.9048
5219 2449 60
5219 2371 65.9091
5219 2227 63.0137
5219 2101 60.3175
5219 1893 60.6061
5219 1858 69.7674
5219 1833 62.3377
5219 1772 60
5219 1734 65.6716
5219 1699 63.8298
5219 1689 60.3774
5219 1608 63.1579
5219 1348 67.6923
5219 1307 61.8182
5219 1271 60
5219 1268 67.8571
5219 1245 65.5738
5219 1124 68.8525
5219 962 60.241
5219 850 63.1579
5219 849 71.2329
5219 838 62.5
5219 836 64.8649
5219 746 64.5161
5219 745 75
5219 626 65.7534
5219 583 66.6667
5219 563 60.7143
5219 436 62.8571
5219 371 70.8861
5219 271 60.6061
5219 213 66.6667
5219 187 62.5
5219 49 67.6471
0 0
1 0
2 0
3 0
4 16
5 15
6 10
7 26
8 73
9 52
10 35
11 45
12 64
13 93
14 72
15 99
16 107
17 116
18 99
19 113
20 151
21 143
22 139
23 141
24 166
25 185
26 144
27 144
28 156
29 141
30 227
31 151
32 147
33 174
34 174
35 109
36 146
37 134
38 106
39 87
40 174
41 52
42 72
43 92
44 83
45 81
46 59
47 62
48 74
49 49
50 89
51 32
52 33
53 29
54 37
55 26
56 29
57 24
58 22
59 19
60 18
61 11
62 6
63 6
64 6
65 8
66 8
67 4
68 4
69 1
70 2
71 2
72 2
73 0
74 0
75 1
76 0
77 0
78 0
79 0
80 0
81 0
82 1
83 0
84 0
85 0
86 0
87 0
88 0
89 0
90 0
91 0
92 0
93 0
94 0
95 0
96 0
97 0
98 0
99 0
100 0
101 0
53
153444
