131
5215 5127 61.0169
5215 5099 62.3377
5215 4874 74.1935
5215 4870 65.5738
5215 4607 65.7143
5215 4596 62.5
5215 4558 63.6364
5215 4525 66.6667
5215 4453 61.7284
5215 4436 69.3878
5215 4370 62.963
5215 4358 70.1754
5215 4283 63.3333
5215 4282 61.9048
5215 4276 63.4146
5215 4185 60
5215 4143 60.7143
5215 4104 61.3333
5215 4074 64.2857
5215 4061 65.2174
5215 4050 70.9677
5215 4040 61.3333
5215 4017 60.3774
5215 3990 67.6923
5215 3986 61.7647
5215 3969 65.625
5215 3934 64.6154
5215 3810 60
5215 3730 74.5763
5215 3669 72.7273
5215 3665 60.8696
5215 3605 60.241
5215 3577 68.1818
5215 3548 65.5738
5215 3415 60
5215 3401 65.3846
5215 3395 61.7647
5215 3293 62.3377
5215 3271 72.7273
5215 3264 60.274
5215 3160 65.1163
5215 3157 66.6667
5215 3148 62.5
5215 3132 61.5385
5215 3061 65.7534
5215 2967 76.1905
5215 2950 60.4651
5215 2948 64.1026
5215 2937 74.5098
5215 2908 68
5215 2814 65.1163
5215 2742 70.3704
5215 2729 64.6154
5215 2724 74.5098
5215 2652 62.069
5215 2624 66.6667
5215 2567 66.6667
5215 2554 65.3061
5215 2479 60.4651
5215 2475 60.3774
5215 2451 69.5652
5215 2440 63.1579
5215 2414 61.7647
5215 2325 64
5215 2279 70.3704
5215 2257 61.2245
5215 2256 65.5172
5215 2196 72.7273
5215 2191 61.0169
5215 2174 69.5652
5215 2169 64
5215 2067 68.6567
5215 2027 72.4138
5215 1949 64
5215 1925 64.7887
5215 1897 66.6667
5215 1853 62.6866
5215 1807 62.2222
5215 1723 63.4921
5215 1696 73.5294
5215 1693 61.5385
5215 1670 61.0169
5215 1641 62.2222
5215 1595 62.2951
5215 1575 61.9048
5215 1568 71.4286
5215 1503 61.5385
5215 1452 61.9718
5215 1445 60.3774
5215 1429 65.1163
5215 1361 63.3333
5215 1294 85.7143
5215 1288 63.6364
5215 1282 76.9231
5215 1276 69.697
5215 1216 64.1509
5215 1203 61.9718
5215 1066 62.2951
5215 1061 62.5
5215 1043 61.5385
5215 949 61.2245
5215 914 61.7647
5215 907 65.7895
5215 877 66.6667
5215 863 61.0169
5215 751 72.4138
5215 712 60
5215 634 68.2927
5215 627 70
5215 570 60.7143
5215 522 61.8182
5215 520 68.8525
5215 490 61.7284
5215 484 61.9718
5215 474 67.7419
5215 459 63.8889
5215 367 72.3404
5215 341 68.1818
5215 313 66.6667
5215 263 72.7273
5215 233 65.5172
5215 225 61.2245
5215 215 71.1864
5215 198 61.1111
5215 175 61.2245
5215 160 60.3774
5215 121 62.2951
5215 70 62.5
5215 55 65.5172
5215 15 62.963
5215 1 62.7451
0 2
1 0
2 0
3 1
4 12
5 34
6 4
7 2
8 15
9 22
10 54
11 35
12 39
13 44
14 91
15 74
16 62
17 64
18 67
19 97
20 118
21 78
22 119
23 134
24 164
25 137
26 103
27 136
28 176
29 137
30 164
31 108
32 146
33 177
34 153
35 152
36 143
37 155
38 144
39 119
40 197
41 123
42 117
43 99
44 131
45 116
46 86
47 88
48 108
49 76
50 82
51 31
52 62
53 56
54 46
55 45
56 37
57 24
58 34
59 26
60 21
61 11
62 27
63 16
64 11
65 6
66 15
67 7
68 3
69 5
70 5
71 4
72 2
73 7
74 1
75 4
76 0
77 2
78 0
79 0
80 0
81 0
82 0
83 0
84 0
85 0
86 1
87 0
88 0
89 0
90 0
91 0
92 0
93 0
94 0
95 0
96 0
97 0
98 0
99 0
100 0
101 0
54
153205
