140
5220 5217 61.6667
5220 5200 60.6061
5220 5143 63.1579
5220 5132 67.2269
5220 5107 62.7451
5220 5095 64.8649
5220 5074 60.7143
5220 5012 60
5220 5005 61.7284
5220 4982 62.6263
5220 4964 62.6087
5220 4947 64.4444
5220 4945 61.8557
5220 4943 61.8182
5220 4938 61.6822
5220 4917 69.5652
5220 4831 61.1111
5220 4800 66.6667
5220 4790 65.9574
5220 4737 64.8148
5220 4733 64.4444
5220 4657 62.8571
5220 4645 66.055
5220 4639 66.6667
5220 4549 60.8696
5220 4503 65.2632
5220 4501 60.7143
5220 4454 60.6061
5220 4175 65.3465
5220 4119 64.8148
5220 4106 64.2202
5220 4101 61.7021
5220 4094 63.7363
5220 4086 65.2174
5220 4083 61.6822
5220 4036 63.0631
5220 4024 62.069
5220 3980 63.0631
5220 3966 65.5172
5220 3908 61.2245
5220 3822 67.3913
5220 3814 60.7843
5220 3756 68.5714
5220 3670 64.9123
5220 3621 90.1961
5220 3619 60.241
5220 3587 66.6667
5220 3538 66.6667
5220 3487 60.177
5220 3443 60.7143
5220 3431 61.2245
5220 3416 60.3774
5220 3390 61.7021
5220 3291 65.1163
5220 3260 65.8824
5220 3250 63.2653
5220 3216 60.2151
5220 3191 61.3636
5220 3144 60.177
5220 3106 66.6667
5220 3104 61.1765
5220 3068 61.3861
5220 3065 62.7907
5220 3037 62.5
5220 2886 60.8696
5220 2846 60.7143
5220 2760 60.5505
5220 2733 67.3267
5220 2708 60
5220 2687 60.4167
5220 2656 60.7843
5220 2620 60
5220 2613 67.8261
5220 2568 61.8182
5220 2542 60.3774
5220 2528 63.0435
5220 2483 61.3861
5220 2382 67.2897
5220 2335 66.6667
5220 2249 62.963
5220 2228 60.8696
5220 2141 64.6465
5220 2128 62.9213
5220 2115 63.1579
5220 2111 60.1942
5220 2108 60.9524
5220 2062 67.7966
5220 2013 60
5220 2011 60
5220 1890 61.1111
5220 1829 61.6822
5220 1799 60.1942
5220 1790 63.3663
5220 1774 60.177
5220 1761 60
5220 1755 60.1942
5220 1713 66.6667
5220 1690 60.6061
5220 1543 60
5220 1521 64.1509
5220 1495 60
5220 1469 61.0526
5220 1453 62.9213
5220 1434 63.5514
5220 1285 66.6667
5220 1264 62.3656
5220 1257 64
5220 1206 62.3853
5220 1193 67.2897
5220 1114 62.2222
5220 1060 60.5505
5220 1048 60.7843
5220 974 61.0526
5220 947 64.5161
5220 903 63.7363
5220 797 60
5220 775 62.1359
5220 742 62.2642
5220 683 61.1765
5220 666 60.2151
5220 653 60.7595
5220 610 60.3774
5220 609 64.8148
5220 575 61.8557
5220 571 62.7451
5220 514 66.0377
5220 496 64.2857
5220 472 63.4615
5220 457 62.6087
5220 447 60
5220 429 64.1509
5220 391 61.6822
5220 382 60.8696
5220 223 61.8557
5220 210 70.4762
5220 172 61.3636
5220 171 61.8182
5220 156 60
5220 87 68.8172
5220 37 60
0 0
1 0
2 0
3 0
4 0
5 0
6 0
7 0
8 0
9 0
10 0
11 2
12 3
13 0
14 4
15 6
16 4
17 3
18 17
19 12
20 13
21 22
22 25
23 27
24 63
25 55
26 44
27 88
28 67
29 102
30 114
31 105
32 119
33 168
34 142
35 170
36 200
37 148
38 245
39 174
40 265
41 155
42 215
43 198
44 226
45 178
46 200
47 168
48 157
49 155
50 180
51 115
52 138
53 97
54 106
55 93
56 69
57 69
58 57
59 49
60 59
61 31
62 26
63 17
64 12
65 13
66 7
67 10
68 7
69 2
70 1
71 1
72 0
73 0
74 0
75 0
76 0
77 0
78 0
79 0
80 0
81 0
82 0
83 0
84 0
85 0
86 0
87 0
88 0
89 0
90 0
91 1
92 0
93 0
94 0
95 0
96 0
97 0
98 0
99 0
100 0
101 0
80
153524
