86
5316 5196 61.5385
5316 4887 66.6667
5316 4842 60.8696
5316 4676 60.2151
5316 4588 70.4225
5316 4522 60.9756
5316 4487 64.5161
5316 4472 67.9245
5316 4445 64.7059
5316 4245 62.1622
5316 4212 61.0169
5316 4198 60.8696
5316 4184 60
5316 4177 60
5316 4087 66.6667
5316 4066 65.4545
5316 3922 64.1026
5316 3873 65.3061
5316 3834 60.3175
5316 3807 63.8298
5316 3724 63.7681
5316 3711 60.3774
5316 3639 60
5316 3608 61.5385
5316 3553 65.8228
5316 3519 69.2308
5316 3483 62.2222
5316 3409 61.5385
5316 3380 62.7451
5316 3279 67.8571
5316 3253 66.6667
5316 3226 61.2903
5316 2953 62.8571
5316 2910 61.1111
5316 2906 60.274
5316 2895 67.5676
5316 2868 64.7059
5316 2828 69.3878
5316 2824 65.7895
5316 2795 64.8649
5316 2773 60
5316 2679 67.6471
5316 2550 67.6923
5316 2517 61.0169
5316 2499 62.5
5316 2470 60.3774
5316 2442 65.4545
5316 2363 67.8571
5316 2288 60.7595
5316 2238 61.2245
5316 2124 62.6866
5316 2114 64.2857
5316 2059 68
5316 2057 72.973
5316 2028 70.5882
5316 2012 61.8182
5316 1920 61.5385
5316 1859 60.6061
5316 1836 75.8621
5316 1763 65.0602
5316 1722 73.5294
5316 1579 60.3175
5316 1533 62.069
5316 1275 62.1622
5316 1237 67.5676
5316 1159 67.7419
5316 1148 61.8182
5316 1144 62.6866
5316 1132 62.2951
5316 1062 61.1111
5316 1037 60.7143
5316 987 61.5385
5316 943 62.6866
5316 698 62.963
5316 664 60.7143
5316 545 62.2951
5316 431 68.6567
5316 409 65.7895
5316 368 62.2951
5316 325 69.8413
5316 278 68.0851
5316 261 61.8182
5316 214 90.1961
5316 197 70.5882
5316 145 61.5385
5316 62 61.5385
0 1
1 0
2 0
3 0
4 9
5 19
6 8
7 13
8 39
9 39
10 31
11 29
12 42
13 45
14 83
15 65
16 84
17 70
18 142
19 116
20 146
21 81
22 178
23 142
24 144
25 155
26 97
27 187
28 162
29 153
30 178
31 135
32 185
33 146
34 111
35 160
36 194
37 121
38 131
39 111
40 175
41 88
42 118
43 116
44 126
45 91
46 94
47 77
48 91
49 56
50 93
51 43
52 47
53 36
54 47
55 46
56 29
57 35
58 30
59 19
60 24
61 13
62 16
63 14
64 2
65 6
66 7
67 3
68 9
69 2
70 3
71 3
72 0
73 1
74 1
75 0
76 1
77 0
78 0
79 0
80 0
81 0
82 0
83 0
84 0
85 0
86 0
87 0
88 0
89 0
90 0
91 1
92 0
93 0
94 0
95 0
96 0
97 0
98 0
99 0
100 0
101 0
53
159508
