5
567 351 61.5385
567 281 60.6061
567 201 60.6061
567 93 71.4286
567 35 65.1163
0 0
1 0
2 0
3 0
4 0
5 1
6 1
7 1
8 1
9 1
10 3
11 4
12 11
13 11
14 7
15 6
16 11
17 14
18 11
19 10
20 19
21 8
22 15
23 17
24 17
25 27
26 17
27 11
28 20
29 20
30 19
31 16
32 9
33 15
34 20
35 14
36 21
37 14
38 16
39 15
40 20
41 5
42 13
43 15
44 15
45 5
46 8
47 3
48 9
49 8
50 5
51 2
52 6
53 4
54 5
55 3
56 5
57 3
58 2
59 1
60 1
61 2
62 1
63 0
64 0
65 0
66 1
67 0
68 0
69 0
70 0
71 0
72 1
73 0
74 0
75 0
76 0
77 0
78 0
79 0
80 0
81 0
82 0
83 0
84 0
85 0
86 0
87 0
88 0
89 0
90 0
91 0
92 0
93 0
94 0
95 0
96 0
97 0
98 0
99 0
100 0
101 0
4
1492
