54
748 718 63.6364
748 707 61.9469
748 702 61.8557
748 699 60.1942
748 685 61.0526
748 681 67.4699
748 620 61.0526
748 615 60
748 614 72.7273
748 610 61.5385
748 608 71.028
748 601 63.6364
748 598 63.4146
748 571 70
748 570 68.3544
748 556 68.0851
748 553 64.6465
748 549 60
748 548 63.8889
748 518 62.8571
748 506 71.4286
748 478 62.7451
748 477 61.3636
748 465 67.4157
748 454 61.5385
748 432 63.1579
748 429 61.5385
748 372 60.2151
748 366 60.1942
748 332 64.1509
748 317 63.6364
748 315 73.0769
748 309 65.8537
748 296 65.3061
748 270 66.6667
748 264 66.0194
748 251 70
748 230 62.3377
748 217 62
748 209 64.5833
748 181 62.6506
748 173 64.1975
748 157 67.3913
748 152 62.1359
748 140 63.8298
748 121 66.6667
748 119 60
748 106 61.1765
748 100 66.0194
748 94 65.3465
748 62 60.6061
748 32 61.6822
748 14 62.3656
748 8 69.6629
0 0
1 0
2 0
3 0
4 0
5 0
6 0
7 0
8 0
9 0
10 0
11 0
12 0
13 2
14 0
15 1
16 0
17 2
18 3
19 4
20 3
21 1
22 5
23 1
24 5
25 11
26 6
27 11
28 11
29 17
30 15
31 17
32 11
33 12
34 19
35 22
36 26
37 17
38 14
39 27
40 33
41 23
42 25
43 26
44 22
45 35
46 19
47 34
48 32
49 20
50 17
51 16
52 22
53 15
54 28
55 17
56 8
57 12
58 11
59 6
60 12
61 4
62 11
63 6
64 7
65 4
66 3
67 4
68 3
69 2
70 3
71 0
72 2
73 1
74 1
75 0
76 0
77 0
78 0
79 0
80 0
81 0
82 0
83 0
84 0
85 0
86 0
87 0
88 0
89 0
90 0
91 0
92 0
93 0
94 0
95 0
96 0
97 0
98 0
99 0
100 0
101 0
8
2765
