3
81 48 66.6667
81 30 61.5385
81 27 63.6364
0 0
1 0
2 0
3 0
4 0
5 0
6 0
7 0
8 0
9 0
10 0
11 2
12 1
13 1
14 0
15 0
16 1
17 1
18 0
19 0
20 2
21 0
22 5
23 1
24 1
25 1
26 4
27 3
28 2
29 2
30 3
31 2
32 1
33 2
34 2
35 3
36 2
37 4
38 3
39 1
40 3
41 3
42 2
43 4
44 1
45 4
46 1
47 0
48 2
49 0
50 3
51 0
52 1
53 1
54 1
55 0
56 1
57 0
58 0
59 0
60 0
61 0
62 1
63 0
64 1
65 0
66 0
67 1
68 0
69 0
70 0
71 0
72 0
73 0
74 0
75 0
76 0
77 0
78 0
79 0
80 0
81 0
82 0
83 0
84 0
85 0
86 0
87 0
88 0
89 0
90 0
91 0
92 0
93 0
94 0
95 0
96 0
97 0
98 0
99 0
100 0
101 0
0
0
