15
820 732 61.9048
820 697 69.2308
820 667 64.7059
820 522 65.3846
820 427 65.1163
820 331 60
820 275 71.4286
820 195 60.3774
820 179 60.274
820 172 63.3333
820 102 71.1111
820 85 65
820 44 60
820 15 62.7451
820 8 63.4921
0 0
1 0
2 0
3 0
4 0
5 0
6 1
7 0
8 0
9 1
10 1
11 1
12 1
13 1
14 1
15 1
16 4
17 1
18 5
19 6
20 11
21 11
22 7
23 10
24 12
25 21
26 13
27 15
28 26
29 16
30 25
31 18
32 24
33 17
34 28
35 38
36 29
37 26
38 32
39 32
40 37
41 19
42 26
43 34
44 37
45 21
46 20
47 24
48 21
49 21
50 25
51 8
52 19
53 10
54 12
55 9
56 4
57 10
58 5
59 6
60 3
61 2
62 1
63 1
64 2
65 2
66 2
67 0
68 0
69 0
70 1
71 0
72 2
73 0
74 0
75 0
76 0
77 0
78 0
79 0
80 0
81 0
82 0
83 0
84 0
85 0
86 0
87 0
88 0
89 0
90 0
91 0
92 0
93 0
94 0
95 0
96 0
97 0
98 0
99 0
100 0
101 0
9
3352
