26
899 852 65.1163
899 815 66.6667
899 796 74.0741
899 748 61.1765
899 718 61.3333
899 711 60.3175
899 674 67.5
899 649 65.7895
899 632 65.625
899 599 65.7534
899 592 61.0526
899 558 66.6667
899 518 60.8696
899 386 69.5652
899 312 61.7284
899 296 61.1765
899 276 73.8095
899 273 65.2632
899 209 60.241
899 181 62.8571
899 153 60.9756
899 117 64.5161
899 96 61.7284
899 73 62.2951
899 28 60
899 11 71.875
0 0
1 0
2 0
3 0
4 1
5 0
6 0
7 0
8 1
9 0
10 1
11 0
12 5
13 3
14 3
15 8
16 7
17 2
18 4
19 7
20 7
21 9
22 22
23 14
24 19
25 22
26 22
27 14
28 12
29 27
30 19
31 30
32 35
33 26
34 36
35 38
36 13
37 42
38 31
39 18
40 28
41 29
42 20
43 18
44 20
45 26
46 27
47 22
48 18
49 12
50 23
51 14
52 19
53 15
54 5
55 17
56 20
57 17
58 8
59 9
60 8
61 4
62 6
63 2
64 0
65 1
66 5
67 2
68 1
69 0
70 1
71 0
72 1
73 0
74 1
75 1
76 0
77 0
78 0
79 0
80 0
81 0
82 0
83 0
84 0
85 0
86 0
87 0
88 0
89 0
90 0
91 0
92 0
93 0
94 0
95 0
96 0
97 0
98 0
99 0
100 0
101 0
10
4062
