14
934 911 68.2927
934 633 60
934 577 61.9048
934 572 66.6667
934 522 61.5385
934 374 60.7143
934 368 60.7143
934 365 61.8182
934 353 63.4146
934 175 65.2174
934 172 63.3333
934 109 63.1579
934 64 66.6667
934 52 63.1579
0 0
1 0
2 0
3 0
4 0
5 1
6 1
7 0
8 0
9 1
10 1
11 1
12 0
13 0
14 2
15 3
16 4
17 3
18 4
19 4
20 12
21 11
22 7
23 15
24 20
25 20
26 16
27 17
28 19
29 11
30 37
31 27
32 40
33 21
34 35
35 47
36 29
37 16
38 34
39 43
40 49
41 14
42 32
43 39
44 29
45 28
46 27
47 32
48 28
49 18
50 23
51 10
52 15
53 8
54 13
55 14
56 3
57 6
58 16
59 8
60 6
61 2
62 3
63 0
64 4
65 0
66 1
67 2
68 0
69 1
70 0
71 0
72 0
73 0
74 0
75 0
76 0
77 0
78 0
79 0
80 0
81 0
82 0
83 0
84 0
85 0
86 0
87 0
88 0
89 0
90 0
91 0
92 0
93 0
94 0
95 0
96 0
97 0
98 0
99 0
100 0
101 0
9
4401
