14
1066 1022 66.6667
1066 1010 72.2222
1066 919 70
1066 863 70.5882
1066 520 62.8571
1066 474 70.4225
1066 359 63.0137
1066 350 60.8696
1066 316 60
1066 170 61.8182
1066 168 60.3175
1066 115 60
1066 98 65.9341
1066 25 64.6154
0 0
1 0
2 0
3 1
4 8
5 1
6 4
7 7
8 19
9 5
10 10
11 11
12 23
13 12
14 14
15 20
16 26
17 15
18 14
19 28
20 31
21 21
22 22
23 24
24 33
25 29
26 29
27 25
28 47
29 34
30 29
31 22
32 35
33 34
34 27
35 29
36 32
37 25
38 36
39 17
40 26
41 19
42 21
43 20
44 18
45 22
46 14
47 9
48 18
49 10
50 18
51 6
52 7
53 5
54 8
55 6
56 8
57 7
58 6
59 3
60 3
61 2
62 1
63 1
64 1
65 1
66 1
67 1
68 0
69 0
70 1
71 2
72 0
73 1
74 0
75 0
76 0
77 0
78 0
79 0
80 0
81 0
82 0
83 0
84 0
85 0
86 0
87 0
88 0
89 0
90 0
91 0
92 0
93 0
94 0
95 0
96 0
97 0
98 0
99 0
100 0
101 0
13
5820
