6
1422 1083 60
1422 944 60.7595
1422 638 60.9756
1422 558 61.9718
1422 319 64.4444
1422 50 66.6667
0 5
1 0
2 0
3 4
4 17
5 4
6 10
7 27
8 15
9 21
10 30
11 46
12 24
13 40
14 44
15 48
16 50
17 65
18 53
19 46
20 35
21 36
22 56
23 27
24 35
25 51
26 45
27 40
28 53
29 43
30 39
31 25
32 40
33 32
34 25
35 35
36 28
37 21
38 22
39 20
40 28
41 11
42 13
43 19
44 11
45 15
46 5
47 6
48 6
49 6
50 8
51 3
52 3
53 4
54 3
55 5
56 1
57 4
58 2
59 2
60 4
61 2
62 1
63 0
64 0
65 1
66 0
67 1
68 0
69 0
70 0
71 0
72 0
73 0
74 0
75 0
76 0
77 0
78 0
79 0
80 0
81 0
82 0
83 0
84 0
85 0
86 0
87 0
88 0
89 0
90 0
91 0
92 0
93 0
94 0
95 0
96 0
97 0
98 0
99 0
100 0
101 0
16
10633
