24
1405 1396 64.3678
1405 1372 64.7619
1405 1350 64.0777
1405 1220 66.6667
1405 1206 66.0714
1405 1121 60.7143
1405 1074 68.8172
1405 1048 60.9524
1405 1047 65.9091
1405 1018 63.4146
1405 1000 63.5514
1405 879 64
1405 856 64.2202
1405 808 61.3861
1405 773 60.7843
1405 703 65.9794
1405 485 63.6364
1405 395 67.8899
1405 352 66.6667
1405 162 64.9123
1405 103 62.6263
1405 88 62.9213
1405 69 76.4706
1405 18 60
0 0
1 0
2 0
3 0
4 0
5 0
6 1
7 0
8 0
9 5
10 1
11 3
12 3
13 8
14 9
15 10
16 11
17 23
18 14
19 13
20 35
21 17
22 24
23 27
24 41
25 37
26 49
27 35
28 49
29 55
30 47
31 44
32 51
33 34
34 51
35 55
36 41
37 48
38 31
39 48
40 49
41 34
42 37
43 42
44 31
45 30
46 31
47 29
48 23
49 27
50 19
51 12
52 13
53 11
54 14
55 18
56 14
57 9
58 9
59 6
60 3
61 3
62 1
63 2
64 4
65 5
66 2
67 3
68 1
69 1
70 0
71 0
72 0
73 0
74 0
75 0
76 0
77 1
78 0
79 0
80 0
81 0
82 0
83 0
84 0
85 0
86 0
87 0
88 0
89 0
90 0
91 0
92 0
93 0
94 0
95 0
96 0
97 0
98 0
99 0
100 0
101 0
17
10362
