5
1429 1294 60
1429 634 62.5
1429 577 61.1111
1429 282 61.2245
1429 215 64
0 0
1 0
2 0
3 0
4 1
5 2
6 8
7 7
8 9
9 15
10 17
11 13
12 35
13 25
14 21
15 33
16 41
17 42
18 52
19 36
20 50
21 24
22 56
23 49
24 54
25 60
26 22
27 42
28 56
29 47
30 62
31 42
32 49
33 35
34 37
35 45
36 45
37 22
38 28
39 26
40 49
41 11
42 16
43 20
44 18
45 16
46 12
47 8
48 6
49 9
50 7
51 1
52 10
53 9
54 3
55 8
56 2
57 2
58 4
59 3
60 2
61 0
62 2
63 1
64 1
65 0
66 0
67 0
68 0
69 0
70 0
71 0
72 0
73 0
74 0
75 0
76 0
77 0
78 0
79 0
80 0
81 0
82 0
83 0
84 0
85 0
86 0
87 0
88 0
89 0
90 0
91 0
92 0
93 0
94 0
95 0
96 0
97 0
98 0
99 0
100 0
101 0
16
10746
