40
1538 1469 62.5
1538 1395 61.7647
1538 1378 62.6263
1538 1366 60.8696
1538 1327 65.2632
1538 1302 73.5294
1538 1269 69.1358
1538 1204 65.9091
1538 1093 66.6667
1538 1073 63.7681
1538 1039 65.7895
1538 1002 64.1975
1538 966 60
1538 960 69.8413
1538 917 63.0435
1538 882 67.6923
1538 874 64
1538 833 65
1538 800 62.5
1538 761 63.1579
1538 747 63.3333
1538 727 68.1818
1538 723 60.2151
1538 711 63.4921
1538 686 61.7647
1538 644 66.6667
1538 584 69.3333
1538 535 64
1538 505 66.6667
1538 493 63.1579
1538 413 60
1538 412 62.8571
1538 411 63.3333
1538 373 60.274
1538 162 62.5
1538 151 60
1538 110 66.6667
1538 80 69.0476
1538 79 70.5882
1538 47 72
0 0
1 0
2 0
3 0
4 1
5 0
6 0
7 2
8 7
9 1
10 3
11 8
12 9
13 4
14 7
15 12
16 19
17 17
18 24
19 24
20 27
21 19
22 34
23 28
24 40
25 37
26 39
27 31
28 40
29 39
30 37
31 49
32 45
33 43
34 56
35 47
36 36
37 67
38 53
39 36
40 69
41 26
42 40
43 35
44 42
45 31
46 22
47 26
48 39
49 22
50 36
51 19
52 19
53 21
54 21
55 19
56 22
57 11
58 16
59 12
60 11
61 3
62 2
63 5
64 9
65 2
66 3
67 4
68 1
69 1
70 4
71 1
72 1
73 0
74 1
75 0
76 0
77 0
78 0
79 0
80 0
81 0
82 0
83 0
84 0
85 0
86 0
87 0
88 0
89 0
90 0
91 0
92 0
93 0
94 0
95 0
96 0
97 0
98 0
99 0
100 0
101 0
18
12512
