15
1503 1408 64.2857
1503 1348 66.6667
1503 1294 64.5161
1503 1228 64.7059
1503 995 61.1111
1503 910 67.7419
1503 746 60.8696
1503 741 62.5
1503 652 63.1579
1503 627 60.274
1503 574 62.069
1503 498 63.1579
1503 371 62.7907
1503 132 62.5
1503 33 64.5833
0 0
1 0
2 0
3 1
4 8
5 2
6 3
7 9
8 10
9 6
10 14
11 30
12 14
13 14
14 25
15 45
16 19
17 21
18 44
19 31
20 37
21 29
22 33
23 49
24 50
25 50
26 49
27 32
28 42
29 53
30 63
31 36
32 46
33 45
34 29
35 44
36 46
37 28
38 47
39 35
40 47
41 19
42 43
43 25
44 26
45 28
46 13
47 25
48 13
49 13
50 23
51 7
52 9
53 15
54 7
55 8
56 7
57 4
58 5
59 7
60 4
61 2
62 1
63 4
64 2
65 4
66 0
67 1
68 1
69 0
70 0
71 0
72 0
73 0
74 0
75 0
76 0
77 0
78 0
79 0
80 0
81 0
82 0
83 0
84 0
85 0
86 0
87 0
88 0
89 0
90 0
91 0
92 0
93 0
94 0
95 0
96 0
97 0
98 0
99 0
100 0
101 0
17
11931
