9
1649 1432 60.6061
1649 1261 68.75
1649 1125 63.1579
1649 760 66.6667
1649 633 60.4651
1649 374 61.2245
1649 300 61.1111
1649 89 61.2245
1649 71 61.2245
0 1
1 0
2 0
3 0
4 1
5 2
6 3
7 5
8 2
9 5
10 4
11 12
12 14
13 17
14 16
15 14
16 19
17 24
18 42
19 40
20 42
21 32
22 37
23 44
24 50
25 92
26 55
27 57
28 68
29 50
30 63
31 69
32 81
33 43
34 43
35 57
36 46
37 42
38 45
39 42
40 53
41 16
42 34
43 33
44 30
45 26
46 24
47 23
48 18
49 21
50 18
51 3
52 19
53 8
54 8
55 8
56 4
57 8
58 3
59 3
60 0
61 2
62 4
63 0
64 1
65 0
66 0
67 1
68 0
69 1
70 0
71 0
72 0
73 0
74 0
75 0
76 0
77 0
78 0
79 0
80 0
81 0
82 0
83 0
84 0
85 0
86 0
87 0
88 0
89 0
90 0
91 0
92 0
93 0
94 0
95 0
96 0
97 0
98 0
99 0
100 0
101 0
17
14457
