41
1632 1617 60.5263
1632 1576 61.7284
1632 1567 62.2951
1632 1557 60
1632 1546 66.6667
1632 1501 62.6866
1632 1469 62.6506
1632 1336 65.9341
1632 1327 63.2653
1632 1237 65.8824
1632 1174 68.5714
1632 1132 69.4444
1632 1099 69.4444
1632 1064 66.6667
1632 1062 62.6506
1632 1002 64.2857
1632 987 63.1579
1632 945 65.7143
1632 897 71.6418
1632 870 60.8696
1632 824 61.5385
1632 668 64.3678
1632 644 61.5385
1632 603 60.9756
1632 602 76.4706
1632 593 64.5161
1632 547 60
1632 545 63.8889
1632 505 66.6667
1632 408 62.3377
1632 407 71.9101
1632 362 64.9351
1632 346 65.7143
1632 261 60.6061
1632 240 62.2951
1632 152 64.5161
1632 124 60.3175
1632 112 67.4699
1632 80 66.6667
1632 62 60.6742
1632 43 61.3333
0 0
1 0
2 0
3 0
4 1
5 0
6 0
7 0
8 1
9 0
10 1
11 16
12 3
13 10
14 9
15 23
16 13
17 19
18 23
19 19
20 30
21 30
22 37
23 31
24 27
25 42
26 37
27 33
28 41
29 46
30 66
31 36
32 67
33 59
34 43
35 45
36 71
37 41
38 54
39 58
40 51
41 27
42 37
43 45
44 38
45 43
46 33
47 28
48 23
49 35
50 39
51 29
52 26
53 13
54 29
55 14
56 14
57 11
58 6
59 9
60 10
61 6
62 4
63 6
64 3
65 5
66 4
67 4
68 1
69 1
70 2
71 0
72 2
73 0
74 0
75 0
76 0
77 1
78 0
79 0
80 0
81 0
82 0
83 0
84 0
85 0
86 0
87 0
88 0
89 0
90 0
91 0
92 0
93 0
94 0
95 0
96 0
97 0
98 0
99 0
100 0
101 0
19
14158
