32
1948 1943 70.5882
1948 1877 68.8889
1948 1783 64.2202
1948 1751 62.3656
1948 1627 64.4444
1948 1513 62.1622
1948 1497 60.7843
1948 1480 70
1948 1477 66.6667
1948 1378 63.6364
1948 1377 61.5385
1948 1246 67.9612
1948 1158 61.4035
1948 1113 60
1948 1020 66.6667
1948 979 73.3333
1948 978 67.9612
1948 967 65.1685
1948 831 66.6667
1948 798 68.6275
1948 797 64.5833
1948 685 62.3656
1948 648 64.1026
1948 614 62.963
1948 557 61.5385
1948 478 66
1948 399 61.7284
1948 372 65.9341
1948 323 61.2245
1948 285 61.0526
1948 234 60.5263
1948 96 60.8696
0 0
1 0
2 0
3 1
4 2
5 1
6 3
7 7
8 2
9 3
10 19
11 5
12 12
13 25
14 13
15 17
16 39
17 21
18 33
19 39
20 39
21 36
22 61
23 40
24 48
25 59
26 50
27 62
28 68
29 68
30 61
31 54
32 75
33 59
34 63
35 58
36 43
37 54
38 61
39 37
40 75
41 40
42 44
43 55
44 36
45 32
46 42
47 28
48 33
49 30
50 33
51 11
52 20
53 20
54 16
55 16
56 11
57 12
58 10
59 6
60 8
61 3
62 6
63 4
64 1
65 4
66 3
67 3
68 2
69 2
70 1
71 1
72 0
73 0
74 1
75 0
76 0
77 0
78 0
79 0
80 0
81 0
82 0
83 0
84 0
85 0
86 0
87 0
88 0
89 0
90 0
91 0
92 0
93 0
94 0
95 0
96 0
97 0
98 0
99 0
100 0
101 0
23
20393
