51
1939 1936 61.5385
1939 1917 62.5
1939 1913 61.5385
1939 1905 71.0526
1939 1892 61.8182
1939 1821 60.274
1939 1795 64.8649
1939 1793 61.5385
1939 1786 62.1622
1939 1771 66.6667
1939 1726 60
1939 1686 62.5
1939 1667 60.241
1939 1652 65.0602
1939 1606 65.625
1939 1571 68.2927
1939 1508 63.6364
1939 1457 63.6364
1939 1441 62.963
1939 1396 61.7647
1939 1270 64.7887
1939 1262 60.6061
1939 1249 72.4638
1939 1247 61.5385
1939 1065 64.6154
1939 1060 62.3656
1939 1047 66.6667
1939 1003 64.6154
1939 1000 63.6364
1939 968 65.7143
1939 963 65.1163
1939 869 63.7681
1939 860 60
1939 843 66.6667
1939 765 61.0169
1939 763 64.1509
1939 753 71.6049
1939 684 80.6452
1939 624 62.069
1939 579 66.6667
1939 575 61.7284
1939 443 65.4545
1939 417 61.8182
1939 395 66.6667
1939 352 62.3377
1939 294 61.7647
1939 182 65.5738
1939 88 65.7143
1939 78 62.2222
1939 69 60.241
1939 44 61.5385
0 0
1 0
2 0
3 0
4 0
5 1
6 0
7 3
8 5
9 2
10 2
11 6
12 17
13 7
14 10
15 12
16 32
17 16
18 27
19 46
20 34
21 21
22 35
23 37
24 39
25 47
26 47
27 61
28 45
29 51
30 61
31 50
32 83
33 45
34 56
35 66
36 80
37 55
38 67
39 56
40 61
41 37
42 45
43 47
44 49
45 48
46 42
47 22
48 41
49 28
50 42
51 24
52 37
53 27
54 18
55 22
56 17
57 10
58 24
59 14
60 12
61 4
62 11
63 8
64 4
65 5
66 7
67 5
68 0
69 1
70 0
71 0
72 2
73 1
74 0
75 0
76 0
77 0
78 0
79 0
80 0
81 1
82 0
83 0
84 0
85 0
86 0
87 0
88 0
89 0
90 0
91 0
92 0
93 0
94 0
95 0
96 0
97 0
98 0
99 0
100 0
101 0
23
20194
