5
207 179 65.3061
207 148 64.1975
207 92 60.8696
207 52 60.9756
207 22 61.7284
0 0
1 0
2 0
3 0
4 0
5 0
6 0
7 0
8 0
9 0
10 0
11 0
12 0
13 0
14 0
15 1
16 2
17 0
18 0
19 1
20 0
21 0
22 4
23 2
24 2
25 7
26 5
27 6
28 5
29 8
30 4
31 8
32 7
33 2
34 4
35 2
36 9
37 9
38 7
39 5
40 9
41 4
42 10
43 6
44 10
45 2
46 7
47 7
48 5
49 2
50 5
51 4
52 5
53 2
54 4
55 5
56 4
57 5
58 4
59 0
60 1
61 2
62 1
63 0
64 0
65 1
66 1
67 0
68 0
69 0
70 0
71 0
72 0
73 0
74 0
75 0
76 0
77 0
78 0
79 0
80 0
81 0
82 0
83 0
84 0
85 0
86 0
87 0
88 0
89 0
90 0
91 0
92 0
93 0
94 0
95 0
96 0
97 0
98 0
99 0
100 0
101 0
2
135
