51
2240 2188 61.2903
2240 2174 63.2911
2240 2161 75.8621
2240 2129 62.6506
2240 1925 71.6049
2240 1807 65.4545
2240 1755 65.9091
2240 1648 75.7576
2240 1647 61.5385
2240 1638 67.6056
2240 1619 61.3636
2240 1604 60.4651
2240 1603 63.5294
2240 1536 62.3377
2240 1490 61.1111
2240 1456 60.6061
2240 1361 71.4286
2240 1331 63.2911
2240 1276 65.7895
2240 1095 71.1111
2240 1067 61.9718
2240 1035 60
2240 1016 61.3333
2240 1004 65.9574
2240 964 63.4921
2240 951 60.3175
2240 938 67.6056
2240 822 60.4651
2240 787 75.3247
2240 769 60.6061
2240 670 72.973
2240 666 61.5385
2240 630 60.3175
2240 620 60.9756
2240 588 66.6667
2240 523 60.6061
2240 490 63.7363
2240 476 62.3656
2240 470 65
2240 459 60.9756
2240 410 65.4545
2240 374 63.7681
2240 349 65.9091
2240 343 60
2240 313 63.2911
2240 247 64.1509
2240 233 70.5882
2240 227 62.7907
2240 190 61.1765
2240 175 61.0169
2240 160 69.8413
0 0
1 0
2 0
3 0
4 2
5 1
6 1
7 2
8 13
9 1
10 5
11 13
12 16
13 2
14 12
15 30
16 40
17 20
18 30
19 41
20 62
21 36
22 54
23 42
24 58
25 68
26 64
27 65
28 76
29 54
30 84
31 66
32 62
33 54
34 71
35 69
36 47
37 64
38 86
39 68
40 58
41 50
42 48
43 35
44 70
45 48
46 60
47 37
48 44
49 35
50 43
51 22
52 29
53 20
54 23
55 23
56 17
57 8
58 17
59 18
60 6
61 9
62 9
63 4
64 7
65 2
66 6
67 1
68 2
69 0
70 1
71 1
72 3
73 1
74 0
75 0
76 3
77 0
78 0
79 0
80 0
81 0
82 0
83 0
84 0
85 0
86 0
87 0
88 0
89 0
90 0
91 0
92 0
93 0
94 0
95 0
96 0
97 0
98 0
99 0
100 0
101 0
26
27224
