25
2201 2160 63.7681
2201 2015 65.4545
2201 1912 62.5
2201 1900 60
2201 1778 62.5
2201 1751 61.3333
2201 1619 61.7284
2201 1618 60.6061
2201 1331 61.1111
2201 1289 60.3774
2201 1233 67.6471
2201 1138 63.1579
2201 1115 61.2245
2201 1054 60.7143
2201 781 64.1975
2201 776 70.8333
2201 721 60.3175
2201 670 62.6866
2201 598 61.2903
2201 581 63.8889
2201 577 66.6667
2201 449 61.2903
2201 421 62.8571
2201 234 62.069
2201 17 60
0 1
1 0
2 0
3 0
4 1
5 5
6 2
7 5
8 9
9 12
10 21
11 6
12 17
13 23
14 31
15 16
16 32
17 42
18 53
19 38
20 68
21 48
22 71
23 65
24 52
25 77
26 52
27 83
28 68
29 76
30 77
31 74
32 80
33 56
34 68
35 54
36 62
37 58
38 66
39 65
40 82
41 48
42 46
43 52
44 36
45 39
46 34
47 33
48 22
49 21
50 39
51 9
52 14
53 8
54 19
55 9
56 8
57 4
58 12
59 4
60 4
61 4
62 6
63 5
64 3
65 1
66 1
67 1
68 1
69 0
70 0
71 1
72 0
73 0
74 0
75 0
76 0
77 0
78 0
79 0
80 0
81 0
82 0
83 0
84 0
85 0
86 0
87 0
88 0
89 0
90 0
91 0
92 0
93 0
94 0
95 0
96 0
97 0
98 0
99 0
100 0
101 0
27
26248
