48
2342 2330 68
2342 2145 60.8696
2342 2107 73.4694
2342 2076 66.6667
2342 1982 65.4545
2342 1923 62.069
2342 1908 60.3774
2342 1753 65.3846
2342 1721 70
2342 1720 71.7949
2342 1712 63.4146
2342 1711 61.2245
2342 1681 66.6667
2342 1468 67.9245
2342 1433 68
2342 1413 63.4146
2342 1407 62.5
2342 1388 66.6667
2342 1353 66.6667
2342 1263 65.3061
2342 1150 63.6364
2342 1149 66.6667
2342 1142 61.5385
2342 1093 62.2222
2342 1063 70.2703
2342 1035 65.4545
2342 1025 68.1818
2342 964 66.6667
2342 882 60
2342 872 61.5385
2342 806 66.6667
2342 690 66.6667
2342 686 67.9245
2342 663 66.6667
2342 632 61.2245
2342 590 60.4651
2342 584 63.3333
2342 504 63.1579
2342 497 62.2222
2342 491 61.2245
2342 460 60
2342 411 62.2222
2342 333 60
2342 222 62.2222
2342 203 61.5385
2342 135 66.6667
2342 95 60.4651
2342 4 64
0 0
1 0
2 0
3 0
4 0
5 0
6 1
7 1
8 4
9 3
10 7
11 11
12 7
13 2
14 14
15 25
16 31
17 24
18 26
19 33
20 50
21 33
22 49
23 45
24 49
25 57
26 37
27 69
28 76
29 53
30 95
31 43
32 87
33 86
34 82
35 83
36 79
37 73
38 53
39 76
40 94
41 49
42 66
43 59
44 72
45 69
46 54
47 43
48 53
49 37
50 65
51 16
52 28
53 30
54 18
55 18
56 18
57 13
58 11
59 7
60 12
61 4
62 6
63 6
64 6
65 0
66 4
67 10
68 4
69 1
70 1
71 1
72 1
73 0
74 1
75 0
76 0
77 0
78 0
79 0
80 0
81 0
82 0
83 0
84 0
85 0
86 0
87 0
88 0
89 0
90 0
91 0
92 0
93 0
94 0
95 0
96 0
97 0
98 0
99 0
100 0
101 0
24
29791
