19
2527 2523 75
2527 2226 60
2527 2078 60.8696
2527 1990 61.1111
2527 1974 64.7059
2527 1900 62.5
2527 1657 66.6667
2527 1532 66.6667
2527 1430 68.75
2527 1413 64.8649
2527 1205 66.6667
2527 1149 73.6842
2527 984 66.6667
2527 964 63.6364
2527 872 68.5714
2527 410 66.6667
2527 262 76.4706
2527 129 65.1163
2527 30 61.1111
0 0
1 0
2 0
3 0
4 2
5 2
6 9
7 8
8 8
9 13
10 17
11 20
12 42
13 24
14 30
15 52
16 45
17 32
18 83
19 53
20 76
21 42
22 81
23 89
24 81
25 119
26 48
27 78
28 118
29 77
30 107
31 84
32 87
33 63
34 75
35 99
36 79
37 55
38 65
39 60
40 105
41 28
42 53
43 37
44 40
45 30
46 22
47 20
48 31
49 18
50 24
51 2
52 18
53 9
54 12
55 8
56 7
57 7
58 8
59 3
60 3
61 1
62 2
63 1
64 1
65 2
66 1
67 5
68 0
69 2
70 0
71 0
72 0
73 0
74 1
75 1
76 0
77 1
78 0
79 0
80 0
81 0
82 0
83 0
84 0
85 0
86 0
87 0
88 0
89 0
90 0
91 0
92 0
93 0
94 0
95 0
96 0
97 0
98 0
99 0
100 0
101 0
25
34813
