29
2536 2477 63.4146
2536 2262 63.6364
2536 2254 62.5
2536 2165 63.4146
2536 2099 63.6364
2536 2042 60.4651
2536 1715 70.5882
2536 1685 60
2536 1661 63.1579
2536 1507 72.7273
2536 1190 61.1111
2536 1039 62.6506
2536 1002 61.3636
2536 966 68.0412
2536 882 61.1111
2536 862 61.0526
2536 800 64.3678
2536 756 67.3469
2536 727 67.3684
2536 723 60
2536 647 64.3678
2536 593 63.9175
2536 505 70.4545
2536 493 60.241
2536 405 64.1509
2536 396 62.8571
2536 221 64.1975
2536 151 64.9351
2536 47 60.9756
0 1
1 0
2 0
3 1
4 3
5 1
6 9
7 37
8 8
9 22
10 39
11 39
12 22
13 40
14 54
15 42
16 62
17 84
18 50
19 49
20 88
21 51
22 72
23 68
24 70
25 86
26 75
27 87
28 69
29 75
30 74
31 83
32 75
33 58
34 83
35 48
36 63
37 77
38 47
39 54
40 74
41 29
42 54
43 42
44 29
45 37
46 42
47 32
48 34
49 30
50 21
51 8
52 18
53 14
54 21
55 13
56 8
57 12
58 7
59 12
60 5
61 3
62 4
63 3
64 6
65 5
66 0
67 0
68 2
69 1
70 0
71 2
72 0
73 1
74 0
75 0
76 0
77 0
78 0
79 0
80 0
81 0
82 0
83 0
84 0
85 0
86 0
87 0
88 0
89 0
90 0
91 0
92 0
93 0
94 0
95 0
96 0
97 0
98 0
99 0
100 0
101 0
28
35055
