47
2640 2562 64.5161
2640 2547 60
2640 2508 64.1026
2640 2468 65.5738
2640 2462 65.0602
2640 2433 60
2640 2383 63.1579
2640 2311 62.1622
2640 2286 68.4932
2640 2217 60.1942
2640 2190 74.2268
2640 2167 60.6061
2640 2104 60.6061
2640 2097 67.5676
2640 2083 60.274
2640 2033 60.8696
2640 1930 68.4932
2640 1866 60.241
2640 1821 68.4211
2640 1817 68.0412
2640 1804 66.6667
2640 1635 60.5263
2640 1551 65.6716
2640 1519 65.2174
2640 1512 60.274
2640 1487 72.1311
2640 1411 65.6716
2640 1295 62.6866
2640 1166 61.1111
2640 1137 65.2632
2640 1032 62.1622
2640 944 60.5263
2640 886 65.7534
2640 865 64.6154
2640 858 61.7647
2640 807 65.8228
2640 622 75
2640 619 61.0169
2640 579 62.069
2640 454 60
2640 448 61.9718
2640 417 62.069
2640 386 61.9718
2640 321 64.6154
2640 275 66.6667
2640 270 62.6866
2640 96 65.0602
0 0
1 0
2 0
3 3
4 14
5 0
6 2
7 12
8 22
9 10
10 15
11 29
12 27
13 17
14 31
15 47
16 28
17 42
18 65
19 74
20 65
21 46
22 86
23 81
24 66
25 86
26 66
27 70
28 74
29 87
30 89
31 72
32 77
33 86
34 70
35 69
36 67
37 79
38 84
39 72
40 83
41 39
42 49
43 48
44 55
45 46
46 56
47 33
48 26
49 23
50 38
51 13
52 28
53 24
54 20
55 20
56 18
57 13
58 11
59 8
60 14
61 9
62 5
63 6
64 1
65 4
66 9
67 2
68 1
69 4
70 0
71 0
72 0
73 1
74 0
75 2
76 0
77 0
78 0
79 0
80 0
81 0
82 0
83 0
84 0
85 0
86 0
87 0
88 0
89 0
90 0
91 0
92 0
93 0
94 0
95 0
96 0
97 0
98 0
99 0
100 0
101 0
32
38114
