72
2603 2564 61.0169
2603 2554 65.2174
2603 2515 64.2857
2603 2500 62.2951
2603 2465 61.8182
2603 2452 60.3774
2603 2433 61.5385
2603 2380 63.8298
2603 2362 67.8571
2603 2340 60.6061
2603 2310 75.5556
2603 2289 60.8696
2603 2276 68.2927
2603 2271 60.4651
2603 2267 60.8696
2603 2237 62.069
2603 2187 60.3774
2603 2159 64.1509
2603 2158 64
2603 2136 66.6667
2603 2101 66.6667
2603 2100 61.9048
2603 2002 64
2603 1967 60.4651
2603 1918 65.3846
2603 1833 61.7647
2603 1756 65.2174
2603 1729 62.069
2603 1711 62.7451
2603 1693 61.2903
2603 1468 72.7273
2603 1409 60
2603 1300 63.4921
2603 1283 60.4651
2603 1256 71.4286
2603 1232 73.913
2603 1207 62.2222
2603 1188 60.8696
2603 1187 60.8696
2603 1125 62.2222
2603 1124 61.5385
2603 1087 63.4146
2603 1075 66.6667
2603 1038 63.1579
2603 1025 60.8696
2603 984 62.2222
2603 958 71.7949
2603 946 71.4286
2603 912 62.2222
2603 858 60.3774
2603 739 60
2603 697 65.3846
2603 661 69.3878
2603 601 61.2903
2603 570 60.3774
2603 543 68.1818
2603 522 61.5385
2603 502 65.1163
2603 487 63.4146
2603 300 60.4651
2603 194 81.8182
2603 186 64
2603 121 62.069
2603 90 62.2222
2603 89 64.2857
2603 85 60
2603 81 65.1163
2603 71 64.2857
2603 59 67.8571
2603 55 61.8182
2603 34 65.5738
2603 4 65.3846
0 0
1 0
2 0
3 0
4 0
5 0
6 0
7 0
8 0
9 3
10 2
11 1
12 1
13 2
14 3
15 9
16 10
17 5
18 18
19 10
20 37
21 27
22 30
23 33
24 43
25 61
26 49
27 52
28 63
29 53
30 95
31 75
32 86
33 74
34 82
35 114
36 78
37 71
38 77
39 84
40 139
41 42
42 91
43 90
44 101
45 78
46 65
47 75
48 75
49 54
50 72
51 30
52 54
53 39
54 36
55 35
56 28
57 22
58 31
59 14
60 14
61 14
62 10
63 10
64 8
65 4
66 8
67 3
68 2
69 2
70 1
71 0
72 3
73 1
74 1
75 0
76 1
77 0
78 0
79 0
80 0
81 0
82 1
83 0
84 0
85 0
86 0
87 0
88 0
89 0
90 0
91 0
92 0
93 0
94 0
95 0
96 0
97 0
98 0
99 0
100 0
101 0
28
37027
