1
265 189 62.5
0 0
1 0
2 0
3 0
4 0
5 2
6 3
7 4
8 3
9 3
10 3
11 5
12 7
13 10
14 9
15 8
16 6
17 7
18 11
19 11
20 11
21 6
22 4
23 8
24 13
25 20
26 8
27 5
28 8
29 7
30 6
31 8
32 6
33 3
34 3
35 5
36 6
37 10
38 2
39 4
40 4
41 1
42 0
43 4
44 1
45 1
46 1
47 2
48 7
49 2
50 0
51 1
52 0
53 1
54 1
55 0
56 1
57 0
58 0
59 0
60 1
61 0
62 0
63 1
64 0
65 0
66 0
67 0
68 0
69 0
70 0
71 0
72 0
73 0
74 0
75 0
76 0
77 0
78 0
79 0
80 0
81 0
82 0
83 0
84 0
85 0
86 0
87 0
88 0
89 0
90 0
91 0
92 0
93 0
94 0
95 0
96 0
97 0
98 0
99 0
100 0
101 0
1
253
