45
2720 2664 73.6842
2720 2661 66.6667
2720 2616 60.3774
2720 2539 60
2720 2417 62.7451
2720 2283 66.6667
2720 2210 61.0169
2720 2152 60.3774
2720 2057 60.5263
2720 2028 60.3774
2720 2012 63.1579
2720 1789 66.6667
2720 1785 71.6981
2720 1714 61.2245
2720 1666 61.2903
2720 1535 64.9351
2720 1533 60
2720 1443 70.5882
2720 1416 63.6364
2720 1415 63.8298
2720 1356 62.7907
2720 1237 63.1579
2720 1171 61.5385
2720 1157 64.6154
2720 1117 60
2720 1037 62.069
2720 943 60.8696
2720 758 64
2720 724 65
2720 689 63.2911
2720 551 61.3636
2720 539 65
2720 474 60.6061
2720 441 61.9048
2720 375 60.7143
2720 368 60.3175
2720 317 63.7681
2720 273 65.1685
2720 250 65.8824
2720 196 62.2951
2720 142 62.2951
2720 36 63.3333
2720 19 61.3333
2720 9 67.6923
2720 7 61.9718
0 0
1 0
2 0
3 0
4 0
5 11
6 6
7 5
8 15
9 31
10 9
11 14
12 26
13 28
14 35
15 28
16 44
17 55
18 71
19 60
20 63
21 71
22 80
23 67
24 70
25 106
26 72
27 88
28 75
29 85
30 84
31 79
32 99
33 67
34 85
35 97
36 59
37 59
38 80
39 67
40 64
41 49
42 46
43 46
44 58
45 38
46 38
47 49
48 32
49 38
50 46
51 18
52 24
53 18
54 31
55 13
56 16
57 17
58 17
59 18
60 10
61 8
62 8
63 5
64 8
65 4
66 2
67 3
68 1
69 0
70 0
71 1
72 1
73 0
74 1
75 0
76 0
77 0
78 0
79 0
80 0
81 0
82 0
83 0
84 0
85 0
86 0
87 0
88 0
89 0
90 0
91 0
92 0
93 0
94 0
95 0
96 0
97 0
98 0
99 0
100 0
101 0
31
40606
