53
3043 2966 60
3043 2939 67.7419
3043 2929 60.4651
3043 2859 61.1111
3043 2784 60
3043 2628 65.1163
3043 2549 68.1818
3043 2521 68.1818
3043 2435 65.4545
3043 2391 61.5385
3043 2387 66.6667
3043 2369 66.6667
3043 2320 62.5
3043 2064 63.8298
3043 2041 60.8696
3043 2002 62.5
3043 1849 63.1579
3043 1813 65
3043 1756 63.6364
3043 1682 60
3043 1671 75.4717
3043 1649 70.2703
3043 1591 64
3043 1401 68
3043 1400 62.5
3043 1349 60.7143
3043 1323 61.2245
3043 1307 63.6364
3043 1272 60
3043 1266 72.7273
3043 1261 64.8649
3043 1133 63.1579
3043 1115 63.4146
3043 921 63.6364
3043 912 60.4651
3043 905 62.069
3043 815 62.963
3043 811 66.6667
3043 735 64
3043 676 66.6667
3043 657 60.8696
3043 390 65
3043 300 68.2927
3043 275 60
3043 270 60
3043 224 60
3043 209 61.7647
3043 165 60
3043 147 65.1163
3043 120 64.8649
3043 71 62.963
3043 65 61.1111
3043 21 68.2927
0 2
1 0
2 0
3 0
4 3
5 2
6 8
7 0
8 9
9 5
10 21
11 22
12 21
13 14
14 26
15 38
16 50
17 39
18 30
19 42
20 60
21 41
22 93
23 80
24 88
25 87
26 68
27 108
28 108
29 94
30 112
31 67
32 137
33 99
34 70
35 97
36 97
37 105
38 90
39 81
40 129
41 62
42 57
43 58
44 72
45 54
46 60
47 49
48 60
49 48
50 51
51 12
52 35
53 24
54 16
55 22
56 22
57 8
58 15
59 10
60 19
61 5
62 5
63 6
64 9
65 4
66 3
67 4
68 2
69 4
70 0
71 1
72 0
73 1
74 0
75 0
76 1
77 0
78 0
79 0
80 0
81 0
82 0
83 0
84 0
85 0
86 0
87 0
88 0
89 0
90 0
91 0
92 0
93 0
94 0
95 0
96 0
97 0
98 0
99 0
100 0
101 0
31
51079
