42
3249 3088 83.871
3249 3042 63.8298
3249 2899 60.7595
3249 2853 65.2632
3249 2722 64
3249 2608 63.2911
3249 2542 66.6667
3249 2521 62.8571
3249 2492 60.1942
3249 2405 60.6061
3249 2319 61.8557
3249 2200 62.2222
3249 2092 60.6061
3249 2035 62.1359
3249 2011 60.4651
3249 1777 61.8557
3249 1739 60.241
3249 1710 60
3249 1671 65.8228
3249 1565 67.4699
3249 1550 66.055
3249 1420 65.3846
3249 1323 64
3249 1286 64.5833
3249 1238 71.6049
3249 1193 66.0194
3249 1182 61.8557
3249 1133 67.4699
3249 1098 63.3663
3249 1085 62.6506
3249 1072 66
3249 921 60
3249 793 61.4035
3249 742 62.7451
3249 714 67.3077
3249 706 61.7021
3249 688 62.963
3249 514 62.7451
3249 391 66.0194
3249 358 64.1509
3249 252 61.7021
3249 77 61.5385
0 0
1 0
2 0
3 2
4 0
5 1
6 2
7 11
8 7
9 10
10 20
11 12
12 20
13 34
14 20
15 38
16 54
17 45
18 66
19 77
20 74
21 56
22 101
23 90
24 92
25 103
26 114
27 92
28 97
29 112
30 83
31 80
32 112
33 90
34 106
35 138
36 86
37 97
38 114
39 80
40 116
41 53
42 71
43 60
44 45
45 57
46 62
47 38
48 62
49 54
50 42
51 23
52 33
53 27
54 22
55 26
56 19
57 20
58 18
59 10
60 14
61 6
62 7
63 7
64 5
65 2
66 4
67 4
68 3
69 0
70 0
71 0
72 1
73 0
74 0
75 0
76 0
77 0
78 0
79 0
80 0
81 0
82 0
83 0
84 1
85 0
86 0
87 0
88 0
89 0
90 0
91 0
92 0
93 0
94 0
95 0
96 0
97 0
98 0
99 0
100 0
101 0
40
58304
