78
3783 3745 61.7284
3783 3725 63.7681
3783 3723 71.875
3783 3719 62.7451
3783 3614 60.5263
3783 3583 64.7059
3783 3580 75.3623
3783 3485 62.6866
3783 3437 63.6364
3783 3436 65.5172
3783 3433 65.3846
3783 3397 63.1579
3783 3386 61.7647
3783 3336 62.2951
3783 3296 64.1509
3783 3197 73.0159
3783 3119 67.4157
3783 3098 65.1685
3783 3070 63.2911
3783 3042 66.6667
3783 3005 69.8795
3783 2979 65.9091
3783 2878 60.7595
3783 2850 69.2308
3783 2783 60.4651
3783 2640 61.1111
3783 2638 60
3783 2635 60.3175
3783 2628 64.2857
3783 2627 66.6667
3783 2580 61.1765
3783 2555 63.0137
3783 2517 61.5385
3783 2502 60.241
3783 2460 70.3297
3783 2427 61.7284
3783 2311 71.4286
3783 2220 61.5385
3783 2156 67.5676
3783 2097 65.7143
3783 2054 62.2951
3783 1937 60.7595
3783 1861 64.1026
3783 1821 66.6667
3783 1799 60.4651
3783 1771 64.7059
3783 1742 63.8889
3783 1606 60.3175
3783 1552 63.8298
3783 1412 63.7681
3783 1386 66.6667
3783 1235 62.8571
3783 1094 67.6056
3783 1047 64.7059
3783 1042 60
3783 999 71.875
3783 993 67.5676
3783 932 60.8696
3783 889 62.1622
3783 861 60.9756
3783 843 73.2394
3783 789 61.2903
3783 782 72.7273
3783 773 65.8537
3783 757 61.0526
3783 733 60.2151
3783 674 61.5385
3783 628 60
3783 533 60.9756
3783 519 60
3783 440 67.4157
3783 352 60.5263
3783 321 68.8525
3783 294 62.6866
3783 288 61.2245
3783 209 61.7284
3783 182 60
3783 148 68.6567
0 0
1 0
2 0
3 0
4 2
5 1
6 2
7 2
8 15
9 3
10 11
11 10
12 29
13 15
14 12
15 25
16 55
17 29
18 46
19 46
20 75
21 44
22 68
23 83
24 99
25 88
26 77
27 101
28 101
29 116
30 121
31 112
32 159
33 148
34 100
35 118
36 141
37 106
38 130
39 121
40 130
41 72
42 109
43 64
44 90
45 120
46 81
47 68
48 77
49 54
50 97
51 40
52 68
53 42
54 39
55 39
56 19
57 20
58 24
59 26
60 19
61 13
62 12
63 7
64 8
65 6
66 6
67 4
68 5
69 2
70 2
71 1
72 3
73 1
74 2
75 0
76 1
77 0
78 0
79 0
80 0
81 0
82 0
83 0
84 0
85 0
86 0
87 0
88 0
89 0
90 0
91 0
92 0
93 0
94 0
95 0
96 0
97 0
98 0
99 0
100 0
101 0
45
79580
