20
4071 3782 61.1111
4071 3583 60.3175
4071 3433 68.0851
4071 3393 60.7143
4071 2927 66.6667
4071 2649 60.7143
4071 2640 62.6866
4071 2516 61.7647
4071 1821 65.6716
4071 1804 62.963
4071 1135 60.8696
4071 1055 61.5385
4071 1047 69.8413
4071 865 75
4071 722 61.5385
4071 703 63.8889
4071 639 60.9756
4071 622 73.0159
4071 594 66.6667
4071 417 69.3878
0 10
1 0
2 0
3 6
4 31
5 36
6 19
7 40
8 83
9 121
10 63
11 70
12 113
13 130
14 107
15 120
16 133
17 101
18 143
19 104
20 160
21 119
22 153
23 142
24 131
25 144
26 85
27 143
28 109
29 112
30 97
31 96
32 112
33 73
34 63
35 86
36 79
37 60
38 65
39 64
40 71
41 43
42 49
43 37
44 44
45 28
46 40
47 24
48 41
49 21
50 32
51 13
52 13
53 18
54 11
55 10
56 15
57 5
58 5
59 3
60 4
61 5
62 4
63 2
64 1
65 0
66 1
67 2
68 0
69 1
70 2
71 0
72 0
73 0
74 1
75 1
76 0
77 0
78 0
79 0
80 0
81 0
82 0
83 0
84 0
85 0
86 0
87 0
88 0
89 0
90 0
91 0
92 0
93 0
94 0
95 0
96 0
97 0
98 0
99 0
100 0
101 0
45
92293
