204
4331 4326 66.6667
4331 4312 64.5161
4331 4302 60.274
4331 4261 62.6866
4331 4260 60.7595
4331 4251 62.6263
4331 4249 66.6667
4331 4238 61.7647
4331 4219 61.0169
4331 4217 61.5385
4331 4194 60.274
4331 4162 61.1111
4331 4157 61.0526
4331 4156 71.6049
4331 4022 61.3861
4331 4014 61.5385
4331 4005 67.3267
4331 3993 65.0602
4331 3969 61.5385
4331 3958 66
4331 3948 67.3684
4331 3920 60.6061
4331 3913 64
4331 3891 66.6667
4331 3881 60.8696
4331 3869 65.0602
4331 3852 62.6506
4331 3824 62.7907
4331 3818 63.8889
4331 3782 69.8795
4331 3779 62.6866
4331 3776 60.1942
4331 3765 60
4331 3754 60.4167
4331 3748 70
4331 3741 60.274
4331 3722 60.7595
4331 3721 61.2903
4331 3712 68.9655
4331 3707 73.2394
4331 3660 62.6263
4331 3614 60.9756
4331 3591 63.4146
4331 3581 60.4651
4331 3569 65.8228
4331 3556 61.9048
4331 3551 60.6742
4331 3503 61.1111
4331 3489 68.4211
4331 3486 61.2903
4331 3473 63.5294
4331 3456 61.5385
4331 3451 62.2222
4331 3417 63.2911
4331 3408 63.2911
4331 3398 60.241
4331 3394 61.7021
4331 3390 60.241
4331 3389 65.9794
4331 3388 65.8824
4331 3379 62.2222
4331 3375 68.9655
4331 3347 66.6667
4331 3335 61.2903
4331 3321 62.6506
4331 3312 63.7681
4331 3242 65.7534
4331 3214 62.5
4331 3147 62.8571
4331 3069 60.8696
4331 3068 60
4331 3058 63.8298
4331 3017 61.5385
4331 3016 60
4331 2965 61.0526
4331 2951 63.2911
4331 2927 69.8795
4331 2915 60.5263
4331 2880 61.7284
4331 2864 68.6567
4331 2858 66.6667
4331 2854 70.4545
4331 2837 62.8571
4331 2816 60.3175
4331 2758 61.5385
4331 2747 70
4331 2745 66.6667
4331 2688 75.6098
4331 2656 61.5385
4331 2652 66.6667
4331 2649 71.6418
4331 2606 60
4331 2605 67.4157
4331 2551 63.1579
4331 2548 65.8824
4331 2547 61.2903
4331 2541 60.2151
4331 2469 62.8571
4331 2448 62.5
4331 2421 67.4699
4331 2412 61.7647
4331 2267 65.1163
4331 2215 64.1975
4331 2214 62.8571
4331 2202 64.7887
4331 2176 62.6506
4331 2167 61.7647
4331 2158 65.6716
4331 2132 62.7451
4331 2131 60.6742
4331 2089 65.7895
4331 2075 68.4211
4331 1987 60.4167
4331 1986 62.3656
4331 1983 64.7059
4331 1955 65.9794
4331 1910 61.5385
4331 1905 69.1358
4331 1897 64.7887
4331 1861 61.9048
4331 1854 65.0602
4331 1852 68.8889
4331 1817 64.6465
4331 1804 61.5385
4331 1799 65.2174
4331 1795 63.2911
4331 1691 60.7595
4331 1680 65.8537
4331 1670 68.4932
4331 1651 62.3656
4331 1613 61.9048
4331 1585 62.1622
4331 1529 60.3175
4331 1519 61.7021
4331 1482 69.8795
4331 1476 64.9351
4331 1470 63.0435
4331 1468 61.1111
4331 1407 69.8795
4331 1390 67.3077
4331 1369 60.241
4331 1350 62.9213
4331 1345 67.4419
4331 1320 60.4167
4331 1306 64.9351
4331 1301 61.3333
4331 1280 60.3175
4331 1269 63.5294
4331 1169 61.1765
4331 1166 72.973
4331 1155 64
4331 1151 61.6822
4331 1137 63.9175
4331 1097 60
4331 1070 77.1429
4331 1032 68.4211
4331 1009 61.0526
4331 1001 66.6667
4331 974 64.2857
4331 972 64.1975
4331 935 64.5833
4331 917 60.4167
4331 860 65.8824
4331 852 60
4331 840 80.4878
4331 839 71.1111
4331 820 60.3175
4331 804 68.2353
4331 757 61.3861
4331 753 60.4651
4331 750 60
4331 718 65.8228
4331 713 64.4068
4331 697 60.8696
4331 674 61.9048
4331 662 64
4331 649 60
4331 639 60.2151
4331 612 60.241
4331 610 63.1579
4331 592 60.6061
4331 579 62.9213
4331 573 63.4921
4331 570 62.8571
4331 554 60.8696
4331 471 67.5325
4331 466 65.9574
4331 363 60
4331 307 60.6742
4331 299 62.5
4331 296 60.6742
4331 294 60.274
4331 290 61.3333
4331 264 61.7021
4331 216 65.0602
4331 200 69.5652
4331 183 71.0526
4331 173 63.8889
4331 78 61.0526
4331 69 65.9091
4331 39 60.274
4331 20 69.5652
4331 14 69.0476
4331 8 65
0 0
1 0
2 0
3 0
4 0
5 0
6 0
7 1
8 2
9 0
10 1
11 9
12 2
13 5
14 15
15 17
16 9
17 19
18 31
19 22
20 38
21 42
22 65
23 39
24 57
25 94
26 59
27 84
28 81
29 129
30 107
31 91
32 154
33 128
34 113
35 139
36 153
37 119
38 169
39 136
40 174
41 92
42 166
43 123
44 137
45 142
46 118
47 100
48 120
49 95
50 113
51 61
52 87
53 78
54 89
55 69
56 63
57 53
58 51
59 45
60 29
61 37
62 38
63 24
64 19
65 13
66 20
67 8
68 7
69 9
70 10
71 1
72 4
73 1
74 1
75 0
76 1
77 0
78 1
79 0
80 0
81 1
82 0
83 0
84 0
85 0
86 0
87 0
88 0
89 0
90 0
91 0
92 0
93 0
94 0
95 0
96 0
97 0
98 0
99 0
100 0
101 0
56
104649
