127
4554 4518 72.4138
4554 4490 69.8413
4554 4481 61.2245
4554 4448 60.6061
4554 4445 60.8696
4554 4371 62.069
4554 4303 60.4651
4554 4258 68.0851
4554 4229 63.6364
4554 4181 61.1111
4554 4170 61.3636
4554 4127 61.1111
4554 4108 62.5
4554 4105 64.5161
4554 4088 63.3333
4554 4054 64
4554 3914 60.3175
4554 3893 63.8889
4554 3876 60.7143
4554 3791 61.2245
4554 3777 60.2151
4554 3677 62.8571
4554 3664 65.3846
4554 3644 60.8696
4554 3552 61.3333
4554 3544 62.1622
4554 3520 62.6866
4554 3518 70.1754
4554 3502 66.6667
4554 3481 72.1311
4554 3462 60.8696
4554 3429 62.963
4554 3386 63.4921
4554 3352 60.8696
4554 3285 60.8696
4554 3260 60.3175
4554 3234 60
4554 3188 62.7451
4554 3180 60.241
4554 3159 64.6154
4554 2942 64.1026
4554 2941 60.8696
4554 2878 67.5676
4554 2824 64.9351
4554 2822 63.1579
4554 2793 82.7586
4554 2775 68.6567
4554 2770 61.5385
4554 2764 67.6923
4554 2679 60.8696
4554 2676 74.5763
4554 2644 64.7059
4554 2628 66.6667
4554 2563 62.963
4554 2549 61.5385
4554 2443 60.7595
4554 2442 60.7143
4554 2422 61.5385
4554 2418 72.4138
4554 2380 60.3774
4554 2346 68.6567
4554 2324 61.5385
4554 2320 60.7143
4554 2319 65.8228
4554 2312 62.8571
4554 2285 61.9718
4554 2284 61.5385
4554 2165 61.7647
4554 2151 61.9718
4554 2150 63.4921
4554 1950 62.3377
4554 1935 61.5385
4554 1903 68.0851
4554 1838 64.6154
4554 1836 64.4068
4554 1802 65.3846
4554 1777 68.3544
4554 1764 72.7273
4554 1756 61.5385
4554 1620 64.6154
4554 1584 61.5385
4554 1569 60.7143
4554 1533 67.7966
4554 1454 60.6742
4554 1437 79.1667
4554 1272 62.069
4554 1200 64.4068
4554 1182 63.2911
4554 1159 60.3175
4554 1152 61.2245
4554 1148 60.7143
4554 1133 70.7692
4554 973 61.9048
4554 939 65.7534
4554 904 66.6667
4554 888 61.1111
4554 815 61.2903
4554 810 70.8333
4554 714 60.4651
4554 706 60.5263
4554 687 60.3774
4554 669 62.5
4554 644 61.7647
4554 603 61.1111
4554 597 69.3878
4554 583 60
4554 567 63.8298
4554 545 61.2903
4554 458 60
4554 412 66.6667
4554 388 64.2857
4554 385 62.963
4554 321 60.7143
4554 312 62.1622
4554 311 61.2903
4554 252 71.0526
4554 235 60
4554 224 62.5
4554 204 64
4554 188 62.5
4554 155 69.5652
4554 153 64
4554 118 62.5
4554 110 60
4554 93 60.3774
4554 84 70.1754
4554 28 65.0602
0 0
1 0
2 0
3 0
4 1
5 4
6 0
7 2
8 7
9 15
10 9
11 15
12 22
13 31
14 34
15 30
16 53
17 49
18 83
19 52
20 81
21 74
22 114
23 95
24 103
25 139
26 99
27 144
28 120
29 115
30 150
31 141
32 175
33 118
34 122
35 134
36 131
37 101
38 136
39 131
40 145
41 97
42 122
43 111
44 104
45 104
46 107
47 87
48 85
49 71
50 129
51 36
52 57
53 68
54 66
55 44
56 52
57 26
58 35
59 23
60 32
61 27
62 25
63 17
64 11
65 10
66 5
67 4
68 3
69 5
70 3
71 4
72 1
73 4
74 0
75 1
76 0
77 0
78 0
79 0
80 1
81 0
82 0
83 1
84 0
85 0
86 0
87 0
88 0
89 0
90 0
91 0
92 0
93 0
94 0
95 0
96 0
97 0
98 0
99 0
100 0
101 0
53
115762
