56
4600 4442 60
4600 4429 69.7674
4600 4409 60
4600 4353 72.3404
4600 4318 60
4600 4272 60.8696
4600 4090 75.5556
4600 3991 61.5385
4600 3874 68.8525
4600 3768 62.7451
4600 3700 66.6667
4600 3397 60.3175
4600 3395 60.3175
4600 3367 60
4600 3340 65
4600 3284 74.4186
4600 3251 68
4600 3161 60
4600 3137 65.3061
4600 2995 68.2927
4600 2987 68.2927
4600 2885 64.8649
4600 2816 68.1818
4600 2637 64
4600 2590 64.8649
4600 2512 61.2245
4600 2398 62.5
4600 2383 70
4600 2341 60.4651
4600 2236 63.6364
4600 2232 73.913
4600 2187 62.7451
4600 2086 60
4600 1985 70
4600 1851 63.1579
4600 1639 68
4600 1598 63.1579
4600 1475 68.9655
4600 1440 62.7451
4600 1341 69.3878
4600 1239 70.8333
4600 1207 65.1163
4600 1067 60.7143
4600 1003 66.6667
4600 998 79.0698
4600 925 68.2927
4600 858 62.7451
4600 725 66.6667
4600 697 60
4600 563 62.2222
4600 424 62.2222
4600 418 61.9048
4600 275 65
4600 148 62.963
4600 89 70.3704
4600 82 64.8649
0 0
1 0
2 0
3 0
4 3
5 9
6 17
7 6
8 8
9 27
10 61
11 62
12 60
13 46
14 91
15 78
16 108
17 103
18 79
19 129
20 128
21 99
22 126
23 145
24 129
25 150
26 110
27 132
28 144
29 136
30 142
31 119
32 156
33 166
34 109
35 121
36 114
37 135
38 105
39 107
40 155
41 70
42 92
43 75
44 92
45 76
46 65
47 37
48 67
49 59
50 67
51 26
52 26
53 24
54 36
55 37
56 23
57 11
58 25
59 10
60 17
61 5
62 3
63 8
64 4
65 5
66 2
67 3
68 2
69 6
70 4
71 2
72 0
73 1
74 1
75 1
76 1
77 0
78 0
79 0
80 1
81 0
82 0
83 0
84 0
85 0
86 0
87 0
88 0
89 0
90 0
91 0
92 0
93 0
94 0
95 0
96 0
97 0
98 0
99 0
100 0
101 0
50
118083
