107
4519 4488 71.7949
4519 4470 60.4651
4519 4238 61.5385
4519 4219 65.1163
4519 4194 66.6667
4519 4188 61.7647
4519 4149 62.6866
4519 3950 76.3636
4519 3935 61.9048
4519 3924 64.7887
4519 3881 79.2453
4519 3818 71.4286
4519 3812 68.0851
4519 3701 73.913
4519 3648 62.2222
4519 3569 60.3175
4519 3525 63.4146
4519 3433 61.9048
4519 3397 60.6061
4519 3392 67.8571
4519 3356 61.5385
4519 3335 60.8696
4519 3284 60.8696
4519 3235 60
4519 3147 62.963
4519 3045 65.3061
4519 2943 60.7143
4519 2920 60
4519 2908 62.5
4519 2885 75
4519 2854 63.8889
4519 2852 63.4146
4519 2845 60.3774
4519 2681 60
4519 2666 68.2927
4519 2650 61.5385
4519 2645 73.3333
4519 2640 64.5161
4519 2603 63.8298
4519 2509 62.7451
4519 2468 68.0851
4519 2456 63.4921
4519 2434 73.913
4519 2411 60.7595
4519 2383 74.4186
4519 2327 68.1818
4519 2286 81.3559
4519 2276 66.6667
4519 2273 64.4068
4519 2267 62.8571
4519 2250 70
4519 2167 69.2308
4519 2153 63.4146
4519 2119 65.3846
4519 2056 66.6667
4519 1993 67.9245
4519 1990 60.4651
4519 1971 60.4651
4519 1967 63.6364
4519 1897 65.4545
4519 1866 63.7681
4519 1804 65.3061
4519 1787 65.3846
4519 1767 60.3774
4519 1749 62.5
4519 1693 63.4921
4519 1639 64.1509
4519 1638 64.4068
4519 1551 71.6981
4519 1512 71.1864
4519 1475 62.2951
4519 1468 60.7143
4519 1411 64.1509
4519 1308 65.2174
4519 1295 75.4717
4519 1256 65.1163
4519 1163 63.3333
4519 1161 70.8333
4519 1136 66.6667
4519 1125 65.2174
4519 1070 62.963
4519 1045 64.2857
4519 956 61.5385
4519 946 65.1163
4519 938 61.0169
4519 915 62.8571
4519 858 66.6667
4519 820 63.8298
4519 720 72.4138
4519 661 72
4519 523 62.963
4519 522 60.3774
4519 511 82.7586
4519 502 68.1818
4519 454 63.6364
4519 418 66.6667
4519 331 68.2927
4519 322 62.5
4519 279 65.3061
4519 275 74.4186
4519 270 67.9245
4519 222 62.5
4519 121 61.0169
4519 99 60
4519 97 61.9048
4519 89 63.1579
4519 85 63.4146
0 0
1 0
2 0
3 1
4 6
5 20
6 2
7 3
8 5
9 19
10 40
11 22
12 37
13 42
14 58
15 79
16 54
17 40
18 67
19 82
20 126
21 74
22 114
23 101
24 128
25 143
26 99
27 105
28 149
29 107
30 141
31 135
32 136
33 107
34 124
35 165
36 124
37 96
38 149
39 133
40 153
41 77
42 126
43 91
44 110
45 110
46 79
47 103
48 65
49 62
50 90
51 33
52 33
53 38
54 43
55 38
56 33
57 31
58 24
59 21
60 22
61 13
62 10
63 13
64 14
65 7
66 11
67 6
68 3
69 6
70 2
71 1
72 5
73 1
74 3
75 3
76 1
77 1
78 0
79 0
80 1
81 0
82 1
83 1
84 0
85 0
86 0
87 0
88 0
89 0
90 0
91 0
92 0
93 0
94 0
95 0
96 0
97 0
98 0
99 0
100 0
101 0
47
113915
