53
4690 4530 65.5738
4690 4514 66.6667
4690 4507 67.9245
4690 4446 65.5738
4690 4365 60.8696
4690 4362 60
4690 4287 62.5
4690 4216 63.7681
4690 4078 71.4286
4690 4046 62.069
4690 3998 66.6667
4690 3983 60
4690 3654 69.7674
4690 3554 67.7966
4690 3507 61.7647
4690 3423 72.3404
4690 3328 60.3175
4690 3257 64.1509
4690 3129 60.7143
4690 2984 60
4690 2893 60.8696
4690 2663 62.2222
4690 2658 62.3377
4690 2599 60.274
4690 2585 64
4690 2515 65.5172
4690 2430 66.6667
4690 2281 76
4690 2226 70.8333
4690 1957 62.069
4690 1927 62.3377
4690 1809 63.6364
4690 1643 61.9718
4690 1545 69.697
4690 1483 70.3704
4690 1431 64.1509
4690 1339 63.8298
4690 1290 61.8182
4690 1243 61.0169
4690 1104 61.8182
4690 1054 69.2308
4690 1014 62.5
4690 881 61.0169
4690 717 61.5385
4690 645 66.6667
4690 483 69.2308
4690 414 62.2951
4690 406 65.3846
4690 389 60.8696
4690 384 60.3175
4690 343 61.0169
4690 129 66.6667
4690 10 60.8696
0 0
1 0
2 0
3 0
4 0
5 5
6 1
7 4
8 16
9 17
10 31
11 12
12 34
13 46
14 62
15 85
16 58
17 51
18 76
19 98
20 116
21 102
22 90
23 123
24 146
25 195
26 101
27 149
28 151
29 149
30 210
31 130
32 161
33 141
34 165
35 155
36 111
37 119
38 171
39 107
40 146
41 106
42 118
43 100
44 83
45 84
46 83
47 76
48 65
49 61
50 74
51 24
52 37
53 33
54 31
55 33
56 22
57 15
58 22
59 20
60 18
61 8
62 8
63 8
64 4
65 2
66 4
67 5
68 2
69 0
70 4
71 2
72 1
73 1
74 0
75 0
76 1
77 0
78 0
79 0
80 0
81 0
82 0
83 0
84 0
85 0
86 0
87 0
88 0
89 0
90 0
91 0
92 0
93 0
94 0
95 0
96 0
97 0
98 0
99 0
100 0
101 0
47
122871
