353
4736 4732 60.6061
4736 4724 71.0526
4736 4711 64.5161
4736 4709 62.1622
4736 4700 65.9091
4736 4679 67.4419
4736 4669 67.6056
4736 4645 60
4736 4626 62.1622
4736 4625 63.9175
4736 4616 60.3175
4736 4614 60.241
4736 4608 70.5882
4736 4584 62.9213
4736 4577 60
4736 4543 61.9048
4736 4526 60.9756
4736 4518 61.9718
4736 4504 60.2151
4736 4500 60.6061
4736 4493 61.3636
4736 4449 61.1765
4736 4448 63.2911
4736 4421 77.3333
4736 4384 61.7021
4736 4364 64.4444
4736 4351 63.6364
4736 4343 60.8696
4736 4334 61.7284
4736 4325 66.6667
4736 4323 61.2903
4736 4313 65.9341
4736 4310 64
4736 4302 61.3333
4736 4299 63.0435
4736 4277 61.3333
4736 4247 65.7143
4736 4242 66.6667
4736 4229 61.3861
4736 4228 61.3333
4736 4188 65.1163
4736 4187 65.2174
4736 4170 69.3069
4736 4149 61.1765
4736 4148 60
4736 4127 61.1765
4736 4088 60.274
4736 4085 65.7895
4736 4054 63.4921
4736 4014 60.2151
4736 4012 60.4651
4736 4005 62.1359
4736 3986 64.2857
4736 3959 62.9213
4736 3932 60.8696
4736 3920 63.3663
4736 3915 61.1111
4736 3914 76.3158
4736 3904 60.4651
4736 3893 61.1765
4736 3892 60.8696
4736 3887 60.2151
4736 3868 68.5714
4736 3821 64.9351
4736 3798 60.274
4736 3795 67.6471
4736 3793 61.3636
4736 3782 63.5294
4736 3778 69.0476
4736 3777 60.3774
4736 3774 61.5385
4736 3772 68
4736 3770 61.3861
4736 3754 65.3061
4736 3736 63.4146
4736 3733 60.1942
4736 3720 62.8571
4736 3712 60.6742
4736 3702 64.2857
4736 3693 60.9524
4736 3692 71.2871
4736 3659 60
4736 3634 61.7284
4736 3632 65.9574
4736 3628 61.0526
4736 3594 65.2174
4736 3569 64.1975
4736 3556 72.093
4736 3500 65.2632
4736 3490 65.7534
4736 3489 64.1026
4736 3485 64
4736 3459 64.7887
4736 3458 60.241
4736 3457 63.0435
4736 3449 60.241
4736 3445 61.3333
4736 3390 63.5294
4736 3386 63.1579
4736 3381 60.7595
4736 3376 65.7895
4736 3334 65.9794
4736 3333 60.6061
4736 3313 61.9048
4736 3309 68.75
4736 3272 62.2222
4736 3269 60.6742
4736 3258 60.7843
4736 3241 62.6866
4736 3214 73.1707
4736 3180 66.6667
4736 3125 64.1026
4736 3111 66.6667
4736 3103 66.6667
4736 3091 68.5714
4736 3064 63.8298
4736 2951 66.6667
4736 2942 61.5385
4736 2941 65.8537
4736 2939 60.241
4736 2936 61.2245
4736 2930 70.2703
4736 2898 62.8571
4736 2878 71.2644
4736 2848 62.5
4736 2822 60
4736 2805 66.6667
4736 2801 67.6923
4736 2764 69.2308
4736 2753 60.7843
4736 2741 63.1579
4736 2738 72.7273
4736 2727 65.9341
4736 2718 65.1685
4736 2711 60
4736 2710 63.5294
4736 2701 66
4736 2700 62.8571
4736 2688 61.9048
4736 2685 67.3469
4736 2682 60.7595
4736 2676 72.2222
4736 2670 73.2394
4736 2668 62.8571
4736 2665 60.4651
4736 2615 65.9091
4736 2609 70.4545
4736 2603 61.5385
4736 2597 72.2222
4736 2589 62.2222
4736 2578 61.7021
4736 2575 60.4167
4736 2574 64.1509
4736 2572 61.8557
4736 2564 66.6667
4736 2562 68.0412
4736 2541 61.0526
4736 2500 65
4736 2465 70.2703
4736 2462 64.3678
4736 2460 60.6061
4736 2433 64.2857
4736 2432 66.6667
4736 2427 71.9101
4736 2418 61.9718
4736 2405 63.8298
4736 2395 71.1111
4736 2380 69.697
4736 2362 61.3333
4736 2354 61.7021
4736 2345 61.5385
4736 2344 61.5385
4736 2323 61.5385
4736 2312 62.6506
4736 2294 68.4211
4736 2275 65.1685
4736 2267 65.9091
4736 2261 63.1579
4736 2237 67.5325
4736 2233 62.3377
4736 2227 62.6506
4736 2217 63.5514
4736 2195 62.1359
4736 2189 68.75
4736 2187 61.1111
4736 2163 63.1579
4736 2150 65.7895
4736 2136 60.5263
4736 2107 62.8571
4736 2101 60.274
4736 2083 62.3377
4736 2076 63.7681
4736 2070 60
4736 2046 64.4444
4736 2002 63.7681
4736 1999 67.4157
4736 1987 65.3061
4736 1983 65.3846
4736 1982 60.5263
4736 1972 61.7021
4736 1910 66.0377
4736 1890 66.6667
4736 1861 65.1163
4736 1854 61.1765
4736 1839 73.1183
4736 1833 64.3678
4736 1830 68.6869
4736 1825 67.5676
4736 1802 70.7692
4736 1799 68.0851
4736 1796 65.9574
4736 1768 61.8557
4736 1756 61.5385
4736 1746 71.2644
4736 1740 62
4736 1729 64.9351
4736 1711 60
4736 1706 61.7021
4736 1694 60.4651
4736 1667 60
4736 1661 63.8298
4736 1617 60.7595
4736 1590 61.9718
4736 1584 76.9231
4736 1579 67.5325
4736 1569 72.4638
4736 1557 60.241
4736 1554 60.6742
4736 1549 61.3333
4736 1547 65.7534
4736 1543 64.1975
4736 1534 72.7273
4736 1519 60.4167
4736 1507 62.069
4736 1476 63.2911
4736 1470 74.4681
4736 1468 72.973
4736 1463 60.6742
4736 1421 60.9524
4736 1407 63.5294
4736 1400 68.2353
4736 1357 61.9048
4736 1345 61.3636
4736 1320 69.3878
4736 1306 65.8228
4736 1301 64.9351
4736 1299 61.7284
4736 1285 60.4167
4736 1278 61.0526
4736 1273 61.6822
4736 1232 64.6154
4736 1182 67.3913
4736 1166 68.4211
4736 1155 68.6275
4736 1153 66.6667
4736 1151 62.3853
4736 1150 75.8621
4736 1148 63.7681
4736 1147 61.7021
4736 1137 64.6465
4736 1131 62.5
4736 1124 64.7887
4736 1073 66.6667
4736 1057 62.2642
4736 1049 62.5
4736 1048 60.2151
4736 1039 68.2927
4736 1036 60
4736 1025 64.6154
4736 1001 60.6742
4736 982 62.5
4736 966 75
4736 957 60
4736 955 66.6667
4736 953 69.8795
4736 932 60
4736 917 61.2245
4736 912 62.5
4736 900 66.6667
4736 899 71.7949
4736 888 61.1765
4736 883 60.8696
4736 874 69.1358
4736 866 60.3774
4736 853 65.1685
4736 815 64
4736 814 60.241
4736 804 62.069
4736 796 78.1609
4736 791 64.3678
4736 784 62.7451
4736 748 63.7363
4736 718 66.6667
4736 711 63.7681
4736 707 60.3774
4736 695 65.9341
4736 690 61.7284
4736 686 72.973
4736 649 73.1707
4736 632 74.2857
4736 626 62.6506
4736 614 60.1942
4736 608 66
4736 599 68.3544
4736 592 61.3861
4736 584 61.7284
4736 579 63.7363
4736 570 61.1111
4736 569 63.1579
4736 558 63.8889
4736 555 62.3656
4736 537 63.2911
4736 518 63.2653
4736 508 61.1765
4736 488 61.5385
4736 487 60
4736 478 61.0526
4736 458 66.6667
4736 454 61.9048
4736 432 63.6364
4736 429 61.8557
4736 404 65.8228
4736 401 73.4694
4736 386 61.3333
4736 385 62.6866
4736 320 60
4736 319 63.7363
4736 312 64.3678
4736 307 68.1319
4736 276 60
4736 270 64.7887
4736 252 65.1685
4736 251 75.2688
4736 235 62.6506
4736 218 62.7907
4736 209 69.6629
4736 208 61.1111
4736 204 72.7273
4736 194 60.3175
4736 183 61.5385
4736 153 65.9091
4736 151 63.1579
4736 134 64
4736 117 62.6263
4736 100 66.6667
4736 71 72
4736 62 65.2174
4736 42 61.0526
4736 34 72.5
4736 28 62.5
4736 20 63.8298
4736 11 60
4736 4 67.6056
0 0
1 0
2 0
3 0
4 0
5 0
6 0
7 0
8 0
9 0
10 3
11 3
12 0
13 4
14 7
15 0
16 1
17 10
18 11
19 11
20 25
21 24
22 25
23 27
24 35
25 52
26 30
27 54
28 80
29 87
30 71
31 100
32 102
33 95
34 157
35 127
36 107
37 150
38 152
39 115
40 220
41 99
42 174
43 148
44 163
45 142
46 183
47 146
48 150
49 132
50 213
51 81
52 161
53 105
54 126
55 98
56 93
57 97
58 76
59 56
60 70
61 50
62 65
63 35
64 39
65 25
66 34
67 18
68 12
69 14
70 8
71 5
72 8
73 10
74 5
75 3
76 2
77 2
78 1
79 1
80 0
81 0
82 0
83 0
84 0
85 0
86 0
87 0
88 0
89 0
90 0
91 0
92 0
93 0
94 0
95 0
96 0
97 0
98 0
99 0
100 0
101 0
59
125312
