92
4779 4676 60.7843
4779 4670 60.6061
4779 4630 62.9213
4779 4614 64.1026
4779 4588 60
4779 4564 65.0602
4779 4481 63.1579
4779 4456 62.6866
4779 4393 60.5263
4779 4184 69.6629
4779 4146 65
4779 4116 64.7059
4779 4053 62.069
4779 4041 61.7284
4779 3916 68.4211
4779 3807 64.2857
4779 3777 63.3663
4779 3724 69.2308
4779 3715 64.6154
4779 3655 63.1579
4779 3634 63.1579
4779 3432 63.2653
4779 3368 74.2857
4779 3331 67.8571
4779 3329 61.2903
4779 3168 65.7895
4779 3152 67.4157
4779 3133 60.6061
4779 3128 69.4444
4779 3046 60
4779 3026 63.6364
4779 3018 70.3297
4779 2985 69.4444
4779 2942 60.4651
4779 2938 61.7021
4779 2916 63.6364
4779 2903 61.1111
4779 2824 63.5294
4779 2773 66.6667
4779 2720 62.6866
4779 2619 63.4146
4779 2593 60.7595
4779 2550 67.5676
4779 2517 64.7059
4779 2499 87.6712
4779 2373 61.8182
4779 2370 60
4779 2298 64.9351
4779 2210 75.7576
4779 2124 68.4211
4779 2121 62.5
4779 2117 61.9718
4779 2081 69.697
4779 2031 61.5385
4779 2019 62.1622
4779 2012 68.75
4779 1937 60.9756
4779 1859 61.3333
4779 1735 60.3175
4779 1687 61.5385
4779 1579 63.8889
4779 1535 66.6667
4779 1466 64.4068
4779 1412 61.1111
4779 1356 64.5161
4779 1327 66.6667
4779 1301 63.8889
4779 1237 72.2892
4779 1171 61.1765
4779 1169 60.9756
4779 1154 63.5294
4779 1079 75.8621
4779 1027 62.7907
4779 918 63.0435
4779 887 75.3247
4779 709 71.6418
4779 612 62.5
4779 603 67.5
4779 551 63.1579
4779 545 71.4286
4779 499 63.1579
4779 428 67.3267
4779 415 65.7895
4779 375 60.3175
4779 317 63.1579
4779 296 67.4419
4779 276 61.1765
4779 250 65.2174
4779 202 67.6923
4779 157 62.5
4779 80 61.1765
4779 62 62.069
0 0
1 0
2 0
3 0
4 3
5 1
6 1
7 7
8 22
9 8
10 14
11 21
12 12
13 19
14 32
15 52
16 49
17 37
18 55
19 88
20 111
21 70
22 130
23 122
24 98
25 130
26 119
27 128
28 117
29 144
30 170
31 168
32 148
33 166
34 181
35 132
36 123
37 163
38 148
39 132
40 182
41 89
42 115
43 123
44 105
45 100
46 102
47 104
48 79
49 78
50 101
51 34
52 51
53 60
54 48
55 43
56 41
57 26
58 42
59 25
60 20
61 10
62 13
63 10
64 16
65 9
66 4
67 3
68 7
69 3
70 5
71 1
72 2
73 1
74 0
75 1
76 3
77 0
78 0
79 0
80 0
81 0
82 0
83 0
84 0
85 0
86 0
87 0
88 1
89 0
90 0
91 0
92 0
93 0
94 0
95 0
96 0
97 0
98 0
99 0
100 0
101 0
58
127674
