199
4988 4974 61.8182
4988 4958 61.5385
4988 4880 63.1579
4988 4874 60
4988 4850 62.8571
4988 4836 62.1359
4988 4829 60
4988 4812 66.6667
4988 4781 66.055
4988 4729 62.8099
4988 4701 64.4068
4988 4695 67.8261
4988 4659 62.2642
4988 4658 60.4167
4988 4652 68.5714
4988 4623 63.4615
4988 4584 67.3267
4988 4580 62.8099
4988 4576 70.4762
4988 4558 65.9574
4988 4531 62.2222
4988 4431 62.963
4988 4423 60
4988 4403 60.9756
4988 4387 62.7451
4988 4358 61.1765
4988 4357 62.7119
4988 4347 66
4988 4322 64.1509
4988 4316 60.3448
4988 4314 60.6061
4988 4292 62.069
4988 4260 73.1183
4988 4249 60.6742
4988 4209 70.4762
4988 4186 68.9655
4988 4174 67.2414
4988 4122 66.0714
4988 4099 63.6364
4988 4086 61.0526
4988 4064 60.6742
4988 4036 63.1579
4988 4007 66.1017
4988 4005 69.5652
4988 4004 61.9469
4988 4000 63.5514
4988 3990 62.3656
4988 3969 63.0435
4988 3966 63.8655
4988 3948 60.5505
4988 3920 72.5664
4988 3891 67.2727
4988 3890 67.2566
4988 3887 64.7619
4988 3852 61.8557
4988 3828 60.7595
4988 3814 60.9524
4988 3793 62
4988 3770 60.177
4988 3765 61.4035
4988 3755 64.7059
4988 3733 64.3478
4988 3712 67.3267
4988 3695 62.1359
4988 3660 60.177
4988 3637 67.2269
4988 3589 60
4988 3581 60
4988 3572 61.0526
4988 3493 60.241
4988 3475 62.3853
4988 3405 63.2653
4988 3399 61.9048
4988 3398 61.8557
4988 3389 61.2613
4988 3364 61.9048
4988 3293 62.8571
4988 3271 65.9574
4988 3263 69.9029
4988 3193 60.3774
4988 3066 67.9245
4988 3064 62.2642
4988 3061 63.3663
4988 3017 63.0435
4988 2965 62.3853
4988 2948 64.1509
4988 2880 65.2632
4988 2855 62.963
4988 2854 60.7843
4988 2846 60.8696
4988 2747 65.9574
4988 2715 65.3465
4988 2652 62.7907
4988 2614 60.5505
4988 2605 69.9029
4988 2582 62.069
4988 2548 60.6061
4988 2529 62.963
4988 2487 62.069
4988 2421 70.1031
4988 2414 66.6667
4988 2397 61.5385
4988 2345 64.0777
4988 2330 60.241
4988 2280 60
4988 2249 61.2613
4988 2248 64.2857
4988 2243 60.7843
4988 2189 75.9259
4988 2176 63.9175
4988 2174 65.9794
4988 2146 64.2202
4988 2132 68.9655
4988 2129 63.3663
4988 2120 61.8182
4988 2111 66.0377
4988 2089 66.6667
4988 2077 63.1579
4988 2075 62.2222
4988 2046 68.6275
4988 1984 60.9524
4988 1983 62.069
4988 1972 62.2642
4988 1955 68.4685
4988 1925 66.6667
4988 1894 63.1579
4988 1823 63.3663
4988 1815 60.7843
4988 1799 64.1509
4988 1790 65.3846
4988 1784 67.3469
4988 1773 61.3636
4988 1768 60.5505
4988 1723 63.7363
4988 1698 62
4988 1680 60.4167
4988 1670 62.069
4988 1647 66.055
4988 1621 60.3448
4988 1613 69.3878
4988 1609 61.157
4988 1543 60.2151
4988 1499 66
4988 1495 66.0194
4988 1493 60.177
4988 1490 66.6667
4988 1470 62.2642
4988 1452 62.6263
4988 1390 64.4068
4988 1320 67.2727
4988 1305 67.9245
4988 1276 61.7021
4988 1273 62.1849
4988 1248 62.5
4988 1203 66.6667
4988 1155 64.9123
4988 1147 67.9245
4988 1123 66.6667
4988 1071 67.7966
4988 1050 60.4167
4988 1021 61.2613
4988 980 60.3774
4988 974 65.3061
4988 972 69.4737
4988 935 70.9091
4988 917 60
4988 907 61.5385
4988 903 61.7021
4988 798 60.5505
4988 718 60.2151
4988 710 62.2222
4988 695 64.0777
4988 667 62.6263
4988 666 62.5
4988 620 62
4988 610 66.055
4988 609 63.0631
4988 554 60.241
4988 501 64.2857
4988 490 62.3853
4988 484 70.7071
4988 481 63.4615
4988 480 74.1379
4988 459 60
4988 423 64.8148
4988 381 62.963
4988 380 60
4988 369 70.0855
4988 363 68.0851
4988 356 65.5462
4988 328 64.5833
4988 290 60.6742
4988 171 61.9469
4988 130 64.3478
4988 100 64.8148
4988 94 60.3774
4988 83 60.7595
4988 53 60.3448
4988 14 69.3878
0 0
1 0
2 0
3 0
4 0
5 0
6 0
7 1
8 0
9 1
10 1
11 1
12 5
13 5
14 5
15 16
16 7
17 22
18 18
19 21
20 61
21 33
22 47
23 61
24 59
25 80
26 93
27 69
28 94
29 147
30 135
31 133
32 133
33 115
34 161
35 166
36 146
37 218
38 162
39 177
40 210
41 137
42 166
43 142
44 170
45 182
46 148
47 128
48 137
49 116
50 142
51 75
52 123
53 85
54 101
55 78
56 69
57 58
58 46
59 46
60 45
61 35
62 25
63 34
64 18
65 18
66 11
67 14
68 13
69 6
70 6
71 6
72 0
73 1
74 1
75 1
76 1
77 0
78 0
79 0
80 0
81 0
82 0
83 0
84 0
85 0
86 0
87 0
88 0
89 0
90 0
91 0
92 0
93 0
94 0
95 0
96 0
97 0
98 0
99 0
100 0
101 0
59
139133
