177
4973 4970 63.6364
4973 4960 61.2903
4973 4935 64.1975
4973 4917 67.5676
4973 4895 62.6866
4973 4888 75.3623
4973 4816 65.7534
4973 4812 64.1026
4973 4790 71.0526
4973 4759 64.3678
4973 4751 61.2245
4973 4749 63.8889
4973 4744 60.8696
4973 4733 69.4444
4973 4658 64
4973 4624 63.7681
4973 4617 71.4286
4973 4576 61.9048
4973 4549 64.8649
4973 4495 65.5738
4973 4480 64.4068
4973 4463 62.1622
4973 4442 65.3846
4973 4430 69.0476
4973 4426 64.8649
4973 4409 69.2308
4973 4378 64.4068
4973 4354 64.7887
4973 4312 65.4545
4973 4256 68.1818
4973 4199 61.1111
4973 4186 61.0526
4973 4175 62.6506
4973 4157 61.3636
4973 4134 62.3377
4973 4123 64.2857
4973 4122 61.5385
4973 4094 60.274
4973 4032 64.5161
4973 4025 64
4973 3828 62.069
4973 3822 67.5676
4973 3811 67.6471
4973 3794 74.6667
4973 3779 63.3333
4973 3729 61.2903
4973 3685 63.1579
4973 3680 64.2857
4973 3637 61.2245
4973 3619 61.5385
4973 3607 69.2308
4973 3549 60.3175
4973 3538 61.7284
4973 3501 67.5
4973 3398 63.1579
4973 3394 62.069
4973 3386 62.6866
4973 3372 60.7143
4973 3362 67.6056
4973 3357 67.6923
4973 3317 60.5263
4973 3312 61.2903
4973 3265 66.6667
4973 3260 62.6866
4973 3204 63.7681
4973 3193 61.1765
4973 3170 64.7059
4973 3104 62.6866
4973 2995 71.6981
4973 2977 67.7419
4973 2934 61.7647
4973 2931 64.4068
4973 2917 71.2329
4973 2897 64.5161
4973 2881 60.3774
4973 2880 62.1622
4973 2818 60.6061
4973 2775 61.9718
4973 2688 61.3333
4973 2668 62.2951
4973 2656 69.0476
4973 2652 64.6154
4973 2643 61.3333
4973 2617 68
4973 2545 64.2857
4973 2512 68.8525
4973 2473 62.2222
4973 2463 61.5385
4973 2388 62.2951
4973 2377 62.2951
4973 2344 63.7681
4973 2341 61.8182
4973 2315 61.1765
4973 2300 64.8649
4973 2277 64
4973 2251 60.7143
4973 2245 68.9655
4973 2208 66.6667
4973 2187 60.3175
4973 2174 60.5263
4973 2157 60
4973 2131 73.1707
4973 2122 65.7895
4973 2111 70.5882
4973 2094 65.3846
4973 2089 60.8696
4973 2063 61.5385
4973 2060 60.3774
4973 2023 71.875
4973 1939 61.7647
4973 1932 62.7451
4973 1905 67.5676
4973 1892 67.9245
4973 1871 65.7143
4973 1842 65.625
4973 1814 66.6667
4973 1810 65.625
4973 1793 62.9213
4973 1786 61.1111
4973 1761 63.8889
4973 1681 63.1579
4973 1652 61.7284
4973 1593 65.3061
4973 1559 63.3333
4973 1548 65.6716
4973 1543 63.8889
4973 1506 64.8649
4973 1495 63.4146
4973 1475 62.8571
4973 1469 62.3377
4973 1423 64.1026
4973 1386 61.5385
4973 1380 67.6471
4973 1340 67.9245
4973 1305 63.5294
4973 1279 68.8525
4973 1270 66.6667
4973 1257 65.8537
4973 1249 65.6716
4973 1227 72.5275
4973 1179 67.6056
4973 1092 63.0137
4973 1084 61.3636
4973 1065 66.6667
4973 1060 70.3297
4973 1028 61.0169
4973 998 61.8182
4973 968 61.7647
4973 932 61.5385
4973 913 60.7595
4973 869 62.6866
4973 844 61.0169
4973 739 63.3333
4973 683 71.6418
4973 669 65.3846
4973 666 61.3333
4973 575 63.2911
4973 519 63.7681
4973 512 70.1754
4973 496 66.6667
4973 481 60.241
4973 447 61.1111
4973 411 66.6667
4973 398 64.6154
4973 370 78.2609
4973 320 68.8525
4973 305 65.5738
4973 294 60.6061
4973 210 62.069
4973 195 60.3175
4973 182 61.0169
4973 174 61.5385
4973 172 71.4286
4973 87 61.3333
4973 56 61.7647
4973 29 64
4973 15 65.5738
0 0
1 0
2 0
3 0
4 2
5 0
6 1
7 1
8 21
9 5
10 3
11 5
12 23
13 26
14 24
15 26
16 45
17 41
18 38
19 51
20 87
21 55
22 69
23 63
24 120
25 158
26 71
27 111
28 121
29 134
30 155
31 133
32 141
33 178
34 144
35 119
36 193
37 160
38 151
39 143
40 195
41 101
42 143
43 138
44 163
45 120
46 122
47 96
48 115
49 102
50 131
51 62
52 79
53 74
54 65
55 57
56 46
57 37
58 60
59 39
60 33
61 16
62 37
63 20
64 22
65 20
66 16
67 7
68 13
69 5
70 5
71 3
72 7
73 1
74 1
75 1
76 1
77 0
78 0
79 1
80 0
81 0
82 0
83 0
84 0
85 0
86 0
87 0
88 0
89 0
90 0
91 0
92 0
93 0
94 0
95 0
96 0
97 0
98 0
99 0
100 0
101 0
56
138298
