24
498 490 67.3913
498 463 60.2151
498 462 61.5385
498 461 61.9048
498 457 63.3663
498 446 64.4068
498 400 69.8413
498 397 61.3636
498 348 66.6667
498 289 65.2632
498 268 67.7966
498 258 63.1579
498 245 60.2151
498 231 61.5385
498 215 62.8571
498 198 72.2892
498 175 60
498 156 69.7674
498 137 61.0169
498 132 63.8298
498 98 60.2151
498 49 68.4932
498 33 65.9574
498 29 63.2911
0 0
1 0
2 0
3 0
4 0
5 0
6 0
7 0
8 0
9 0
10 0
11 1
12 3
13 0
14 0
15 7
16 3
17 2
18 3
19 5
20 7
21 4
22 8
23 9
24 5
25 6
26 9
27 9
28 9
29 14
30 12
31 11
32 15
33 10
34 20
35 14
36 18
37 8
38 16
39 20
40 18
41 5
42 21
43 23
44 21
45 13
46 11
47 9
48 12
49 9
50 21
51 10
52 11
53 8
54 5
55 5
56 6
57 5
58 5
59 2
60 6
61 3
62 5
63 1
64 4
65 1
66 2
67 1
68 2
69 1
70 2
71 0
72 0
73 1
74 0
75 0
76 0
77 0
78 0
79 0
80 0
81 0
82 0
83 0
84 0
85 0
86 0
87 0
88 0
89 0
90 0
91 0
92 0
93 0
94 0
95 0
96 0
97 0
98 0
99 0
100 0
101 0
6
1124
