113
4995 4982 71.6049
4995 4973 60.6061
4995 4949 62.5
4995 4943 63.0435
4995 4922 65.6716
4995 4917 64.8649
4995 4879 64.6154
4995 4871 61.5385
4995 4847 70.5882
4995 4801 66.6667
4995 4800 61.3333
4995 4729 60
4995 4668 60
4995 4653 73.3333
4995 4617 64.2857
4995 4610 67.5676
4995 4574 60.9756
4995 4458 73.6842
4995 4379 60.8696
4995 4199 66.6667
4995 4197 61.2903
4995 4101 65.7895
4995 4019 63.1579
4995 3825 62.3377
4995 3759 60.241
4995 3710 66.6667
4995 3624 62.6506
4995 3610 73.6842
4995 3538 64.1975
4995 3420 63.0435
4995 3416 61.3636
4995 3398 65.7895
4995 3390 60.5263
4995 3252 60.4167
4995 3106 64
4995 3093 65.5738
4995 3065 67.6471
4995 3009 65.4545
4995 2995 60.3774
4995 2968 70.2703
4995 2956 61.7284
4995 2825 63.3333
4995 2765 64.7887
4995 2718 60
4995 2708 75
4995 2646 61.3636
4995 2629 61.7647
4995 2555 61.1111
4995 2521 60.7143
4995 2516 69.4444
4995 2494 64.3678
4995 2418 61.2903
4995 2369 66.6667
4995 2366 67.8571
4995 2335 64.3678
4995 2251 60.7143
4995 2190 60.8696
4995 2185 62.2951
4995 2054 66.6667
4995 2049 60.7143
4995 2045 65.3846
4995 2040 63.1579
4995 2011 61.1111
4995 2004 60.7143
4995 1959 61.5385
4995 1773 65.6716
4995 1710 60.7143
4995 1707 65.3061
4995 1673 67.8571
4995 1671 64.6154
4995 1633 63.0137
4995 1518 64.1975
4995 1506 62.1622
4995 1432 60
4995 1385 60
4995 1353 63.6364
4995 1235 60.8696
4995 1206 61.5385
4995 1191 64
4995 1146 62.5
4995 1123 60.4167
4995 1048 61.9048
4995 1028 64.4068
4995 1021 60
4995 1017 64
4995 999 60.3175
4995 998 61.8182
4995 924 68.5714
4995 905 60
4995 876 63.4921
4995 844 74.5763
4995 785 64.2857
4995 769 60.3175
4995 762 66.6667
4995 760 60.7143
4995 739 60
4995 617 64.7887
4995 609 66.6667
4995 555 61.9048
4995 537 65.7143
4995 519 60.8696
4995 514 63.6364
4995 485 62.6866
4995 472 62.7907
4995 447 61.1111
4995 388 63.3333
4995 382 65.9794
4995 336 70.7692
4995 299 65.7534
4995 286 64
4995 204 63.2911
4995 182 61.0169
4995 56 64.7059
0 1
1 0
2 0
3 0
4 17
5 6
6 2
7 14
8 44
9 19
10 24
11 25
12 75
13 53
14 39
15 61
16 94
17 80
18 86
19 81
20 145
21 86
22 123
23 115
24 127
25 164
26 102
27 156
28 145
29 160
30 179
31 142
32 180
33 185
34 133
35 124
36 169
37 144
38 125
39 122
40 142
41 72
42 110
43 108
44 104
45 69
46 95
47 74
48 66
49 66
50 83
51 34
52 62
53 51
54 50
55 34
56 25
57 20
58 31
59 19
60 27
61 19
62 17
63 8
64 15
65 13
66 11
67 7
68 4
69 1
70 1
71 3
72 1
73 0
74 3
75 2
76 0
77 0
78 0
79 0
80 0
81 0
82 0
83 0
84 0
85 0
86 0
87 0
88 0
89 0
90 0
91 0
92 0
93 0
94 0
95 0
96 0
97 0
98 0
99 0
100 0
101 0
58
139534
