7
5004 4386 65.7534
5004 2436 72.7273
5004 1675 78.2609
5004 1512 63.4921
5004 1325 60
5004 928 61.2903
5004 293 67.7419
0 313
1 0
2 0
3 224
4 415
5 329
6 142
7 172
8 282
9 253
10 214
11 186
12 231
13 184
14 219
15 166
16 148
17 129
18 161
19 113
20 150
21 70
22 114
23 78
24 86
25 82
26 49
27 63
28 52
29 51
30 39
31 25
32 38
33 41
34 12
35 24
36 20
37 13
38 13
39 14
40 12
41 7
42 12
43 6
44 6
45 4
46 6
47 3
48 5
49 5
50 6
51 2
52 2
53 0
54 2
55 0
56 1
57 1
58 1
59 0
60 1
61 0
62 1
63 0
64 1
65 0
66 1
67 0
68 1
69 0
70 0
71 0
72 0
73 1
74 0
75 0
76 0
77 0
78 0
79 1
80 0
81 0
82 0
83 0
84 0
85 0
86 0
87 0
88 0
89 0
90 0
91 0
92 0
93 0
94 0
95 0
96 0
97 0
98 0
99 0
100 0
101 0
31
140057
