102
5037 4955 63.6364
5037 4925 66.6667
5037 4856 61.0169
5037 4832 80
5037 4825 64.4068
5037 4767 61.9718
5037 4728 60
5037 4726 62.1622
5037 4686 66.6667
5037 4607 64.8649
5037 4592 61.8182
5037 4530 78.7879
5037 4365 78.3784
5037 4298 67.7966
5037 4262 60.3774
5037 4227 63.8298
5037 4117 60
5037 4050 60.6061
5037 4046 73.0159
5037 4008 62.5
5037 3957 65.3846
5037 3906 60.6061
5037 3804 60
5037 3757 64.7059
5037 3744 62.5
5037 3669 64.4068
5037 3588 61.1111
5037 3584 65.5172
5037 3574 63.7681
5037 3559 60.9756
5037 3554 62.5
5037 3534 61.1765
5037 3507 63.0137
5037 3421 71.4286
5037 3300 63.7681
5037 3277 67.5
5037 3276 68.4211
5037 3157 61.8182
5037 3000 60.9756
5037 2926 63.8298
5037 2893 62.7451
5037 2892 72.4638
5037 2840 60.8696
5037 2799 64
5037 2703 64
5037 2659 67.7966
5037 2599 71.7949
5037 2556 60.8696
5037 2515 66.6667
5037 2440 68.8525
5037 2357 75
5037 2174 60.274
5037 2125 65.5738
5037 2101 62.2951
5037 2069 65.7534
5037 2051 70.3704
5037 1997 64.7887
5037 1949 70.3704
5037 1938 72
5037 1931 60.8696
5037 1918 61.0169
5037 1891 63.2911
5037 1856 60.241
5037 1824 61.5385
5037 1809 73.2394
5037 1696 66.6667
5037 1643 63.1579
5037 1536 67.6056
5037 1514 73.9726
5037 1478 71.4286
5037 1347 61.7021
5037 1339 65.3846
5037 1299 63.7681
5037 1271 65.5172
5037 1254 68.75
5037 1192 60
5037 1186 61.2245
5037 1040 60.9756
5037 1014 63.7681
5037 949 60.3774
5037 881 62.5
5037 849 67.6056
5037 809 66.6667
5037 766 67.5325
5037 585 72.7273
5037 552 63.3333
5037 498 65.6716
5037 488 60.6061
5037 463 60.4651
5037 462 72.4138
5037 446 61.5385
5037 438 63.5294
5037 414 60.6061
5037 400 60.7143
5037 354 64.5161
5037 348 62.1622
5037 284 60
5037 217 64.1975
5037 215 66.6667
5037 198 65.7895
5037 33 64.3678
5037 25 60
0 0
1 0
2 0
3 2
4 18
5 23
6 1
7 7
8 30
9 56
10 21
11 40
12 58
13 69
14 50
15 50
16 75
17 88
18 102
19 106
20 111
21 111
22 130
23 119
24 130
25 164
26 94
27 134
28 153
29 134
30 170
31 154
32 161
33 123
34 166
35 162
36 131
37 129
38 163
39 101
40 160
41 87
42 104
43 94
44 93
45 100
46 86
47 68
48 81
49 65
50 91
51 34
52 57
53 42
54 48
55 37
56 28
57 37
58 38
59 30
60 24
61 16
62 11
63 8
64 14
65 8
66 8
67 6
68 6
69 3
70 0
71 2
72 4
73 3
74 3
75 1
76 0
77 0
78 0
79 2
80 1
81 0
82 0
83 0
84 0
85 0
86 0
87 0
88 0
89 0
90 0
91 0
92 0
93 0
94 0
95 0
96 0
97 0
98 0
99 0
100 0
101 0
60
142134
