247
5032 4998 60.274
5032 4986 60.9756
5032 4960 61.5385
5032 4945 63.4146
5032 4928 64.6154
5032 4920 62.9213
5032 4917 64.9351
5032 4910 60
5032 4877 67.6471
5032 4845 60.4651
5032 4844 61.9718
5032 4799 66.6667
5032 4794 61.1111
5032 4786 62.5
5032 4754 72.2222
5032 4736 64.1026
5032 4724 60
5032 4679 62.5
5032 4660 60.7143
5032 4645 65.9574
5032 4639 62.2222
5032 4624 61.1111
5032 4623 60.4651
5032 4594 60
5032 4579 60
5032 4545 61.5385
5032 4512 62.8571
5032 4493 60.9756
5032 4479 60
5032 4423 60.9756
5032 4407 62.5
5032 4405 60
5032 4393 61.3333
5032 4384 63.6364
5032 4351 63.4146
5032 4335 63.6364
5032 4330 62.5
5032 4313 70.5882
5032 4304 68.4211
5032 4279 60.8696
5032 4254 60.5263
5032 4228 69.5652
5032 4204 62.069
5032 4193 63.7681
5032 4162 67.6471
5032 4148 61.7021
5032 4127 60.7595
5032 4112 64.7059
5032 4103 61.0169
5032 4085 68.5714
5032 4062 64.2857
5032 4009 60.7595
5032 3980 64.5833
5032 3959 62.6506
5032 3914 60
5032 3910 60.2151
5032 3892 60.4651
5032 3882 60.1942
5032 3844 60.274
5032 3822 64.9351
5032 3798 65.6716
5032 3797 61.0169
5032 3777 64
5032 3768 60.6061
5032 3745 60.241
5032 3702 79.4872
5032 3692 61.0526
5032 3663 62.2222
5032 3614 61.5385
5032 3593 60.3175
5032 3579 68.75
5032 3556 60
5032 3554 60
5032 3548 64.7887
5032 3489 66.6667
5032 3479 61.3636
5032 3458 62.3377
5032 3445 66.6667
5032 3411 61.9048
5032 3390 60.7595
5032 3376 60
5032 3313 64.1026
5032 3309 66.6667
5032 3275 61.0169
5032 3260 60
5032 3238 67.7966
5032 3191 60.274
5032 3180 64.4444
5032 3177 64
5032 3164 62.8571
5032 3158 63.1579
5032 3142 60.4651
5032 3133 61.5385
5032 3125 100
5032 3114 60.7595
5032 3111 60.7843
5032 3104 60
5032 3089 60
5032 3060 63.0137
5032 3039 61.0169
5032 2986 62.069
5032 2941 65.7895
5032 2936 60.8696
5032 2878 64.1975
5032 2875 61.1111
5032 2826 69.697
5032 2805 61.7284
5032 2799 61.7284
5032 2798 63.3333
5032 2796 63.1579
5032 2791 60
5032 2784 69.3333
5032 2766 60
5032 2759 63.7681
5032 2754 62.8571
5032 2741 62.8571
5032 2731 65.625
5032 2697 61.9718
5032 2687 66.6667
5032 2685 63.0435
5032 2682 71.2329
5032 2641 68.5714
5032 2634 61.0169
5032 2609 65.8537
5032 2585 60.4651
5032 2558 61.3636
5032 2513 60.5263
5032 2500 62.1622
5032 2483 62.7907
5032 2482 60.6061
5032 2405 61.3636
5032 2384 60
5032 2370 60.7595
5032 2362 63.7681
5032 2358 61.8182
5032 2352 68.3544
5032 2350 61.0169
5032 2345 61.1765
5032 2329 65.5172
5032 2306 60.241
5032 2267 63.4146
5032 2251 61.0169
5032 2249 60.2151
5032 2237 61.9718
5032 2203 61.5385
5032 2175 60
5032 2171 60.8696
5032 2136 68.5714
5032 2130 62.069
5032 2116 60.3175
5032 2115 62.6263
5032 2083 61.9718
5032 2070 61.7021
5032 2062 62.1359
5032 2017 67.5676
5032 1999 69.8795
5032 1987 67.3913
5032 1928 64.6154
5032 1923 60.274
5032 1922 62.2222
5032 1890 64.5161
5032 1839 64.3678
5032 1830 60.2151
5032 1829 63.0435
5032 1819 61.5385
5032 1801 62.6506
5032 1799 63.6364
5032 1756 64.4068
5032 1754 61.3333
5032 1746 61.7284
5032 1743 63.8889
5032 1729 64.7887
5032 1725 60.6061
5032 1716 64.5161
5032 1713 64.1026
5032 1711 65.625
5032 1667 66.6667
5032 1618 60.274
5032 1617 63.0137
5032 1606 61.5385
5032 1591 64.6154
5032 1584 61.1111
5032 1582 63.0435
5032 1543 64
5032 1534 63.4146
5032 1517 60.8696
5032 1495 61.1765
5032 1470 65.9091
5032 1468 61.7647
5032 1462 61.7021
5032 1426 61.3333
5032 1357 61.5385
5032 1342 62.3377
5032 1338 64.4068
5032 1306 65.7534
5032 1301 61.9718
5032 1300 63.1579
5032 1299 61.3333
5032 1291 60.7595
5032 1285 66.6667
5032 1235 69.4444
5032 1200 63.6364
5032 1187 61.0169
5032 1150 64.1975
5032 1089 60
5032 1085 61.1111
5032 1073 60.8696
5032 1053 61.9048
5032 1025 64.4068
5032 1001 62.6506
5032 978 63.0435
5032 974 62.5
5032 947 64.1026
5032 903 60.5263
5032 883 60.3175
5032 880 62
5032 831 63.4146
5032 824 64
5032 804 66.6667
5032 791 61.7284
5032 784 62.5
5032 724 60.4651
5032 718 61.3333
5032 707 62
5032 690 61.3333
5032 641 60.8696
5032 614 63.9175
5032 598 60.8696
5032 579 63.5294
5032 570 60.6061
5032 508 68.3544
5032 506 61.1765
5032 477 74.6667
5032 465 63.1579
5032 432 68.2927
5032 429 70.3297
5032 398 61.7647
5032 391 60.8696
5032 372 60
5032 365 64.7059
5032 362 64.8649
5032 251 64.3678
5032 209 67.4699
5032 188 61.9718
5032 157 70.8861
5032 34 62.1622
5032 4 61.5385
0 0
1 0
2 0
3 0
4 0
5 0
6 0
7 0
8 0
9 0
10 1
11 0
12 1
13 0
14 0
15 1
16 0
17 2
18 2
19 10
20 7
21 4
22 3
23 19
24 25
25 18
26 32
27 44
28 44
29 39
30 46
31 98
32 83
33 87
34 112
35 128
36 114
37 136
38 200
39 150
40 249
41 127
42 206
43 174
44 230
45 217
46 194
47 226
48 213
49 167
50 266
51 132
52 131
53 144
54 151
55 125
56 113
57 90
58 98
59 62
60 82
61 46
62 55
63 27
64 30
65 26
66 9
67 8
68 6
69 8
70 5
71 3
72 1
73 1
74 0
75 1
76 0
77 0
78 0
79 0
80 1
81 0
82 0
83 0
84 0
85 0
86 0
87 0
88 0
89 0
90 0
91 0
92 0
93 0
94 0
95 0
96 0
97 0
98 0
99 0
100 0
101 1
71
141780
