71
5116 5108 65.3846
5116 5051 64.7059
5116 5028 66.6667
5116 4966 60
5116 4825 64.1509
5116 4734 61.2903
5116 4731 62.5
5116 4728 77.2727
5116 4697 61.5385
5116 4643 86.9565
5116 4544 75.8621
5116 4467 61.5385
5116 4397 63.4146
5116 4394 62.5
5116 4289 60.3175
5116 4104 63.0137
5116 4050 70
5116 3996 72.7273
5116 3957 60.8696
5116 3933 69.3878
5116 3827 63.6364
5116 3757 61.2903
5116 3740 60
5116 3669 67.9245
5116 3535 60.7143
5116 3438 60.5263
5116 3360 66.6667
5116 3202 61.2903
5116 3186 64
5116 3178 67.9245
5116 3109 66.6667
5116 3057 62.2951
5116 2950 63.4146
5116 2945 61.9048
5116 2892 66.6667
5116 2860 88.3721
5116 2849 66.6667
5116 2840 65
5116 2778 63.4146
5116 2720 62.963
5116 2664 78.4314
5116 2559 71.1111
5116 2538 63.7681
5116 2530 75
5116 2360 70
5116 2356 60.3175
5116 2307 64
5116 2204 66.6667
5116 2126 65.7143
5116 2125 61.8182
5116 2051 79.1667
5116 1772 73.0769
5116 1718 65.2174
5116 1666 60.7143
5116 1594 62.5
5116 1558 61.9048
5116 1527 65
5116 1443 64.5161
5116 1438 70.3704
5116 1415 73.1707
5116 1335 63.3333
5116 1066 64.4068
5116 1022 69.3878
5116 961 65.1163
5116 694 67.6923
5116 509 64.8649
5116 474 63.3333
5116 359 64.5161
5116 189 60
5116 168 61.5385
5116 25 66.6667
0 10
1 0
2 0
3 5
4 30
5 89
6 14
7 24
8 45
9 54
10 107
11 54
12 70
13 83
14 116
15 138
16 118
17 84
18 138
19 120
20 188
21 129
22 149
23 145
24 180
25 163
26 121
27 138
28 157
29 125
30 164
31 118
32 147
33 96
34 127
35 160
36 119
37 94
38 121
39 116
40 134
41 71
42 79
43 71
44 73
45 61
46 66
47 58
48 54
49 34
50 63
51 17
52 40
53 25
54 26
55 28
56 21
57 25
58 23
59 9
60 13
61 6
62 9
63 5
64 10
65 8
66 4
67 7
68 3
69 0
70 4
71 1
72 1
73 1
74 2
75 1
76 1
77 0
78 1
79 1
80 1
81 0
82 0
83 0
84 0
85 0
86 0
87 1
88 0
89 1
90 0
91 0
92 0
93 0
94 0
95 0
96 0
97 0
98 0
99 0
100 0
101 0
50
147236
