41
5101 4891 64.1026
5101 4514 60.274
5101 4413 62.5
5101 4399 65.1163
5101 4315 64.4444
5101 4169 60.7595
5101 4167 60.9756
5101 4139 62.5
5101 4078 64
5101 3856 62.6506
5101 3771 66.6667
5101 3658 60
5101 3495 66.6667
5101 3273 61.3861
5101 3118 63.9175
5101 3092 60.241
5101 3079 63.6364
5101 2909 69.4737
5101 2533 93.9759
5101 2454 60
5101 2378 66.6667
5101 2357 60
5101 2307 65.7143
5101 1933 60.6742
5101 1886 71.1111
5101 1811 64.8649
5101 1643 62.2222
5101 1525 60.241
5101 1501 61.1111
5101 1367 60.274
5101 1277 63.1579
5101 1243 66.6667
5101 1231 62.5
5101 1210 60.8696
5101 881 66.6667
5101 409 60.8696
5101 408 63.4146
5101 348 63.6364
5101 289 60.7843
5101 242 64.6465
5101 152 63.2653
0 0
1 0
2 0
3 1
4 2
5 0
6 5
7 11
8 8
9 23
10 62
11 24
12 45
13 64
14 100
15 77
16 92
17 138
18 100
19 104
20 171
21 132
22 144
23 180
24 170
25 174
26 150
27 171
28 202
29 183
30 189
31 152
32 156
33 162
34 163
35 130
36 150
37 145
38 116
39 133
40 123
41 81
42 108
43 85
44 83
45 76
46 63
47 54
48 67
49 42
50 44
51 25
52 34
53 40
54 27
55 17
56 10
57 16
58 13
59 8
60 17
61 10
62 2
63 5
64 7
65 4
66 2
67 5
68 0
69 0
70 1
71 0
72 1
73 0
74 0
75 0
76 0
77 0
78 0
79 0
80 0
81 0
82 0
83 0
84 0
85 0
86 0
87 0
88 0
89 0
90 0
91 0
92 0
93 0
94 1
95 0
96 0
97 0
98 0
99 0
100 0
101 0
68
146304
