4
525 347 61.3636
525 304 68.6275
525 138 63.7363
525 103 63.8298
0 0
1 0
2 0
3 1
4 2
5 2
6 5
7 1
8 4
9 5
10 7
11 6
12 10
13 12
14 6
15 12
16 12
17 10
18 17
19 18
20 15
21 16
22 22
23 13
24 21
25 24
26 19
27 21
28 14
29 23
30 12
31 15
32 17
33 13
34 8
35 10
36 11
37 12
38 13
39 7
40 13
41 4
42 11
43 3
44 7
45 8
46 4
47 5
48 7
49 4
50 5
51 2
52 1
53 6
54 1
55 0
56 2
57 0
58 1
59 0
60 0
61 0
62 1
63 0
64 2
65 0
66 0
67 0
68 0
69 1
70 0
71 0
72 0
73 0
74 0
75 0
76 0
77 0
78 0
79 0
80 0
81 0
82 0
83 0
84 0
85 0
86 0
87 0
88 0
89 0
90 0
91 0
92 0
93 0
94 0
95 0
96 0
97 0
98 0
99 0
100 0
101 0
5
1258
