28
553 551 64.8148
553 542 64.1509
553 533 61.2245
553 478 60.1942
553 465 60
553 441 61.5385
553 409 63.2653
553 397 63.3663
553 372 61.7021
553 369 61.9469
553 365 68.2927
553 354 60.9756
553 309 65.0602
553 284 62.2222
553 264 61.5385
553 199 60.6742
553 193 69.3878
553 157 62.3656
553 152 61.5385
553 130 61.2613
553 119 63.7363
553 106 69.7674
553 94 64.7059
553 91 63.0435
553 42 60.1942
553 41 69.6629
553 19 67.3684
553 8 64.4444
0 0
1 0
2 0
3 0
4 0
5 0
6 0
7 0
8 0
9 0
10 0
11 1
12 1
13 0
14 0
15 2
16 0
17 2
18 0
19 3
20 1
21 5
22 6
23 2
24 5
25 5
26 6
27 12
28 8
29 10
30 10
31 16
32 15
33 14
34 20
35 14
36 16
37 11
38 20
39 19
40 17
41 13
42 28
43 11
44 22
45 18
46 20
47 16
48 19
49 15
50 18
51 9
52 11
53 9
54 10
55 12
56 19
57 12
58 13
59 5
60 4
61 4
62 7
63 2
64 4
65 4
66 1
67 0
68 1
69 1
70 3
71 0
72 0
73 0
74 0
75 0
76 0
77 0
78 0
79 0
80 0
81 0
82 0
83 0
84 0
85 0
86 0
87 0
88 0
89 0
90 0
91 0
92 0
93 0
94 0
95 0
96 0
97 0
98 0
99 0
100 0
101 0
6
1415
