6
562 404 62.963
562 282 61.2245
562 237 82.9268
562 180 60
562 63 66.6667
562 5 60.8696
0 0
1 0
2 0
3 0
4 1
5 2
6 1
7 2
8 4
9 1
10 4
11 5
12 9
13 7
14 11
15 3
16 14
17 13
18 15
19 10
20 19
21 9
22 18
23 16
24 26
25 22
26 10
27 20
28 18
29 12
30 24
31 20
32 27
33 15
34 17
35 11
36 15
37 9
38 15
39 12
40 26
41 6
42 15
43 10
44 10
45 6
46 7
47 7
48 9
49 3
50 6
51 1
52 3
53 3
54 1
55 0
56 1
57 1
58 1
59 1
60 2
61 1
62 1
63 1
64 0
65 0
66 0
67 1
68 0
69 0
70 0
71 0
72 0
73 0
74 0
75 0
76 0
77 0
78 0
79 0
80 0
81 0
82 0
83 1
84 0
85 0
86 0
87 0
88 0
89 0
90 0
91 0
92 0
93 0
94 0
95 0
96 0
97 0
98 0
99 0
100 0
101 0
5
1466
