12
592 584 61.2245
592 579 66.6667
592 454 63.3663
592 429 66.6667
592 344 61.9048
592 307 68.5185
592 183 71.5789
592 162 60.5042
592 103 71.1538
592 78 63.1579
592 20 72.0721
592 4 61.3636
0 0
1 0
2 0
3 0
4 0
5 0
6 0
7 0
8 0
9 0
10 0
11 0
12 2
13 1
14 4
15 0
16 2
17 1
18 5
19 7
20 10
21 9
22 8
23 5
24 15
25 8
26 5
27 17
28 15
29 20
30 20
31 18
32 24
33 24
34 17
35 27
36 22
37 24
38 14
39 19
40 26
41 16
42 18
43 17
44 25
45 11
46 9
47 12
48 10
49 13
50 16
51 8
52 7
53 15
54 3
55 7
56 6
57 5
58 3
59 6
60 3
61 1
62 3
63 0
64 2
65 0
66 0
67 2
68 0
69 1
70 0
71 0
72 2
73 1
74 0
75 0
76 0
77 0
78 0
79 0
80 0
81 0
82 0
83 0
84 0
85 0
86 0
87 0
88 0
89 0
90 0
91 0
92 0
93 0
94 0
95 0
96 0
97 0
98 0
99 0
100 0
101 0
7
1643
