4
659 330 60.6061
659 232 76.4706
659 224 62.8571
659 139 63.4146
0 0
1 0
2 0
3 0
4 4
5 7
6 6
7 7
8 9
9 10
10 9
11 15
12 19
13 15
14 18
15 15
16 28
17 18
18 29
19 30
20 30
21 14
22 19
23 20
24 32
25 31
26 15
27 20
28 18
29 22
30 17
31 18
32 13
33 21
34 11
35 14
36 9
37 10
38 6
39 6
40 6
41 12
42 10
43 5
44 4
45 1
46 7
47 2
48 3
49 3
50 3
51 1
52 4
53 4
54 0
55 2
56 0
57 1
58 0
59 1
60 0
61 1
62 0
63 1
64 1
65 0
66 0
67 0
68 0
69 0
70 0
71 0
72 0
73 0
74 0
75 0
76 0
77 1
78 0
79 0
80 0
81 0
82 0
83 0
84 0
85 0
86 0
87 0
88 0
89 0
90 0
91 0
92 0
93 0
94 0
95 0
96 0
97 0
98 0
99 0
100 0
101 0
6
2087
