7
723 593 68.4685
723 505 68.6275
723 469 64
723 415 66.6667
723 405 60
723 80 60.9524
723 47 66.6667
0 0
1 0
2 0
3 0
4 0
5 1
6 7
7 2
8 2
9 2
10 9
11 9
12 13
13 12
14 24
15 7
16 14
17 14
18 23
19 16
20 23
21 12
22 23
23 20
24 24
25 34
26 22
27 19
28 29
29 25
30 24
31 25
32 23
33 21
34 21
35 23
36 14
37 13
38 28
39 16
40 18
41 7
42 14
43 6
44 10
45 7
46 10
47 8
48 6
49 5
50 7
51 5
52 5
53 3
54 1
55 2
56 2
57 2
58 2
59 0
60 2
61 1
62 0
63 0
64 1
65 0
66 0
67 2
68 0
69 2
70 0
71 0
72 0
73 0
74 0
75 0
76 0
77 0
78 0
79 0
80 0
81 0
82 0
83 0
84 0
85 0
86 0
87 0
88 0
89 0
90 0
91 0
92 0
93 0
94 0
95 0
96 0
97 0
98 0
99 0
100 0
101 0
9
2563
