14
878 870 61.2245
878 687 74.4186
878 676 60
878 545 65.3846
878 540 75.6757
878 375 75.5556
878 368 61.5385
878 335 63.4146
878 326 61.1111
878 298 63.8298
878 269 66.6667
878 243 61.1111
878 196 60
878 64 68.2927
0 0
1 0
2 0
3 1
4 0
5 2
6 4
7 1
8 1
9 4
10 7
11 8
12 12
13 6
14 10
15 11
16 9
17 17
18 13
19 15
20 24
21 10
22 34
23 19
24 25
25 27
26 20
27 34
28 36
29 24
30 33
31 21
32 21
33 29
34 25
35 31
36 27
37 20
38 32
39 30
40 18
41 12
42 25
43 17
44 13
45 21
46 8
47 16
48 22
49 9
50 13
51 3
52 10
53 10
54 5
55 2
56 2
57 3
58 3
59 7
60 3
61 0
62 4
63 0
64 2
65 0
66 1
67 1
68 0
69 1
70 0
71 0
72 0
73 0
74 0
75 1
76 2
77 0
78 0
79 0
80 0
81 0
82 0
83 0
84 0
85 0
86 0
87 0
88 0
89 0
90 0
91 0
92 0
93 0
94 0
95 0
96 0
97 0
98 0
99 0
100 0
101 0
9
3865
