11
970 921 60.8696
970 868 66.6667
970 847 69.5652
970 830 61.0169
970 779 75
970 390 61.9048
970 188 62.069
970 165 61.9048
970 147 66.6667
970 122 64.4068
970 111 70.8333
0 1
1 0
2 0
3 0
4 1
5 2
6 2
7 2
8 3
9 1
10 20
11 5
12 8
13 11
14 18
15 19
16 20
17 13
18 28
19 14
20 37
21 18
22 28
23 31
24 29
25 39
26 37
27 29
28 35
29 22
30 31
31 33
32 31
33 32
34 24
35 42
36 26
37 24
38 18
39 30
40 36
41 5
42 19
43 14
44 21
45 9
46 8
47 8
48 13
49 11
50 15
51 3
52 8
53 7
54 2
55 6
56 3
57 2
58 1
59 2
60 1
61 1
62 3
63 1
64 0
65 1
66 0
67 2
68 0
69 0
70 1
71 1
72 0
73 0
74 0
75 1
76 0
77 0
78 0
79 0
80 0
81 0
82 0
83 0
84 0
85 0
86 0
87 0
88 0
89 0
90 0
91 0
92 0
93 0
94 0
95 0
96 0
97 0
98 0
99 0
100 0
101 0
7
4768
