0
0 1
1 0
2 14
3 21
4 20
5 55
6 37
7 65
8 63
9 77
10 86
11 79
12 81
13 76
14 73
15 73
16 87
17 56
18 75
19 54
20 69
21 43
22 34
23 31
24 23
25 31
26 19
27 22
28 15
29 15
30 13
31 8
32 10
33 7
34 7
35 4
36 2
37 2
38 1
39 1
40 1
41 0
42 0
43 0
44 0
45 0
46 0
47 0
48 0
49 0
50 0
51 0
52 0
53 0
54 0
55 0
56 0
57 0
58 0
59 0
60 0
61 0
62 0
63 0
64 0
65 0
66 0
67 0
68 0
69 0
70 0
71 0
72 0
73 0
74 0
75 0
76 0
77 0
78 0
79 0
80 0
81 0
82 0
83 0
84 0
85 0
86 0
87 0
88 0
89 0
90 0
91 0
92 0
93 0
94 0
95 0
96 0
97 0
98 0
99 0
100 0
101 0
25
17938
