0
0 8
1 0
2 21
3 53
4 50
5 93
6 76
7 90
8 100
9 94
10 105
11 61
12 88
13 70
14 65
15 63
16 71
17 34
18 44
19 33
20 41
21 19
22 24
23 14
24 18
25 13
26 11
27 5
28 7
29 6
30 5
31 1
32 5
33 3
34 5
35 1
36 0
37 2
38 1
39 2
40 1
41 0
42 1
43 0
44 0
45 0
46 0
47 0
48 0
49 0
50 0
51 0
52 0
53 0
54 0
55 0
56 0
57 0
58 0
59 0
60 0
61 0
62 0
63 0
64 0
65 0
66 0
67 0
68 0
69 0
70 0
71 0
72 0
73 0
74 0
75 0
76 0
77 0
78 0
79 0
80 0
81 0
82 0
83 0
84 0
85 0
86 0
87 0
88 0
89 0
90 0
91 0
92 0
93 0
94 0
95 0
96 0
97 0
98 0
99 0
100 0
101 0
23
16759
