0
0 18
1 0
2 61
3 67
4 71
5 96
6 77
7 114
8 87
9 86
10 101
11 75
12 85
13 55
14 59
15 56
16 54
17 37
18 34
19 29
20 36
21 10
22 14
23 18
24 16
25 16
26 10
27 6
28 1
29 4
30 5
31 4
32 2
33 0
34 2
35 4
36 1
37 0
38 0
39 0
40 0
41 0
42 0
43 0
44 0
45 0
46 0
47 0
48 0
49 0
50 0
51 0
52 0
53 0
54 0
55 0
56 0
57 0
58 0
59 0
60 0
61 0
62 0
63 0
64 0
65 0
66 0
67 0
68 0
69 0
70 0
71 0
72 0
73 0
74 0
75 0
76 0
77 0
78 0
79 0
80 0
81 0
82 0
83 0
84 0
85 0
86 0
87 0
88 0
89 0
90 0
91 0
92 0
93 0
94 0
95 0
96 0
97 0
98 0
99 0
100 0
101 0
22
16922
