0
0 6
1 0
2 58
3 24
4 91
5 77
6 114
7 83
8 104
9 122
10 119
11 99
12 114
13 89
14 105
15 83
16 69
17 65
18 77
19 69
20 43
21 41
22 30
23 23
24 27
25 17
26 21
27 23
28 15
29 20
30 6
31 7
32 6
33 4
34 9
35 4
36 1
37 3
38 1
39 1
40 3
41 0
42 1
43 1
44 1
45 0
46 0
47 0
48 0
49 0
50 0
51 0
52 0
53 0
54 0
55 0
56 0
57 0
58 0
59 0
60 0
61 0
62 0
63 0
64 0
65 0
66 0
67 0
68 0
69 0
70 0
71 0
72 0
73 0
74 0
75 0
76 0
77 0
78 0
79 0
80 0
81 0
82 0
83 0
84 0
85 0
86 0
87 0
88 0
89 0
90 0
91 0
92 0
93 0
94 0
95 0
96 0
97 0
98 0
99 0
100 0
101 0
36
30257
