0
0 1
1 0
2 38
3 9
4 70
5 43
6 93
7 84
8 140
9 114
10 129
11 132
12 128
13 136
14 127
15 129
16 121
17 114
18 102
19 71
20 71
21 61
22 66
23 58
24 53
25 44
26 33
27 31
28 20
29 20
30 26
31 13
32 11
33 8
34 7
35 8
36 5
37 7
38 1
39 2
40 0
41 1
42 0
43 0
44 1
45 0
46 0
47 0
48 0
49 0
50 0
51 0
52 0
53 0
54 0
55 0
56 0
57 0
58 1
59 0
60 0
61 0
62 0
63 0
64 0
65 0
66 0
67 0
68 0
69 0
70 0
71 0
72 0
73 0
74 0
75 0
76 0
77 0
78 0
79 0
80 0
81 0
82 0
83 0
84 0
85 0
86 0
87 0
88 0
89 0
90 0
91 0
92 0
93 0
94 0
95 0
96 0
97 0
98 0
99 0
100 0
101 0
40
46362
