0
0 4
1 0
2 44
3 15
4 90
5 74
6 107
7 81
8 145
9 130
10 166
11 123
12 147
13 132
14 134
15 149
16 132
17 111
18 109
19 83
20 91
21 68
22 73
23 40
24 43
25 56
26 22
27 32
28 14
29 18
30 10
31 7
32 10
33 8
34 7
35 3
36 12
37 6
38 4
39 1
40 4
41 1
42 2
43 0
44 0
45 0
46 0
47 0
48 0
49 0
50 1
51 0
52 0
53 0
54 0
55 0
56 0
57 0
58 0
59 0
60 0
61 0
62 0
63 0
64 0
65 0
66 0
67 0
68 0
69 0
70 0
71 0
72 0
73 0
74 0
75 0
76 0
77 0
78 0
79 0
80 0
81 0
82 0
83 0
84 0
85 0
86 0
87 0
88 0
89 0
90 0
91 0
92 0
93 0
94 0
95 0
96 0
97 0
98 0
99 0
100 0
101 0
42
53722
