0
0 43
1 0
2 52
3 172
4 38
5 136
6 171
7 159
8 192
9 118
10 132
11 156
12 140
13 133
14 119
15 106
16 103
17 80
18 83
19 49
20 78
21 50
22 56
23 39
24 39
25 33
26 22
27 36
28 17
29 15
30 17
31 11
32 14
33 5
34 4
35 4
36 4
37 3
38 2
39 3
40 3
41 0
42 0
43 1
44 2
45 0
46 1
47 2
48 0
49 0
50 0
51 1
52 0
53 0
54 0
55 0
56 0
57 0
58 1
59 0
60 0
61 0
62 0
63 0
64 0
65 0
66 0
67 0
68 0
69 0
70 0
71 0
72 0
73 0
74 0
75 0
76 0
77 0
78 0
79 0
80 0
81 0
82 0
83 0
84 0
85 0
86 0
87 0
88 0
89 0
90 0
91 0
92 0
93 0
94 0
95 0
96 0
97 0
98 0
99 0
100 0
101 0
50
59750
