0
0 5
1 0
2 60
3 27
4 89
5 140
6 126
7 187
8 173
9 183
10 197
11 180
12 174
13 157
14 170
15 183
16 111
17 140
18 92
19 92
20 98
21 76
22 61
23 69
24 50
25 44
26 33
27 26
28 27
29 19
30 17
31 12
32 10
33 7
34 10
35 6
36 3
37 6
38 5
39 4
40 3
41 0
42 2
43 2
44 1
45 0
46 0
47 0
48 0
49 0
50 0
51 0
52 0
53 0
54 0
55 0
56 0
57 0
58 0
59 0
60 0
61 0
62 0
63 0
64 0
65 0
66 0
67 0
68 0
69 0
70 0
71 0
72 0
73 0
74 0
75 0
76 0
77 0
78 0
79 0
80 0
81 0
82 0
83 0
84 0
85 0
86 0
87 0
88 0
89 0
90 0
91 0
92 0
93 0
94 0
95 0
96 0
97 0
98 0
99 0
100 0
101 0
54
80381
