0
0 25
1 0
2 32
3 194
4 72
5 206
6 213
7 173
8 237
9 178
10 175
11 174
12 169
13 168
14 161
15 108
16 95
17 85
18 93
19 78
20 59
21 41
22 67
23 42
24 31
25 38
26 24
27 19
28 20
29 10
30 15
31 4
32 4
33 5
34 4
35 0
36 3
37 1
38 0
39 1
40 0
41 1
42 1
43 0
44 0
45 0
46 0
47 0
48 0
49 0
50 0
51 0
52 0
53 0
54 0
55 0
56 0
57 0
58 0
59 0
60 0
61 0
62 0
63 0
64 0
65 0
66 0
67 0
68 0
69 0
70 0
71 0
72 0
73 0
74 0
75 0
76 0
77 0
78 0
79 0
80 0
81 0
82 0
83 0
84 0
85 0
86 0
87 0
88 0
89 0
90 0
91 0
92 0
93 0
94 0
95 0
96 0
97 0
98 0
99 0
100 0
101 0
58
77756
