0
0 4
1 0
2 26
3 6
4 83
5 37
6 106
7 122
8 155
9 165
10 158
11 155
12 164
13 176
14 179
15 167
16 172
17 159
18 138
19 121
20 140
21 93
22 72
23 76
24 70
25 58
26 36
27 43
28 33
29 23
30 27
31 16
32 14
33 9
34 10
35 11
36 8
37 2
38 1
39 2
40 2
41 0
42 4
43 2
44 0
45 0
46 1
47 0
48 0
49 0
50 0
51 0
52 0
53 0
54 0
55 0
56 0
57 0
58 0
59 0
60 0
61 0
62 0
63 0
64 0
65 0
66 0
67 0
68 0
69 0
70 0
71 0
72 0
73 0
74 0
75 0
76 0
77 0
78 0
79 0
80 0
81 0
82 0
83 0
84 0
85 0
86 0
87 0
88 0
89 0
90 0
91 0
92 0
93 0
94 0
95 0
96 0
97 0
98 0
99 0
100 0
101 0
51
78784
