1
3111 2938 63.8889
0 42
1 0
2 28
3 211
4 76
5 147
6 200
7 125
8 189
9 211
10 185
11 180
12 162
13 164
14 150
15 127
16 114
17 121
18 91
19 65
20 108
21 52
22 62
23 57
24 36
25 42
26 25
27 25
28 21
29 14
30 6
31 15
32 15
33 11
34 3
35 9
36 3
37 3
38 6
39 1
40 2
41 0
42 1
43 1
44 1
45 2
46 0
47 0
48 0
49 0
50 0
51 0
52 0
53 0
54 0
55 0
56 0
57 0
58 0
59 0
60 0
61 0
62 0
63 0
64 1
65 0
66 0
67 0
68 0
69 0
70 0
71 0
72 0
73 0
74 0
75 0
76 0
77 0
78 0
79 0
80 0
81 0
82 0
83 0
84 0
85 0
86 0
87 0
88 0
89 0
90 0
91 0
92 0
93 0
94 0
95 0
96 0
97 0
98 0
99 0
100 0
101 0
46
82061
