0
0 10
1 0
2 41
3 60
4 97
5 132
6 102
7 197
8 172
9 180
10 209
11 184
12 188
13 166
14 167
15 129
16 158
17 122
18 144
19 90
20 105
21 68
22 58
23 68
24 63
25 51
26 34
27 27
28 35
29 16
30 23
31 13
32 13
33 7
34 5
35 4
36 4
37 2
38 0
39 2
40 4
41 2
42 0
43 1
44 1
45 0
46 0
47 1
48 0
49 1
50 0
51 0
52 0
53 0
54 0
55 0
56 0
57 0
58 0
59 0
60 0
61 0
62 0
63 0
64 0
65 0
66 0
67 0
68 0
69 0
70 0
71 0
72 0
73 0
74 0
75 0
76 0
77 0
78 0
79 0
80 0
81 0
82 0
83 0
84 0
85 0
86 0
87 0
88 0
89 0
90 0
91 0
92 0
93 0
94 0
95 0
96 0
97 0
98 0
99 0
100 0
101 0
54
84431
