0
0 12
1 0
2 113
3 20
4 151
5 113
6 182
7 157
8 207
9 191
10 235
11 197
12 198
13 217
14 165
15 177
16 152
17 130
18 112
19 107
20 89
21 70
22 57
23 53
24 50
25 50
26 25
27 32
28 21
29 11
30 26
31 15
32 8
33 3
34 6
35 6
36 3
37 6
38 2
39 1
40 3
41 1
42 2
43 1
44 0
45 2
46 0
47 0
48 0
49 0
50 0
51 0
52 0
53 0
54 0
55 0
56 0
57 0
58 0
59 0
60 0
61 0
62 0
63 0
64 0
65 0
66 0
67 0
68 0
69 0
70 0
71 0
72 0
73 0
74 0
75 0
76 0
77 0
78 0
79 0
80 0
81 0
82 0
83 0
84 0
85 0
86 0
87 0
88 0
89 0
90 0
91 0
92 0
93 0
94 0
95 0
96 0
97 0
98 0
99 0
100 0
101 0
60
96694
