0
0 21
1 0
2 21
3 153
4 75
5 139
6 194
7 171
8 191
9 212
10 243
11 193
12 240
13 213
14 200
15 179
16 146
17 143
18 152
19 76
20 119
21 62
22 80
23 64
24 56
25 68
26 34
27 29
28 18
29 26
30 20
31 19
32 17
33 6
34 7
35 8
36 7
37 2
38 5
39 3
40 2
41 0
42 1
43 0
44 2
45 2
46 1
47 0
48 0
49 1
50 0
51 0
52 0
53 0
54 0
55 0
56 0
57 0
58 0
59 0
60 0
61 0
62 0
63 0
64 0
65 0
66 0
67 0
68 0
69 0
70 0
71 0
72 0
73 0
74 0
75 0
76 0
77 0
78 0
79 0
80 0
81 0
82 0
83 0
84 0
85 0
86 0
87 0
88 0
89 0
90 0
91 0
92 0
93 0
94 0
95 0
96 0
97 0
98 0
99 0
100 0
101 0
64
110933
