0
0 16
1 0
2 10
3 105
4 50
5 118
6 177
7 146
8 219
9 219
10 207
11 188
12 221
13 243
14 233
15 193
16 165
17 152
18 137
19 128
20 130
21 94
22 87
23 74
24 72
25 61
26 41
27 42
28 36
29 24
30 20
31 17
32 15
33 15
34 10
35 7
36 6
37 5
38 4
39 3
40 2
41 1
42 0
43 0
44 0
45 0
46 0
47 0
48 0
49 0
50 0
51 0
52 1
53 0
54 0
55 0
56 0
57 0
58 0
59 0
60 0
61 0
62 0
63 0
64 0
65 0
66 0
67 0
68 0
69 0
70 0
71 0
72 0
73 0
74 0
75 0
76 0
77 0
78 0
79 0
80 0
81 0
82 0
83 0
84 0
85 0
86 0
87 0
88 0
89 0
90 0
91 0
92 0
93 0
94 0
95 0
96 0
97 0
98 0
99 0
100 0
101 0
53
115355
