0
0 27
1 0
2 118
3 82
4 192
5 217
6 209
7 247
8 221
9 246
10 261
11 213
12 223
13 181
14 188
15 161
16 135
17 133
18 109
19 101
20 90
21 64
22 61
23 56
24 64
25 40
26 30
27 27
28 27
29 16
30 13
31 13
32 7
33 5
34 7
35 5
36 3
37 3
38 1
39 3
40 2
41 1
42 0
43 0
44 0
45 1
46 0
47 0
48 0
49 0
50 0
51 0
52 0
53 0
54 0
55 0
56 0
57 0
58 0
59 0
60 0
61 0
62 0
63 0
64 0
65 0
66 0
67 0
68 0
69 0
70 0
71 0
72 0
73 0
74 0
75 0
76 0
77 0
78 0
79 0
80 0
81 0
82 0
83 0
84 0
85 0
86 0
87 0
88 0
89 0
90 0
91 0
92 0
93 0
94 0
95 0
96 0
97 0
98 0
99 0
100 0
101 0
58
122305
