0
0 2
1 0
2 10
3 9
4 45
5 37
6 103
7 98
8 160
9 144
10 184
11 172
12 212
13 189
14 213
15 204
16 192
17 180
18 196
19 187
20 154
21 167
22 118
23 125
24 123
25 99
26 81
27 83
28 62
29 41
30 46
31 35
32 29
33 20
34 27
35 15
36 12
37 5
38 8
39 6
40 5
41 6
42 3
43 1
44 1
45 1
46 1
47 0
48 0
49 1
50 0
51 0
52 0
53 0
54 0
55 0
56 0
57 0
58 0
59 0
60 0
61 0
62 0
63 0
64 0
65 0
66 0
67 0
68 0
69 0
70 0
71 0
72 0
73 0
74 0
75 0
76 0
77 0
78 0
79 0
80 0
81 0
82 0
83 0
84 0
85 0
86 0
87 0
88 0
89 0
90 0
91 0
92 0
93 0
94 0
95 0
96 0
97 0
98 0
99 0
100 0
101 0
61
122862
