0
0 27
1 0
2 28
3 187
4 68
5 188
6 248
7 217
8 274
9 263
10 237
11 235
12 239
13 220
14 177
15 191
16 178
17 139
18 132
19 124
20 113
21 97
22 67
23 67
24 61
25 53
26 36
27 32
28 24
29 27
30 19
31 13
32 16
33 9
34 6
35 5
36 6
37 6
38 2
39 1
40 3
41 5
42 1
43 1
44 2
45 1
46 1
47 0
48 0
49 0
50 0
51 0
52 0
53 0
54 0
55 0
56 0
57 0
58 0
59 0
60 0
61 0
62 0
63 0
64 0
65 0
66 0
67 0
68 0
69 0
70 0
71 0
72 0
73 0
74 0
75 0
76 0
77 0
78 0
79 0
80 0
81 0
82 0
83 0
84 0
85 0
86 0
87 0
88 0
89 0
90 0
91 0
92 0
93 0
94 0
95 0
96 0
97 0
98 0
99 0
100 0
101 0
68
138530
