0
0 113
1 0
2 88
3 449
4 107
5 226
6 346
7 264
8 274
9 267
10 233
11 237
12 249
13 163
14 175
15 128
16 123
17 121
18 97
19 77
20 64
21 48
22 55
23 57
24 43
25 28
26 28
27 21
28 22
29 14
30 10
31 9
32 10
33 6
34 5
35 4
36 2
37 1
38 2
39 1
40 0
41 0
42 0
43 1
44 0
45 0
46 0
47 0
48 1
49 0
50 0
51 0
52 0
53 0
54 0
55 0
56 0
57 0
58 0
59 0
60 0
61 0
62 0
63 0
64 0
65 0
66 0
67 0
68 0
69 0
70 0
71 0
72 0
73 0
74 0
75 0
76 0
77 0
78 0
79 0
80 0
81 0
82 0
83 0
84 0
85 0
86 0
87 0
88 0
89 0
90 0
91 0
92 0
93 0
94 0
95 0
96 0
97 0
98 0
99 0
100 0
101 0
58
147028
