0
0 0
1 0
2 17
3 8
4 59
5 74
6 127
7 109
8 179
9 190
10 193
11 205
12 266
13 237
14 252
15 240
16 217
17 199
18 194
19 176
20 171
21 154
22 140
23 127
24 108
25 93
26 64
27 74
28 50
29 38
30 46
31 23
32 28
33 23
34 20
35 10
36 11
37 12
38 12
39 5
40 4
41 4
42 0
43 5
44 1
45 0
46 0
47 0
48 0
49 2
50 0
51 0
52 0
53 0
54 0
55 0
56 0
57 0
58 0
59 0
60 0
61 0
62 0
63 0
64 0
65 0
66 0
67 0
68 0
69 0
70 0
71 0
72 0
73 0
74 0
75 0
76 0
77 0
78 0
79 0
80 0
81 0
82 0
83 0
84 0
85 0
86 0
87 0
88 0
89 0
90 0
91 0
92 0
93 0
94 0
95 0
96 0
97 0
98 0
99 0
100 0
101 0
75
146907
