0
0 51
1 0
2 167
3 195
4 208
5 314
6 220
7 335
8 274
9 267
10 293
11 214
12 232
13 168
14 198
15 148
16 142
17 125
18 125
19 78
20 74
21 60
22 50
23 51
24 32
25 45
26 27
27 22
28 23
29 19
30 14
31 10
32 7
33 12
34 6
35 8
36 10
37 4
38 2
39 2
40 1
41 2
42 0
43 0
44 0
45 0
46 0
47 0
48 1
49 0
50 0
51 0
52 0
53 0
54 0
55 0
56 0
57 0
58 0
59 0
60 0
61 0
62 0
63 0
64 0
65 0
66 0
67 0
68 0
69 0
70 0
71 0
72 0
73 0
74 0
75 0
76 0
77 0
78 0
79 0
80 0
81 0
82 0
83 0
84 0
85 0
86 0
87 0
88 0
89 0
90 0
91 0
92 0
93 0
94 0
95 0
96 0
97 0
98 0
99 0
100 0
101 0
77
151726
