0
0 28
1 0
2 236
3 55
4 263
5 204
6 311
7 233
8 311
9 243
10 320
11 227
12 241
13 238
14 244
15 179
16 152
17 136
18 115
19 104
20 95
21 61
22 71
23 66
24 46
25 43
26 25
27 19
28 16
29 19
30 15
31 11
32 8
33 6
34 8
35 4
36 5
37 2
38 4
39 1
40 4
41 1
42 0
43 0
44 0
45 0
46 0
47 1
48 0
49 0
50 0
51 0
52 0
53 0
54 0
55 0
56 0
57 0
58 0
59 0
60 0
61 0
62 0
63 0
64 0
65 0
66 0
67 0
68 0
69 0
70 0
71 0
72 0
73 0
74 0
75 0
76 0
77 0
78 0
79 0
80 0
81 0
82 0
83 0
84 0
85 0
86 0
87 0
88 0
89 0
90 0
91 0
92 0
93 0
94 0
95 0
96 0
97 0
98 0
99 0
100 0
101 0
73
161698
