0
0 16
1 0
2 126
3 71
4 174
5 237
6 196
7 280
8 295
9 235
10 246
11 262
12 284
13 219
14 208
15 229
16 176
17 161
18 175
19 115
20 128
21 118
22 73
23 69
24 64
25 43
26 48
27 42
28 33
29 17
30 22
31 16
32 16
33 11
34 8
35 7
36 3
37 3
38 1
39 1
40 4
41 2
42 0
43 2
44 2
45 0
46 0
47 0
48 0
49 1
50 0
51 0
52 0
53 0
54 0
55 0
56 0
57 0
58 0
59 0
60 0
61 0
62 0
63 0
64 0
65 0
66 0
67 0
68 0
69 0
70 0
71 0
72 0
73 0
74 0
75 0
76 0
77 0
78 0
79 0
80 0
81 0
82 0
83 0
84 0
85 0
86 0
87 0
88 0
89 0
90 0
91 0
92 0
93 0
94 0
95 0
96 0
97 0
98 0
99 0
100 0
101 0
81
166785
