0
0 109
1 0
2 193
3 391
4 200
5 371
6 277
7 360
8 291
9 225
10 288
11 263
12 215
13 193
14 180
15 168
16 149
17 109
18 98
19 95
20 86
21 47
22 64
23 65
24 41
25 47
26 27
27 22
28 22
29 11
30 14
31 10
32 8
33 3
34 8
35 3
36 1
37 2
38 3
39 2
40 2
41 1
42 0
43 0
44 0
45 1
46 2
47 0
48 0
49 1
50 0
51 0
52 1
53 0
54 0
55 0
56 0
57 0
58 0
59 0
60 0
61 0
62 0
63 0
64 0
65 0
66 0
67 0
68 0
69 0
70 0
71 0
72 0
73 0
74 0
75 0
76 0
77 0
78 0
79 0
80 0
81 0
82 0
83 0
84 0
85 0
86 0
87 0
88 0
89 0
90 0
91 0
92 0
93 0
94 0
95 0
96 0
97 0
98 0
99 0
100 0
101 0
63
184817
