0
0 0
1 0
2 3
3 2
4 7
5 8
6 10
7 13
8 16
9 27
10 22
11 25
12 28
13 31
14 38
15 28
16 22
17 24
18 29
19 19
20 20
21 22
22 20
23 18
24 10
25 12
26 8
27 11
28 11
29 4
30 8
31 1
32 3
33 4
34 3
35 3
36 0
37 2
38 1
39 1
40 3
41 2
42 2
43 1
44 0
45 0
46 0
47 0
48 0
49 0
50 0
51 0
52 0
53 0
54 0
55 0
56 0
57 0
58 0
59 0
60 0
61 0
62 0
63 0
64 0
65 0
66 0
67 0
68 0
69 0
70 0
71 0
72 0
73 0
74 0
75 0
76 0
77 0
78 0
79 0
80 0
81 0
82 0
83 0
84 0
85 0
86 0
87 0
88 0
89 0
90 0
91 0
92 0
93 0
94 0
95 0
96 0
97 0
98 0
99 0
100 0
101 0
9
2209
