0
0 9
1 0
2 10
3 54
4 17
5 40
6 40
7 32
8 44
9 46
10 38
11 37
12 39
13 31
14 41
15 32
16 26
17 15
18 24
19 17
20 11
21 18
22 11
23 4
24 4
25 10
26 5
27 2
28 2
29 6
30 2
31 4
32 2
33 2
34 0
35 2
36 1
37 0
38 0
39 1
40 0
41 0
42 1
43 1
44 0
45 0
46 0
47 0
48 0
49 0
50 0
51 0
52 0
53 0
54 0
55 0
56 0
57 0
58 0
59 0
60 0
61 0
62 0
63 0
64 0
65 0
66 0
67 0
68 0
69 0
70 0
71 0
72 0
73 0
74 0
75 0
76 0
77 0
78 0
79 0
80 0
81 0
82 0
83 0
84 0
85 0
86 0
87 0
88 0
89 0
90 0
91 0
92 0
93 0
94 0
95 0
96 0
97 0
98 0
99 0
100 0
101 0
10
3970
