0
0 2
1 0
2 13
3 14
4 25
5 28
6 18
7 54
8 43
9 44
10 37
11 41
12 47
13 41
14 40
15 20
16 35
17 29
18 35
19 31
20 26
21 15
22 20
23 9
24 11
25 11
26 9
27 7
28 6
29 6
30 4
31 3
32 1
33 2
34 4
35 2
36 4
37 2
38 2
39 1
40 1
41 1
42 0
43 1
44 0
45 0
46 0
47 1
48 0
49 0
50 0
51 0
52 0
53 0
54 0
55 0
56 0
57 0
58 0
59 0
60 0
61 0
62 0
63 0
64 0
65 0
66 0
67 0
68 0
69 0
70 0
71 0
72 0
73 0
74 0
75 0
76 0
77 0
78 0
79 0
80 0
81 0
82 0
83 0
84 0
85 0
86 0
87 0
88 0
89 0
90 0
91 0
92 0
93 0
94 0
95 0
96 0
97 0
98 0
99 0
100 0
101 0
11
4742
