0
0 4
1 0
2 6
3 15
4 19
5 25
6 23
7 44
8 50
9 45
10 51
11 42
12 52
13 49
14 42
15 38
16 48
17 32
18 22
19 16
20 21
21 13
22 12
23 15
24 7
25 4
26 11
27 9
28 6
29 2
30 4
31 5
32 1
33 0
34 1
35 3
36 0
37 1
38 0
39 1
40 0
41 0
42 0
43 0
44 1
45 0
46 0
47 0
48 0
49 0
50 0
51 0
52 0
53 0
54 0
55 1
56 0
57 0
58 0
59 0
60 0
61 0
62 0
63 0
64 0
65 0
66 0
67 0
68 0
69 0
70 0
71 0
72 0
73 0
74 0
75 0
76 0
77 0
78 0
79 0
80 0
81 0
82 0
83 0
84 0
85 0
86 0
87 0
88 0
89 0
90 0
91 0
92 0
93 0
94 0
95 0
96 0
97 0
98 0
99 0
100 0
101 0
12
4684
