0
0 23
1 0
2 15
3 76
4 26
5 73
6 81
7 67
8 62
9 50
10 50
11 51
12 39
13 38
14 31
15 32
16 16
17 23
18 17
19 15
20 11
21 10
22 12
23 13
24 3
25 2
26 4
27 3
28 4
29 7
30 4
31 1
32 1
33 0
34 1
35 0
36 2
37 2
38 1
39 0
40 0
41 0
42 0
43 0
44 0
45 0
46 0
47 1
48 0
49 0
50 0
51 0
52 0
53 0
54 0
55 0
56 0
57 0
58 0
59 0
60 0
61 0
62 0
63 0
64 0
65 0
66 0
67 0
68 0
69 0
70 0
71 0
72 0
73 0
74 0
75 0
76 0
77 0
78 0
79 0
80 0
81 0
82 0
83 0
84 0
85 0
86 0
87 0
88 0
89 0
90 0
91 0
92 0
93 0
94 0
95 0
96 0
97 0
98 0
99 0
100 0
101 0
16
6403
