0
0 8
1 0
2 15
3 42
4 35
5 56
6 38
7 64
8 61
9 48
10 59
11 48
12 59
13 44
14 41
15 39
16 44
17 29
18 29
19 28
20 28
21 25
22 18
23 7
24 17
25 11
26 9
27 4
28 6
29 7
30 8
31 2
32 4
33 4
34 2
35 3
36 1
37 1
38 1
39 0
40 2
41 0
42 0
43 1
44 0
45 0
46 0
47 0
48 0
49 0
50 0
51 0
52 0
53 0
54 0
55 0
56 0
57 0
58 0
59 0
60 0
61 0
62 0
63 0
64 0
65 0
66 0
67 0
68 0
69 0
70 0
71 0
72 0
73 0
74 0
75 0
76 0
77 0
78 0
79 0
80 0
81 0
82 0
83 0
84 0
85 0
86 0
87 0
88 0
89 0
90 0
91 0
92 0
93 0
94 0
95 0
96 0
97 0
98 0
99 0
100 0
101 0
19
7794
